(0.1, -0.9, -0.5)00395792
(0.1, -0.9, -0.5)00395844
(0.4, -0.6, -0.7)00395895
(0.5, -0.5, -0.7)00395945
(0.1, -0.6, -0.8)00395996
(-0.5, -0.6, -0.6)00400046
(-0.5, -0.6, -0.6)00400097
(-0.5, -0.6, -0.6)00400148
(-0.5, -0.6, -0.6)00400199
(-0.5, -0.6, -0.6)00400249
(-0.5, -0.6, -0.6)00400300
(-0.5, -0.6, -0.6)00400352
(-0.5, -0.6, -0.6)00400403
(-0.5, -0.6, -0.6)00400453
(-0.5, -0.6, -0.6)00400507
(-0.6, -0.6, -0.5)00400556
(-0.3, -0.8, -0.4)00400607
(-0.3, -0.8, -0.4)00400657
(-0.3, -0.8, -0.4)00400708
(-0.4, -0.8, -0.5)00400759
(-0.4, -0.8, -0.5)00400809
(-0.4, -0.8, -0.5)00400860
(-0.6, -0.5, -0.6)00400911
(-0.6, -0.5, -0.6)00400961
(-0.6, -0.5, -0.6)00401015
(-0.5, -0.7, -0.5)00401065
(-0.5, -0.7, -0.5)00401116
(-0.5, -0.7, -0.5)00401167
(-0.5, -0.7, -0.5)00401217
(-0.5, -0.7, -0.5)00401267
(-0.5, -0.7, -0.5)00401318
(-0.5, -0.7, -0.5)00401368
(-0.3, -0.9, -0.3)00401420
(0.0, -1.0, 0.0)00401470
(0.0, -1.0, 0.0)00401520
(0.0, -1.0, 0.0)00401570
(0.0, -1.0, 0.0)00401620
(