(-0.9, 0.1, -0.4)00405832
(-0.9, 0.1, -0.4)00405883
(-0.9, 0.1, -0.4)00405935
(-0.9, 0.1, -0.4)00405986
(-0.9, 0.1, -0.4)00410036
(-0.9, 0.1, -0.4)00410087
(-0.9, 0.1, -0.4)00410139
(-1.0, 0.0, -0.3)00410189
(-0.8, -0.3, 0.5)00410239
(-0.8, -0.3, 0.5)00410291
(-0.8, -0.3, 0.5)00410341
(-0.8, -0.3, 0.5)00410392
(-0.8, -0.3, 0.5)00410443
(-0.8, -0.3, 0.5)00410495
(-0.8, -0.3, 0.5)00410546
(-0.8, -0.3, 0.5)00410598
(-0.8, -0.3, 0.5)00410649
(-0.8, -0.3, 0.5)00410700
(-0.8, -0.3, 0.5)00410752
(-0.8, -0.3, 0.5)00410803
(-0.8, -0.3, 0.5)00410853
(-0.8, -0.3, 0.5)00410905
(-0.8, -0.3, 0.5)00410956
(-0.8, -0.3, 0.5)00411007
(-0.8, -0.3, 0.5)00411060
(-0.8, -0.3, 0.5)00411112
(-0.8, -0.3, 0.5)00411163
(-0.8, -0.3, 0.5)00411215
(-0.8, -0.3, 0.5)00411265
(-0.8, -0.3, 0.5)00411316
(-0.8, -0.3, 0.5)00411366
(-0.8, -0.3, 0.5)00411418
(-0.8, -0.3, 0.5)00411470
(-0.8, -0.3, 0.5)00411521
(-0.8, -0.3, 0.5)00411573
(-0.8, -0.3, 0.5)00411625
(-0.8, -0.3, 0.5)00411675
(-0.8, -0.3, 0.5)00411727
(-0.8, -0.3, 0.5)00411779
(-0.8, -0.3, 0.5)00411831
(-0.8, -0.3, 0.5)00411881
(-0.8, -0.3, 0.5)00411932
(-0.8, -0.3, 0.5)00411983
(-0.8, -0.3, 0.5)00412034
(-0.8, -0.3, 0.5)00412086
(-0.8, -0.3, 0.5)00412137
(-0.8, -0.3, 0.5)00412188
(-0.8, -0.3, 0.5)00412238
(-0.8, -0.3, 0.5)00412290
(-0.8, -0.3, 0.5)00412340
(-0.8, -0.3, 0.5)00412395
(-0.8, -0.3, 0.5)00412446
(-0.8, -0.3, 0.5)00412497
(-0.8, -0.3, 0.5)00412550
(-0.8, -0.3, 0.5)00412600
(-0.8, -0.3, 0.5)00412650
(-0.8, -0.3, 0.5)00412705
(-0.8, -0.3, 0.5)00412755
(-0.8, -0.3, 0.5)00412806
(-0.8, -0.3, 0.5)00412857
(-0.8, -0.3, 0.5)00412908
(-0.8, -0.3, 0.5)00412959
(-0.8, -0.3, 0.5)00413010
(-0.8, -0.3, 0.5)00413061
(-0.8, -0.3, 0.5)00413112
(-0.8, -0.3, 0.5)00413165
(-0.8, -0.3, 0.5)00413216
(-0.8, -0.3, 0.5)00413266
(-0.8, -0.3, 0.5)00413316
(-0.8, -0.3, 0.5)00413370
(-0.8, -0.3, 0.5)00413420
(-0.8, -0.3, 0.5)00413472
(-0.8, -0.3, 0.5)00413524
(-0.8, -0.3, 0.5)00413575
(-0.8, -0.3, 0.5)00413625
(-0.8, -0.3, 0.5)00413675
(-0.8, -0.3, 0.5)00413727
(-0.8, -0.3, 0.5)00413778
(-0.8, -0.3, 0.5)00413828
(-0.8, -0.3, 0.5)00413879
(-0.8, -0.3, 0.5)00413930
(-0.8, -0.3, 0.5)00413980
(-0.8, -0.3, 0.5)00414032
(-0.8, -0.3, 0.5)00414082
(-0.8, -0.3, 0.5)00414133
(-0.8, -0.3, 0.5)00414185
(-0.8, -0.3, 0.5)00414236
(-0.8, -0.3, 0.5)00414287
(-0.8, -0.3, 0.5)00414339
(-0.8, -0.3, 0.5)00414390
(-0.8, -0.3, 0.5)00414440
(-0.8, -0.3, 0.5)00414492
(-0.8, -0.3, 0.5)00414543
(-0.8, -0.3, 0.5)00414593
(-0.8, -0.3, 0.5)00414645
(-0.8, -0.3, 0.5)00414699
(-0.8, -0.3, 0.5)00414749
(-0.8, -0.3, 0.5)00414800
(-0.8, -0.3, 0.5)00414851
(-0.8, -0.3, 0.5)00414902
(-0.8, -0.3, 0.5)00414952
(-0.8, -0.3, 0.5)00415002
(-0.8, -0.3, 0.5)00415054
(-0.8, -0.3, 0.5)00415107
(-0.8, -0.3, 0.5)00415158
(-0.8, -0.3, 0.5)00415209
(-0.8, -0.3, 0.5)00415260
(-0.8, -0.3, 0.5)00415310
(-0.8, -0.3, 0.5)00415362
(-0.8, -0.3, 0.5)00415412
(-0.8, -0.3, 0.5)00415462
(-0.8, -0.3, 0.5)00415515
(-0.8, -0.3, 0.5)00415565
(-0.8, -0.3, 0.5)00415615
(-0.8, -0.3, 0.5)00415666
(-0.8, -0.3, 0.5)00415717
(-0.8, -0.3, 0.5)00415767
(-0.8, -0.3, 0.5)00415818
(-0.8, -0.3, 0.5)00415868
(-0.8, -0.3, 0.5)00415920
(-0.8, -0.3, 0.5)00415971
(-0.8, -0.3, 0.5)00420022
(-0.8, -0.3, 0.5)00420074
(-0.8, -0.3, 0.5)00420125
(-0.8, -0.3, 0.5)00420179
(-0.8, -0.3, 0.5)00420231
(-0.8, -0.3, 0.5)00420281
(-0.8, -0.3, 0.5)00420334
(-0.8, -0.3, 0.5)00420384
(-0.8, -0.3, 0.5)00420435
(-0.8, -0.3, 0.5)00420486
(-0.8, -0.3, 0.5)00420537
(-0.8, -0.3, 0.5)00420588
(-0.8, -0.3, 0.5)00420639
(-0.8, -0.3, 0.5)00420689
(-0.8, -0.3, 0.5)00420740
(-0.8, -0.3, 0.5)00420790
(-0.8, -0.3, 0.5)00420842
(-0.8, -0.3, 0.5)00420893
(-0.8, -0.3, 0.5)00420943
(-0.8, -0.3, 0.5)00420996
(-0.8, -0.3, 0.5)00421046
(-0.8, -0.3, 0.5)00421096
(-0.8, -0.3, 0.5)00421147
(-0.8, -0.3, 0.5)00421198
(-0.8, -0.3, 0.5)00421248
(-0.8, -0.3, 0.5)00421299
(-0.8, -0.3, 0.5)00421350
(-0.8, -0.3, 0.5)00421401
(-0.8, -0.3, 0.5)00421452
(-0.8, -0.3, 0.5)00421504
(-0.8, -0.3, 0.5)00421554
(-0.8, -0.3, 0.5)00421605
(-0.8, -0.3, 0.5)00421656
(-0.8, -0.3, 0.5)00421706
(-0.8, -0.3, 0.5)00421757
(-0.8, -0.3, 0.5)00421810
(-0.8, -0.3, 0.5)00421859
(-0.8, -0.3, 0.5)00421910
(-0.8, -0.3, 0.5)00421961
(-0.8, -0.3, 0.5)00422012
(-0.8, -0.3, 0.5)00422063
(-0.8, -0.3, 0.5)00422114
(-0.8, -0.3, 0.5)00422168
(-0.8, -0.3, 0.5)00422218
(-0.8, -0.3, 0.5)00422269
(-0.8, -0.3, 0.5)00422325
(-0.8, -0.3, 0.5)00422374
(-0.8, -0.3, 0.5)00422424
(-0.8, -0.3, 0.5)00422478
(-0.8, -0.3, 0.5)00422527
(-0.8, -0.3, 0.5)00422577
(-0.8, -0.3, 0.5)00422629
(-0.8, -0.3, 0.5)00422681
(-0.8, -0.3, 0.5)00422732
(-0.8, -0.3, 0.5)00422783
(-0.8, -0.3, 0.5)00422834
(-0.8, -0.3, 0.5)00422885
(-0.8, -0.3, 0.5)00422938
(-0.8, -0.3, 0.5)00422990
(-0.8, -0.3, 0.5)00423039
(-0.8, -0.3, 0.5)00423091
(-0.8, -0.3, 0.5)00423144
(-0.8, -0.3, 0.5)00423193
(-0.8, -0.3, 0.5)00423246
(-0.8, -0.3, 0.5)00423298
(-0.8, -0.3, 0.5)00423351
(-0.8, -0.3, 0.5)00423402
(-0.8, -0.3, 0.5)00423452
(-0.8, -0.3, 0.5)