(-0.9, 0.0, -0.3)00432114
(-0.9, 0.0, -0.3)00432164
(-0.9, 0.0, -0.3)00432215
(-0.9, 0.0, -0.3)00432265
(-0.9, 0.0, -0.3)00432316
(-0.9, 0.0, -0.3)00432367
(-0.9, 0.0, -0.3)00432418
(-0.9, 0.0, -0.3)00432468
(-0.9, 0.0, -0.3)00432519
(-0.9, 0.0, -0.3)00432570
(-0.9, 0.0, -0.3)00432620
(-0.9, 0.0, -0.3)00432674
(-0.9, 0.0, -0.3)00432723
(-0.9, 0.0, -0.3)00432774
(-0.9, 0.0, -0.3)00432825
(-0.9, 0.0, -0.3)00432875
(-0.9, 0.0, -0.3)00432926
(-0.9, 0.0, -0.3)00432979
(-0.9, 0.0, -0.3)00433030
(-0.9, 0.0, -0.3)00433080
(-0.9, 0.0, -0.3)00433132
(-0.9, 0.0, -0.3)00433183
(-0.9, 0.0, -0.3)00433234
(-0.9, 0.0, -0.3)00433285
(-0.9, 0.0, -0.3)00433338
(-0.9, 0.0, -0.3)00433389
(-0.9, 0.0, -0.3)00433440
(-0.9, 0.0, -0.3)00433490
(-0.9, 0.0, -0.3)00433541
(-0.9, 0.0, -0.3)00433592
(-0.9, 0.0, -0.3)00433643
(-0.9, 0.0, -0.3)00433694
(-0.9, 0.0, -0.3)00433745
(-0.9, 0.0, -0.3)00433796
(-0.9, 0.0, -0.3)00433847
(-0.9, 0.0, -0.3)00433897
(-0.9, 0.0, -0.3)00433947
(-0.9, 0.0, -0.3)00434000
(-0.9, 0.0, -0.3)00434051
(-0.9, 0.0, -0.3)00434102
(-0.9, 0.0, -0.3)00434153
(-0.9, 0.0, -0.3)00434205
(-0.9, 0.0, -0.3)00434255
(-0.9, 0.0, -0.3)00434306
(-0.9, 0.0, -0.3)00434356
(-0.9, 0.0, -0.3)00434407
(-0.9, 0.0, -0.3)00434459
(-0.5, 0.0, 0.8)00434510
(-0.9, 0.1, 0.5)00434560
(-1.0, 0.2, 0.1)00434611
(-0.5, 0.1, 0.8)00434665
(-0.6, 0.0, 0.8)00434715
(-0.6, 0.0, 0.8)00434765
(-0.6, 0.1, 0.8)00434816
(-0.6, 0.1, 0.8)00434867
(-0.6, 0.1, 0.8)00434918
(-0.6, 0.1, 0.8)00434969
(-0.6, 0.1, 0.8)00435020
(-0.6, 0.1, 0.8)00435070
(-0.6, 0.1, 0.8)00435121
(-0.6, 0.1, 0.8)00435174
(-0.6, 0.1, 0.8)00435224
(-0.6, 0.1, 0.8)00435277
(-0.6, 0.1, 0.8)00435330
(-0.6, 0.1, 0.8)00435380
(-0.6, 0.1, 0.8)00435433
(-0.6, -0.5, 0.6)00435486
(-0.6, -0.5, 0.6)00435536
(-0.6, -0.3, 0.7)00435587
(-0.6, -0.3, 0.7)00435637
(-0.4, -0.8, 0.4)00435688
(-0.4, -0.8, 0.3)00435738
(-0.4, -0.8, 0.3)00435788
(-0.4, -0.8, 0.3)00435841
(-0.4, -0.8, 0.3)00435891
(-0.4, -0.8, 0.3)00435942
(-0.4, -0.8, 0.3)00435995
(-0.4, -0.8, 0.3)00440045
(-0.4, -0.8, 0.3)00440096
(-0.4, -0.8, 0.3)00440149
(-0.4, -0.8, 0.3)00440198
(-0.4, -0.8, 0.3)00440249
(-0.4, -0.8, 0.3)00440299
(-0.4, -0.8, 0.3)00440351
(-0.4, -0.8, 0.3)00440401
(-0.4, -0.8, 0.3)00440451
(-0.4, -0.8, 0.3)00440502
(-0.4, -0.8, 0.3)00440553
(-0.4, -0.8, 0.3)00440603
(-0.4, -0.8, 0.3)00440654
(-0.4, -0.8, 0.3)00440703
(-0.4, -0.8, 0.3)00440754
(-0.4, -0.8, 0.3)00440809
(-0.4, -0.8, 0.3)00440858
(-0.4, -0.8, 0.3)00440909
(-0.4, -0.8, 0.3)00440959
(-0.4, -0.8, 0.3)00441010
(-0.4, -0.8, 0.3)00441061
(-0.4, -0.8, 0.3)00441112
(-0.4, -0.8, 0.3)00441163
(-0.4, -0.8, 0.3)00441213
(-0.4, -0.8, 0.3)00441263
(-0.4, -0.8, 0.3)00441315
(-0.4, -0.8, 0.3)00441364
(-0.4, -0.8, 0.3)00441414
(-0.4, -0.8, 0.3)00441467
(-0.4, -0.8, 0.3)00441517
(-0.4, -0.8, 0.3)00441567
(-0.4, -0.8, 0.3)00441617
(-0.4, -0.8, 0.3)00441668
(-0.4, -0.8, 0.3)00441719
(-0.4, -0.8, 0.3)00441771
(-0.4, -0.8, 0.3)00441821
(-0.4, -0.8, 0.3)00441871
(-0.4, -0.8, 0.3)00441922
(-0.4, -0.8, 0.3)00441977
(-0.4, -0.8, 0.3)00442026
(-0.4, -0.8, 0.3)00442077
(-0.4, -0.8, 0.3)00442128
(-0.4, -0.8, 0.3)00442178
(-0.4, -0.8, 0.3)00442229
(-0.4, -0.8, 0.3)00442282
(-0.4, -0.8, 0.3)00442332
(-0.4, -0.8, 0.3)00442382
(-0.4, -0.8, 0.3)00442433
(-0.4, -0.8, 0.3)00442484
(-0.4, -0.8, 0.3)00442535
(-0.4, -0.8, 0.3)00442586
(-0.4, -0.8, 0.3)00442637
(-0.4, -0.8, 0.3)00442688
(-0.4, -0.8, 0.3)00442739
(-0.4, -0.8, 0.3)00442790
(-0.4, -0.8, 0.3)00442839
(-0.4, -0.8, 0.3)00442890
(-0.4, -0.8, 0.3)00442942
(-0.4, -0.8, 0.3)00442992
(-0.4, -0.8, 0.3)00443042
(-0.4, -0.8, 0.3)00443095
(-0.4, -0.8, 0.3)00443146
(-0.4, -0.8, 0.3)00443197
(-0.4, -0.8, 0.3)00443247
(-0.4, -0.8, 0.3)00443302
(-0.4, -0.8, 0.3)00443352
(-0.4, -0.8, 0.3)00443402
(-0.4, -0.8, 0.3)00443455
(-0.4, -0.8, 0.3)00443505
(-0.4, -0.8, 0.3)00443556
(-0.4, -0.8, 0.3)00443606
(-0.4, -0.8, 0.3)00443657
(-0.4, -0.8, 0.3)00443708
(-0.4, -0.8, 0.3)00443758
(-0.4, -0.8, 0.3)00443808
(-0.4, -0.8