(-0.9, 0.0, -0.3)00450568
(-0.9, 0.0, -0.3)00450621
(-0.9, 0.0, -0.3)00450671
(-0.9, 0.0, -0.3)00450722
(-0.9, 0.0, -0.3)00450774
(-0.9, 0.0, -0.3)00450824
(-0.9, 0.0, -0.3)00450875
(-0.9, 0.0, -0.3)00450925
(-0.9, 0.0, -0.3)00450976
(-0.9, 0.0, -0.3)00451027
(-0.9, 0.0, -0.3)00451078
(-0.9, 0.0, -0.3)00451133
(-0.9, 0.0, -0.3)00451183
(-0.9, 0.0, -0.3)00451236
(-0.9, 0.0, -0.3)00451286
(-0.9, 0.0, -0.3)00451338
(-0.9, 0.0, -0.3)00451388
(-0.9, 0.0, -0.3)00451439
(-0.9, 0.0, -0.3)00451490
(-0.9, 0.0, -0.3)00451543
(-0.9, 0.0, -0.3)00451593
(-0.9, 0.0, -0.3)00451646
(-0.9, 0.0, -0.3)00451695
(-0.9, 0.0, -0.3)00451746
(-0.9, 0.0, -0.3)00451798
(-0.9, 0.0, -0.3)00451848
(-0.9, 0.0, -0.3)00451901
(-0.9, 0.0, -0.3)00451953
(-0.9, 0.0, -0.3)00452005
(-0.9, 0.0, -0.3)00452055
(-0.9, 0.0, -0.3)00452107
(-0.9, 0.0, -0.3)00452159
(-0.9, 0.0, -0.3)00452209
(-0.9, 0.0, -0.3)00452259
(-0.9, 0.0, -0.3)00452310
(-0.9, 0.0, -0.3)00452360
(-0.9, 0.0, -0.3)00452411
(-0.9, 0.0, -0.3)00452462
(-0.9, 0.0, -0.3)00452513
(-0.9, 0.0, -0.3)00452563
(-0.9, 0.0, -0.3)00452614
(-0.9, 0.0, -0.3)00452665
(-0.9, 0.0, -0.3)00452715
(-0.9, 0.0, -0.3)00452765
(-0.9, 0.0, -0.3)00452818
(-0.9, 0.0, -0.3)00452868
(-0.9, 0.0, -0.3)00452919
(-0.9, 0.0, -0.3)00452970
(-0.9, 0.0, -0.3)00453020
(-0.9, 0.0, -0.3)00453070
(-0.9, 0.0, -0.3)00453120
(-0.9, 0.0, -0.3)00453173
(-0.9, 0.0, -0.3)00453224
(-0.9, 0.0, -0.3)00453275
(-0.9, 0.0, -0.3)00453327
(-0.9, 0.0, -0.3)00453377
(-0.9, 0.0, -0.3)00453427
(-0.9, 0.0, -0.3)00453480
(-0.9, 0.0, -0.3)00453533
(-0.9, 0.0, -0.3)00453583
(-0.9, 0.0, -0.3)00453634
(-0.9, 0.0, -0.3)00453684
(-0.9, 0.0, -0.3)00453737
(-0.9, 0.0, -0.3)00453788
(-0.9, 0.0, -0.3)00453839
(-0.9, 0.0, -0.3)00453890
(-0.9, 0.0, -0.3)00453941
(-0.9, 0.0, -0.3)00453997
(-0.9, 0.0, -0.3)00454047
(-0.9, 0.0, -0.3)00454098
(-0.9, 0.0, -0.3)00454149
(-0.9, 0.0, -0.3)00454199
(-0.9, 0.0, -0.3)00454250
(-0.9, 0.0, -0.3)00454301
(-0.9, 0.0, -0.3)00454352
(-0.9, 0.0, -0.3)00454404
(-0.9, 0.0, -0.3)00454455
(-0.9, 0.0, -0.3)00454512
(-0.9, 0.0, -0.3)00454562
(-0.9, 0.0, -0.3)00454613
(-0.9, 0.0, -0.3)00454664
(-0.9, 0.0, -0.3)00454716
(-0.9, 0.0, -0.3)00454767
(-0.9, 0.0, -0.3)00454818
(-0.9, 0.0, -0.3)00454870
(-0.9, 0.0, -0.3)00454922
(-0.9, 0.0, -0.3)00454973
(-0.9, 0.0, -0.3)00455024
(-0.9, 0.0, -0.3)00455075
(-0.9, 0.0, -0.3)00455128
(-0.9, 0.0, -0.3)00455178
(-0.9, 0.0, -0.3)00455230
(-0.9, 0.0, -0.3)00455282
(-0.9, 0.0, -0.3)00455333
(-0.9, 0.0, -0.3)00455386
(-0.9, 0.0, -0.3)00455436
(-0.9, 0.0, -0.3)00455487
(-0.9, 0.0, -0.3)00455541
(-0.9, 0.0, -0.3)00455591
(-0.9, 0.0, -0.3)00455643
(-0.9, 0.0, -0.3)00455694
(-0.9, 0.0, -0.3)00455746
(-0.9, 0.0, -0.3)00455796
(-0.9, 0.0, -0.3)00455846
(-0.9, 0.0, -0.3)00455899
(-0.9, 0.0, -0.3)00455950
(-0.9, 0.0, -0.3)00460000
(-0.9, 0.0, -0.3)00460054
(-0.9, 0.0, -0.3)00460104
(-0.9, 0.0, -0.3)00460155
(-0.9, 0.0, -0.3)00460206
(-0.9, 0.0, -0.3)00460256
(-0.9, 0.0, -0.3)00460307
(-0.9, 0.0, -0.3)0046