(-0.9, 0.0, -0.3)00463276
(-0.9, 0.0, -0.3)00463328
(-0.9, 0.0, -0.3)00463378
(-0.9, 0.0, -0.3)00463429
(-0.9, 0.0, -0.3)00463479
(-0.9, 0.0, -0.3)00463532
(-0.9, 0.0, -0.3)00463583
(-0.9, 0.0, -0.3)00463634
(-0.9, 0.0, -0.3)00463686
(-0.9, 0.0, -0.3)00463738
(-0.9, 0.0, -0.3)00463788
(-0.9, 0.0, -0.3)00463840
(-0.9, 0.0, -0.3)00463891
(-0.9, 0.0, -0.3)00463942
(-0.9, 0.0, -0.3)00463993
(-0.9, 0.0, -0.3)00464047
(-0.9, 0.0, -0.3)00464098
(-0.9, 0.0, -0.3)00464149
(-0.9, 0.0, -0.3)00464200
(-0.9, 0.0, -0.3)00464251
(-0.9, 0.0, -0.3)00464304
(-0.9, 0.0, -0.3)00464360
(-0.9, 0.0, -0.3)00464409
(-0.9, 0.0, -0.3)00464461
(-0.9, 0.0, -0.3)00464512
(-0.9, 0.0, -0.3)00464562
(-0.9, 0.0, -0.3)00464612
(-0.9, 0.0, -0.3)00464662
(-0.9, 0.0, -0.3)00464715
(-0.9, 0.0, -0.3)00464764
(-0.9, 0.0, -0.3)00464815
(-0.9, 0.0, -0.3)00464866
(-0.9, 0.0, -0.3)00464918
(-0.9, 0.0, -0.3)00464969
(-0.9, 0.0, -0.3)00465020
(-0.9, 0.0, -0.3)00465072
(-0.9, 0.0, -0.3)00465123
(-0.9, 0.0, -0.3)00465174
(-0.9, 0.0, -0.3)00465225
(-0.9, 0.0, -0.3)00465276
(-0.9, 0.0, -0.3)00465326
(-0.9, 0.0, -0.3)00465379
(-0.9, 0.0, -0.3)00465430
(-0.9, 0.0, -0.3)00465480
(-0.9, 0.0, -0.3)00465531
(-0.9, 0.0, -0.3)00465583
(-0.9, 0.0, -0.3)00465635
(-0.9, 0.0, -0.3)00465686
(-0.9, 0.0, -0.3)00465742
(-0.9, 0.0, -0.3)00465792
(-0.9, 0.0, -0.3)00465844
(-0.9, 0.0, -0.3)00465896
(-0.9, 0.0, -0.3)00465949
(-0.9, 0.0, -0.3)00465999
(-0.9, 0.0, -0.3)00470050
(-0.9, 0.0, -0.3)00470103
(-0.9, 0.0, -0.3)00470153
(-0.9, 0.0, -0.3)00470204
(-0.9, 0.0, -0.3)00470255
(-0.9, 0.0, -0.3)00470305
(-0.9, 0.0, -0.3)00470356
(-0.9, 0.0, -0.3)00470406
(-0.9, 0.0, -0.3)00470458
(-0.9, 0.0, -0.3)00470508
(-0.9, 0.0, -0.3)00470559
(-0.9, 0.0, -0.3)00470613
(-0.9, 0.0, -0.3)00470663
(-0.9, 0.0, -0.3)00470713
(-0.9, 0.0, -0.3)00470767
(-0.9, 0.0, -0.3)00470818
(-0.9, 0.0, -0.3)00470869
(-0.9, 0.0, -0.3)00470919
(-0.9, 0.0, -0.3)00470970
(-0.9, 0.0, -0.3)00471021
(-0.9, 0.0, -0.3)00471071
(-0.9, 0.0, -0.3)004711