(-0.8, -0.3, -0.5)00485464
(-0.8, -0.2, -0.6)00485514
(-0.8, 0.1, -0.6)00485564
(-0.8, 0.1, -0.6)00485615
(-0.8, 0.1, -0.6)00485666
(-0.8, 0.1, -0.6)00485718
(-0.8, 0.1, -0.6)00485768
(-0.8, 0.1, -0.6)00485819
(-0.8, 0.1, -0.6)00485870
(-0.8, 0.1, -0.6)00485920
(-0.8, 0.1, -0.6)00485971
(-0.8, 0.1, -0.6)00490025
(-0.8, 0.1, -0.6)00490076
(-0.8, 0.1, -0.6)00490127
(-0.8, 0.1, -0.6)00490178
(-0.8, 0.1, -0.6)00490228
(-0.8, 0.1, -0.6)00490279
(-0.8, 0.1, -0.6)00490329
(-0.8, 0.1, -0.6)00490381
(-0.8, 0.1, -0.6)00490431
(-0.8, 0.1, -0.6)00490482
(-0.8, 0.1, -0.6)00490537
(-0.8, 0.1, -0.6)00490587
(-0.8, 0.1, -0.6)00490638
(-0.7, -0.1, -0.7)00490691
(-0.7, 0.0, -0.7)00490740
(-0.7, 0.0, -0.7)00490793
(-0.6, -0.1, -0.7)00490844
(-0.7, -0.3, -0.7)00490895
(-0.7, -0.3, -0.7)00490946
(-0.7, -0.3, -0.7)00490998
(-0.7, -0.3, -0.7)00491048
(-0.7, -0.3, -0.7)00491100
(-0.7, -0.3, -0.7)00491150
(-0.7, -0.3, -0.7)00491201
(-0.7, -0.3, -0.7)00491251
(-0.7, -0.3, -0.7)00491305
(-0.7, -0.3, -0.7)00491358
(-0.7, -0.3, -0.7)00491409
(-0.7, -0.3, -0.7)00491461
(-0.7, -0.3, -0.7)00491511
(-0.7, -0.3, -0.7)00491562
(-0.7, -0.3, -0.7)00491612
(-0.7, -0.3, -0.7)00491663
(-0.7, -0.3, -0.7)00491714
(-0.7, -0.3, -0.7)00491764
(-0.7, -0.3, -0.7)00491815
(-0.7, -0.3, -0.7)00491867
(-0.7, -0.3, -0.7)00491917
(-0.7, -0.3, -0.7)00491969
(-0.7, -0.3, -0.7)00492021
(-0.7, -0.3, -0.7)00492070
(-0.7, -0.3, -0.7)00492121
(-0.7, -0.3, -0.7)00492174
(-0.7, -0.3, -0.7)00492225
(-0.7, -0.3, -0.7)00492275
(-0.7, -0.3, -0.7)00492325
(-0.7, -0.3, -0.7)00492377
(-0.7, -0.3, -0.7)00492427
(-0.7, -0.3, -0.7)00492478
(-0.7, -0.3, -0.7)00492532
(-0.7, -0.3, -0.7)00492583
(-0.7, -0.3, -0.7)00492633
(-0.6, -0.4, -0.6)00492686
(-0.6, -0.6, -0.5)00492736
(-0.7, -0.6, -0.4)00492787
(-0.9, -0.5, 0.1)00492842
(-0.9, -0.5, 0.1)00492893
(-0.9, -0.4, 0.3)00492944
(-0.9, -0.4, 0.3)00492994
(-0.9, -0.4, 0.3)00493047
(-0.9, -0.4, 0.3)00493097
(-0.9, -0.4, 0.3)00493148
(-0.9, -0.4, 0.3)00493199
(-0.9, -