(-1.0, -0.1, -0.3)00525516
(-1.0, -0.1, -0.3)00525566
(-0.9, -0.1, -0.4)00525616
(-0.7, 0.0, -0.7)00525667
(-1.0, -0.1, -0.2)00525717
(-0.9, -0.1, 0.3)00525768
(-0.5, -0.2, 0.8)00525819
(-0.5, -0.2, 0.8)00525869
(-0.5, -0.2, 0.8)00525921
(-0.5, -0.2, 0.8)00525972
(-0.5, -0.2, 0.8)00530024
(-0.5, -0.2, 0.8)00530075
(-0.5, -0.2, 0.8)00530125
(-0.5, -0.2, 0.8)00530175
(-0.5, -0.2, 0.8)00530226
(-0.5, -0.2, 0.8)00530279
(-0.5, -0.2, 0.8)00530329
(-0.5, -0.2, 0.8)00530381
(-0.5, -0.2, 0.8)00530436
(-0.5, -0.2, 0.8)00530487
(-0.5, -0.2, 0.8)00530537
(-0.5, -0.2, 0.8)00530589
(-0.5, -0.2, 0.8)00530640
(-0.5, -0.2, 0.8)00530690
(-0.5, -0.2, 0.8)00530740
(-0.5, -0.2, 0.8)00530792
(-0.5, -0.2, 0.8)00530843
(-0.5, -0.2, 0.8)00530893
(-0.5, -0.2, 0.8)00530947
(-0.5, -0.2, 0.8)00530997
(-0.5, -0.2, 0.8)00531048
(-0.5, -0.2, 0.8)00531102
(-0.5, -0.2, 0.8)00531152
(-0.5, -0.2, 0.8)00531204
(-0.5, -0.2, 0.8)00531254
(-0.5, -0.2, 0.8)00531305
(-0.5, -0.2, 0.8)00531358
(-0.5, -0.2, 0.8)0053