(-0.9, 0.0, -0.3)01055555
(-0.9, 0.0, -0.3)01055606
(-0.9, 0.0, -0.3)01055658
(-0.9, 0.0, -0.3)01055707
(-0.9, 0.0, -0.3)01055758
(-0.9, 0.0, -0.3)01055809
(-0.9, 0.0, -0.3)01055859
(-0.9, 0.0, -0.3)01055911
(-0.9, 0.0, -0.3)01055962
(-0.9, 0.0, -0.3)01060012
(-0.9, 0.0, -0.3)01060064
(-0.9, 0.0, -0.3)01060114
(-0.9, 0.0, -0.3)01060164
(-0.9, 0.0, -0.3)01060214
(-0.9, 0.0, -0.3)01060265
(-0.9, 0.0, -0.3)01060316
(-0.9, 0.0, -0.3)01060367
(-0.9, 0.0, -0.3)01060418
(-0.9, 0.0, -0.3)01060471
(-0.9, 0.0, -0.3)01060522
(-0.9, 0.0, -0.3)01060573
(-0.9, 0.0, -0.3)01060625
(-0.9, 0.0, -0.3)01060675
(-0.9, 0.0, -0.3)01060726
(-0.9, 0.0, -0.3)01060779
(-0.9, 0.0, -0.3)01060829
(-0.9, 0.0, -0.3)01060880
(-0.9, 0.0, -0.3)01060939
(-0.9, -0.1, -0.5)01060984
(-0.8, 0.1, -0.5)01061036
(-1.0, 0.1, 0.1)01061086
(-0.9, 0.0, 0.5)01061136
(-0.9, 0.0, 0.4)01061187
(-0.9, 0.0, 0.4)01061239
(-0.9, 0.0, 0.5)01061291
(-0.9, 0.0, 0.5)01061341
(-0.9, 0.0, 0.5)01061392
(-0.9, 0.0, 0.5)01061442
(-0.9, 0.0, 0.5)01061493
(-0.9, 0.0, 0.5)01061544
(-0.9, 0.0, 0.5)01061595
(-0.9, 0.0, 0.5)01061647
(-0.9, 0.0, 0.5)01061698
(-0.9, 0.0, 0.5)01061749
(-0.9, 0.0, 0.5)01061800
(-0.9, 0.0, 0.5)01061852
(-0.9, 0.0, 0.5)01061905
(-0.9, 0.0, 0.5)01061955
(-0.9, 0.0, 0.5)01062007
(-0.9, 0.0, 0.5)01062059
(-0.9, 0.0, 0.5)01062110
(-0.9, 0.0, 0.5)01062161
(-0.9, 0.0, 0.5)01062213
(-0.9, 0.0, 0.5)01062262
(-0.9, 0.0, 0.5)01062314
(-0.9, 0.0, 0.5)01062365
(-0.9, 0.0, 0.5)01062415
(-0.9, 0.0, 0.5)01062465
(-0.9, 0.0, 0.5)01062516
(-0.9, 0.0, 0.5)01062567
(-0.9, 0.0, 0.5)01062619
(-0.9, 0.0, 0.5)01062669
(-0.9, 0.0, 0.4)01062720
(-0.9, 0.0, 0.4)01062771
(-0.9, 0.0, 0.4)01062821
(-0.9, 0.0, 0.4)01062873
(-0.9, 0.0, 0.4)01062924
(-0.9, 0.0, 0.4)01062975
(-0.9, 0.0, 0.4)01063027
(-0.9, 0.0, 0.4)01063077
(-0.9, 0.0, 0.4)01063129
(-0.9, 0.0, 0.4)01063179
(-0.9, 0.0, 0.4)01063229
(-0.9, 0.0, 0.4)01063280
(-0.9, 0.0, 0.4)01063333
(-0.9, 0.0, 0.4)01063383
(-0.9, 0.0, 0.4)01063435
(-0.9, 0.0, 0.4)01063486
(-0.9, 0.0, 0.4)01063536
(-0.9, 0.0, 0.4)01063587
(-0.9, 0.0, 0.4)01063639
(-0.9, 0.0, 0.4)01063689
(-0.9, 0.0, 0.4)01063741
(-0.9, 0.0, 0.4)01063794
(-0.9, 0.0, 0.4)01063844
(-0.9, 0.0, 0.4)01063896
(-0.9, 0.0, 0.4)01063948
(-0.9, 0.0, 0.4)01063999
(-0.9, 0.0, 0.4)01064050
(-0.9, 0.0, 0.4)01064100
(-0.9, 0.0, 0.4)01064151
(-0.9, 0.0, 0.4)01064202
(-0.9, 0.0, 0.4)01064253
(-0.9, 0.0, 0.4)01064305
(-0.9, 0.0, 0.4)01064356
(-0.9, 0.0, 0.4)01064407
(-0.9, 0.0, 0.4)01064458
(-0.9, 0.0, 0.4)01064508
(-0.9, 0.0, 0.4)01064559
(-0.9, 0.0, 0.4)01064610
(-0.9, 0.0, 0.4)01064661
(-0.9, 0.0, 0.4)01064712
(-0.9, 0.0, 0.4)01064762
(-0.9, 0.0, 0.4)01064814
(-0.9, 0.0, 0.4)01064865
(-0.9, 0.0, 0.4)01064916
(-0.9, 0.0, 0.4)01064967
(-0.9, 0.0, 0.4)01065019
(-0.9, 0.0, 0.4)01065070
(-0.9, 0.0, 0.4)01065122
(-0.9, 0.0, 0.4)01065173
(-0.9, 0.0, 0.4)01065224
(-0.9, 0.0, 0.4)01065278
(-0.9, 0.0, 0.4)01065328
(-0.9, 0.0, 0.4)01065378
(-0.9, 0.0, 0.4)01065429
(-0.9, 0.0, 0.4)01065480
(-0.9, 0.0, 0.4)01065530
(-0.9, 0.0, 0.4)01065581
(-0.9, 0.0, 0.4)01065631
(-0.9, 0.0, 0.4)01065681
(-0.9, 0.0, 0.4)01065731
(-0.9, 0.0, 0.4)01065783
(-0.9, 0.0, 0.4)01065834
(-0.9, 0.0, 0.4)01065885
(-0.9, 0.0, 0.4)01065935
(-0.9, 0.0, 0.4)01065986
(-0.9, 0.0, 0.4)01070036
(-0.9, 0.0, 0.4)01070086
(-0.9, 0.0, 0.4)01070138
(-0.9, 0.0, 0.4)01070188
(-0.9, 0.0, 0.4)01070242
(-0.9, 0.0, 0.4)01070293
(-0.9, 0.0, 0.4)01070344
(-0.9, 0.0, 0.4)01070397
(-0.9, 0.0, 0.4)01070448
(-0.9, 0.0, 0.4)01070500
(-0.9, 0.0, 0.4)01070554
(-0.9, 0.0, 0.4)01070604
(-0.9, 0.0, 0.4)01070654
(-0.9, 0.0, 0.4)01070708
(-0.9, 0.0, 0.4)01070758
(-0.9, 0.0, 0.4)01070809
(-0.9, 0.0, 0.4)01070863
(-0.9, 0.0, 0.4)01070913
(-0.9, 0.0, 0.4)01070964
(-0.9, 0.0, 0.4)01071015
(-0.9, 0.0, 0.4)01071065
(-0.9, 0.0, 0.4)01071116
(-0.9, 0.0, 0.4)01071167
(-0.9, 0.0, 0.4)01071218
(-0.9, 0.0, 0.4)01071268
(-0.9, 0.0, 0.4)01071319
(-0.9, 0.0, 0.4)01071369
(-0.9, 0.0, 0.4)01071419
(-0.9, 0.0, 0.4)01071469
(-0.9, 0.0, 0.4)01071521
(-0.9, 0.0, 0.4)01071572
(-0.9, 0.0, 0.4)01071623
(-0.9, 0.0, 0.4)01071677
(-0.9, 0.0, 0.4)01071728
(-0.9, 0.0, 0.4)01071779
(-0.9, 0.0, 0.4)01071829
(-0.9, 0.0, 0.4)01071879
(-0.9, 0.0, 0.4)01071931
(-0.9, 0.0, 0.4)01071983
(-0.9, 0.0, 0.4)01072034
(-0.9, 0.0, 0.4)01072084
(-0.9, 0.0, 0.4)01072134
(-0.9, 0.0, 0.4)01072186
(-0.9, 0.0, 0.4)01072238
(-0.9, 0.0, 0.4)01072288
(-0.9, 0.0, 0.4)01072340
(-0.9, 0.0, 0.4)01072391
(-0.9, 0.0, 0.4)01072443
(-0.9, 0.0, 0.4)01072493
(-0.9, 0.0, 0.4)01072545
(-0.9, 0.0, 0.4)01072595
(-0.9, 0.0, 0.4)01072646
(-0.9, 0.0, 0.4)01072696
(-0.9, 0.0, 0.4)01072748
(-0.9, 0.0, 0.4)01072799
(-0.9, 0.0, 0.4)01072849
(-0.9, 0.0, 0.4)01072901
(-0.9, 0.0, 0.4)01072954
(-0.9, 0.0, 0.4)01073005
(-0.9, 0.0, 0.4)01073055
(-0.9, 0.0, 0.4)01073109
(-0.9, 0.0, 0.4)01073160
(-0.9, 0.0, 0.4)01073210
(-0.9, 0.0, 0.4)01073263
(-0.9, 0.0, 0.4)01073315
(-0.9, 0.0, 0.4)01073366
(-0.9, 0.0, 0.4)01073419
(-0.9, 0.0, 0.4)01073469
(-0.9, 0.0, 0.4)01073519
(-0.9, 0.0, 0.4)01073573
(-0.9, 0.0, 0.4)01073623
(-0.9, 0.0, 0.4)01073674
(-0.9, 0.0, 0.4)01073726
(-0.9, 0.0, 0.4)01073777
(-0.9, 0.0, 0.4)01073828
(-0.9, 0.0, 0.4)01073879
(-0.9, 0.0, 0.4)01073929
(-0.9, 0.0, 0.4)01073981
(-0.9, 0.0, 0.4)01074031
(-0.9, 0.0, 0.4)01074083
(-0.9, 0.0, 0.4)01074134
(-0.9, 0.0, 0.4)01074185
(-0.9, 0.0, 0.4)01074236
(-0.9, 0.0, 0.4)01074287
(-0.9, 0.0, 0.4)01074338
(-0.9, 0.0, 0.4)01074392
(-0.9, 0.0, 0.4)01074443
(-0.9, 0.0, 0.4)01074494
(-0.9, 0.0, 0.4)01074547
(-0.9, 0.0, 0.4)01074596
(-0.9, 0.0, 0.4)01074647
(-0.9, 0.0, 0.4)01074700
(-0.9, 0.0, 0.4)01074750
(-0.9, 0.0, 0.4)01074801
(-0.9, 0.0, 0.4)01074853
(-0.9, 0.0, 0.4)01074904
(-0.9, 0.0, 0.4)01074956
(-0.9, 0.0, 0.4)01075011
(-0.9, 0.0, 0.4)01075060
(-0.9, 0.0, 0.4)01075112
(-0.9, 0.0, 0.4)01075165
(-0.9, 0.0, 0.4)01075216
(-0.9, 0.0, 0.4)01075267
(-0.9, 0.0, 0.4)01075318
(-0.9, 0.0, 0.4)01075369
(-0.9, 0.0, 0.4)01075420
(-0.9, 0.0, 0.4)01075472
(-0.9, 0.0, 0.4)01075523
(-0.9, 0.0, 0.4)01075573
(-0.9, 0.0, 0.4)01075625
(-0.9, 0.0, 0.4)01075675
(-0.9, 0.0, 0.4)01075726
(-0.9, 0.0, 0.4)01075778
(-0.9, 0.0, 0.4)01075829
(-0.9, 0.0, 0.4)01075879
(-0.9, 0.0, 0.4)01075930
(-0.9, 0.0, 0.4)01075981
(-0.9, 0.0, 0.4)01080033
(-0.9, 0.0, 0.4)01080083
(-0.9, 0.0, 0.4)01080137
(-0.9, 0.0, 0.4)01080187
(-0.9, 0.0, 0.4)01080237
(-0.9, 0.0, 0.4)01080292
(-0.9, 0.0, 0.4)01080343
(-0.9, 0.0, 0.4)01080393
(-0.9, 0.0, 0.4)01080448
(-0.9, 0.0, 0.4)01080499
(-0.9, 0.0, 0.4)01080550
(-0.9, 0.0, 0.4)01080601
(-0.9, 0.0, 0.4)01080651
(-0.9, 0.0, 0.4)01080702
(-0.9, 0.0, 0.4)01080755
(-0.9, 0.0, 0.4)01080805
(-0.9, 0.0, 0.4)01080856
(-0.9, 0.0, 0.4)01080908
(-0.9, 0.0, 0.4)01080960
(-0.9, 0.0, 0.4)01081010
(-0.9, 0.0, 0.4)01081061
(-0.9, 0.0, 0.4)01081112
(-0.9, 0.0, 0.4)01081164
(-0.9, 0.0, 0.4)01081215
(-0.9, 0.0, 0.4)01081266
(-0.9, 0.0, 0.4)01081318
(-0.9, 0.0, 0.4)01081368
(-0.9, 0.0, 0.4)01081420
(-0.9, 0.0, 0.4)01081471
(-0.9, 0.0, 0.4)01081523
(-0.9, 0.0, 0.4)01081574
(-0.9, 0.0, 0.4)01081625
(-0.9, 0.0, 0.4)01081676
(-0.9, 0.0, 0.4)01081727
(-0.9, 0.0, 0.4)01081777
(-0.9, 0.0, 0.4)01081828
(-0.9, 0.0, 0.4)01081883
(-0.9, 0.0, 0.4)01081933
(-0.9, 0.0, 0.4)01081983
(-0.9, 0.0, 0.4)01082034
(-0.9, 0.0, 0.4)01082084
(-0.9, 0.0, 0.4)01082135
(-0.9, 0.0, 0.4)01082192
(-0.9, 0.0, 0.4)01082241
(-0.9, 0.0, 0.4)01082291
(-0.9, 0.0, 0.4)01082345
(-0.9, 0.0, 0.4)01082396
(-0.9, 0.0, 0.4)01082447
(-0.9, 0.0, 0.4)01082501
(-0.9, 0.0, 0.4)01082551
(-0.9, 0.0, 0.4)01082601
(-0.9, 0.0, 0.4)01082655
(-0.9, 0.0, 0.4)01082704
(-0.9, 0.0, 0.4)01082756
(-0.9, 0.0, 0.4)01082807
(-0.9, 0.0, 0.4)01082858
(-0.9, 0.0, 0.4)01082909
(-0.9, 0.0, 0.4)01082960
(-0.9, 0.0, 0.4)01083011
(-0.9, 0.0, 0.4)01083062
(-0.9, 0.0, 0.4)01083114
(-0.9, 0.0, 0.4)01083164
(-0.9, 0.0, 0.4)01083215
(-0.9, 0.0, 0.4)01083266
(-0.9, 0.0, 0.4)01083319
(-0.9, 0.0, 0.4)01083369
(-0.9, 0.0, 0.4)01083421
(-0.9, 0.0, 0.4)01083471
(-0.9, 0.0, 0.4)01083523
(-0.9, 0.0, 0.4)01083574
(-0.9, 0.0, 0.4)01083626
(-0.9, 0.0, 0.4)01083677
(-0.9, 0.0, 0.4)01083728
(-0.9, 0.0, 0.4)01083781
(-0.9, 0.0, 0.4)01083832
(-0.9, 0.0, 0.4)01083883
(-0.9, 0.0, 0.4)01083935
(-0.9, 0.0, 0.4)01083985
(-0.9, 0.0, 0.4)01084037
(-0.9, 0.0, 0.4)01084088
(-0.9, 0.0, 0.4)01084138
(-0.9, 0.0, 0.4)01084188
(-0.9, 0.0, 0.4)01084241
(-0.9, 0.0, 0.4)01084292
(-0.9, 0.0, 0.4)01084345
(-0.9, 0.0, 0.4)01084398
(-0.9, 0.0, 0.4)01084447
(-0.9, 0.0, 0.4)01084499
(-0.9, 0.0, 0.4)01084551
(-0.9, 0.0, 0.4)01084602
(-0.9, 0.0, 0.4)01084654
(-0.9, 0.0, 0.4)01084704
(-0.9, 0.0, 0.4)01084754
(-0.9, 0.0, 0.4)01084805
(-0.9, 0.0, 0.4)01084856
(-0.9, 0.0, 0.4)01084906
(-0.9, 0.0, 0.4)01084958
(-0.9, 0.0, 0.4)01085009
(-0.9, 0.0, 0.4)01085061
(-0.9, 0.0, 0.4)01085112
(-0.9, 0.0, 0.4)01085163
(-0.9, 0.0, 0.4)01085216
(-0.9, 0.0, 0.4)01085267
(-0.9, 0.0, 0.4)01085318
(-0.9, 0.0, 0.4)01085371
(-0.9, 0.0, 0.4)01085421
(-0.9, 0.0, 0.4)01085472
(-0.9, 0.0, 0.4)01085523
(-0.9, 0.0, 0.4)01085573
(-0.9, 0.0, 0.4)01085624
(-0.9, 0.0, 0.4)01085676
(-0.9, 0.0, 0.4)01085726
(-0.9, 0.0, 0.4)01085776
(-0.9, 0.0, 0.4)01085829
(-0.9, 0.0, 0.4)01085879
(-0.9, 0.0, 0.4)01085929
(-0.9, 0.0, 0.4)01085980
(-0.9, 0.0, 0.4)01090031
(-0.9, 0.0, 0.4)01090081
(-0.9, 0.0, 0.4)01090132
(-0.9, 0.0, 0.4)01090185
(-0.9, 0.0, 0.4)01090236
(-0.9, 0.0, 0.4)01090287
(-0.9, 0.0, 0.4)01090338
(-0.9, 0.0, 0.4)01090389
(-0.9, 0.0, 0.4)01090440
(-0.9, 0.0, 0.4)01090493
(-0.9, 0.0, 0.4)01090544
(-0.9, 0.0, 0.4)01090595
(-0.9, 0.0, 0.4)01090646
(-0.9, 0.0, 0.4)01090696
(-0.9, 0.0, 0.4)01090747
(-0.9, 0.0, 0.4)01090799
(-0.9, 0.0, 0.4)01090848
(-0.9, 0.0, 0.4)01090898
(-0.9, 0.0, 0.4)01090952
(-0.9, 0.0, 0.4)01091002
(-0.9, 0.0, 0.4)01091053
(-0.9, 0.0, 0.4)01091108
(-0.9, 0.0, 0.4)01091158
(-0.9, 0.0, 0.4)01091208
(-0.9, 0.0, 0.4)01091260
(-0.9, 0.0, 0.4)01091312
(-0.9, 0.0, 0.4)01091363
(-0.9, 0.0, 0.4)01091415
(-0.9, 0.0, 0.4)01091465
(-0.9, 0.0, 0.4)01091515
(-0.9, 0.0, 0.4)01091565
(-0.9, 0.0, 0.4)01091616
(-0.9, 0.0, 0.4)01091666
(-0.9, 0.0, 0.4)01091716
(-0.9, 0.0, 0.4)01091767
(-0.9, 0.0, 0.4)01091818
(-0.9, 0.0, 0.4)01091869
(-0.9, 0.0, 0.4)01091921
(-0.9, 0.0, 0.4)01091971
(-0.9, 0.0, 0.4)01092022
(-0.9, 0.0, 0.4)01092076
(-0.9, 0.0, 0.4)01092126
(-0.9, 0.0, 0.4)01092176
(-0.9, 0.0, 0.4)01092228
(-0.9, 0.0, 0.4)01092278
(-0.9, 0.0, 0.4)01092329
(-0.9, 0.0, 0.4)01092383
(-0.9, 0.0, 0.4)01092434
(-0.9, 0.0, 0.4)01092485
(-0.9, 0.0, 0.4)01092535
(-0.9, 0.0, 0.4)01092587
(-0.9, 0.0, 0.4)01092637
(-0.9, 0.0, 0.4)01092688
(-0.9, 0.0, 0.4)01092740
(-0.9, 0.0, 0.4)01092791
(-0.9, 0.0, 0.4)01092843
(-0.9, 0.0, 0.4)01092893
(-0.9, 0.0, 0.4)01092943
(-0.9, 0.0, 0.4)01092994
(-0.9, 0.0, 0.4)01093046
(-0.9, 0.0, 0.4)01093098
(-0.9, 0.0, 0.4)01093149
(-0.9, 0.0, 0.4)01093201
(-0.9, 0.0, 0.4)01093251
(-0.9, 0.0, 0.4)01093303
(-0.9, 0.0, 0.4)01093355
(-0.9, 0.0, 0.4)01093406
(-0.9, 0.0, 0.4)01093456
(-0.9, 0.0, 0.4)01093508
(-0.9, 0.0, 0.4)01093558
(-0.9, 0.0, 0.4)01093610
(-0.9, 0.0, 0.4)01093662
(-0.9, 0.0, 0.4)01093712
(-0.9, 0.0, 0.4)01093763
(-0.9, 0.0, 0.4)01093815
(-0.9, 0.0, 0.4)01093865
(-0.9, 0.0, 0.4)01093917
(-0.9, 0.0, 0.4)01093967
(-0.9, 0.0, 0.4)01094018
(-0.9, 0.0, 0.4)01094068
(-0.9, 0.0, 0.4)01094118
(-0.9, 0.0, 0.4)01094170
(-0.9, 0.0, 0.4)01094221
(-0.9, 0.0, 0.4)01094273
(-0.9, 0.0, 0.4)01094323
(-0.9, 0.0, 0.4)01094373
(-0.9, 0.0, 0.4)01094423
(-0.9, 0.0, 0.4)01094476
(-0.9, 0.0, 0.4)01094526
(-0.9, 0.0, 0.4)01094576
(-0.9, 0.0, 0.4)01094631
(-0.9, 0.0, 0.4)01094682
(-0.9, 0.0, 0.4)01094732
(-0.9, 0.0, 0.4)01094783
(-0.9, 0.0, 0.4)01094834
(-0.9, 0.0, 0.4)01094885
(-0.9, 0.0, 0.4)01094938
(-0.9, 0.0, 0.4)01094991
(-0.9, 0.0, 0.4)01095042
(-0.9, 0.0, 0.4)01095094
(-0.9, 0.0, 0.4)01095145
(-0.9, 0.0, 0.4)01095195
(-0.9, 0.0, 0.4)01095246
(-0.9, 0.0, 0.4)01095297
(-0.9, 0.0, 0.4)01095348
(-0.9, 0.0, 0.4)01095398
(-0.9, 0.0, 0.4)01095450
(-0.9, 0.0, 0.4)01095501
(-0.9, 0.0, 0.4)01095551
(-0.9, 0.0, 0.4)01095607
(-0.9, 0.0, 0.4)01095658
(-0.9, 0.0, 0.4)01095708
(-0.9, 0.0, 0.4)01095761
(-0.9, 0.0, 0.4)01095813
(-0.9, 0.0, 0.4)01095865
(-0.9, 0.0, 0.4)01095917
(-0.9, 0.0, 0.4)01095967
(-0.9, 0.0, 0.4)01100018
(-0.9, 0.0, 0.4)01100069
(-0.9, 0.0, 0.4)01100120
(-0.9, 0.0, 0.4)01100170
(-0.9, 0.0, 0.4)01100222
(-0.9, 0.0, 0.4)01100272
(-0.9, 0.0, 0.4)01100323
(-0.9, 0.0, 0.4)01100373
(-0.9, 0.0, 0.4)01100426
(-0.9, 0.0, 0.4)01100476
(-0.9, 0.0, 0.4)01100527
(-0.9, 0.0, 0.4)01100579
(-0.9, 0.0, 0.4)01100630
(-0.9, 0.0, 0.4)01100680
(-0.9, 0.0, 0.4)01100732
(-0.9, 0.0, 0.4)01100783
(-0.9, 0.0, 0.4)01100835
(-0.9, 0.0, 0.4)01100887
(-0.9, 0.0, 0.4)01100938
(-0.9, 0.0, 0.4)01100990
(-0.9, 0.0, 0.4)01101040
(-0.9, 0.0, 0.4)01101091
(-0.9, 0.0, 0.4)01101143
(-0.9, 0.0, 0.4)01101195
(-0.9, 0.0, 0.4)01101249
(-0.9, 0.0, 0.4)01101300
(-0.9, 0.0, 0.4)01101350
(-0.9, 0.0, 0.4)01101404
(-0.9, 0.0, 0.4)01101455
(-0.9, 0.0, 0.4)01101505
(-0.9, 0.0, 0.4)01101561
(-0.9, 0.0, 0.4)01101611
(-0.9, 0.0, 0.4)01101662
(-0.9, 0.0, 0.4)01101715
(-0.9, 0.0, 0.4)01101765
(-0.9, 0.0, 0.4)01101815
(-0.9, 0.0, 0.4)01101865
(-0.9, 0.0, 0.4)01101916
(-0.9, 0.0, 0.4)01101967
(-0.9, 0.0, 0.4)01102018
(-0.9, 0.0, 0.4)01102069
(-0.9, 0.0, 0.4)01102119
(-0.9, 0.0, 0.4)01102171
(-0.9, 0.0, 0.4)01102222
(-0.9, 0.0, 0.4)01102272
(-0.9, 0.0, 0.4)01102323
(-0.9, 0.0, 0.4)01102376
(-0.9, 0.0, 0.4)01102425
(-0.9, 0.0, 0.4)01102477
(-0.9, 0.0, 0.4)01102531
(-0.9, 0.0, 0.4)01102581
(-0.9, 0.0, 0.4)01102632
(-0.9, 0.0, 0.4)01102683
(-0.9, 0.0, 0.4)01102733
(-0.9, 0.0, 0.4)01102784
(-0.9, 0.0, 0.4)01102837
(-0.9, 0.0, 0.4)01102888
(-0.9, 0.0, 0.4)01102938
(-0.9, 0.0, 0.4)01102988
(-0.9, 0.0, 0.4)01103039
(-0.9, 0.0, 0.4)01103090
(-0.9, 0.0, 0.4)01103141
(-0.9, 0.0, 0.4)01103191
(-0.9, 0.0, 0.4)01103243
(-0.9, 0.0, 0.4)01103294
(-0.9, 0.0, 0.4)01103344
(-0.9, 0.0, 0.4)01103395
(-0.9, 0.0, 0.4)01103446
(-0.9, 0.0, 0.4)01103498
(-0.9, 0.0, 0.4)01103549
(-0.9, 0.0, 0.4)01103599
(-0.9, 0.0, 0.4)01103650
(-0.9, 0.0, 0.4)01103701
(-0.9, 0.0, 0.4)01103752
(-0.9, 0.0, 0.4)01103804
(-0.9, 0.0, 0.4)01103855
(-0.9, 0.0, 0.4)01103906
(-0.9, 0.0, 0.4)01103960
(-0.9, 0.0, 0.4)01104010
(-0.9, 0.0, 0.4)01104060
(-0.9, 0.0, 0.4)01104112
(-0.9, 0.0, 0.4)01104162
(-0.9, 0.0, 0.4)01104214
(-0.9, 0.0, 0.4)01104264
(-0.9, 0.0, 0.4)01104315
(-0.9, 0.0, 0.4)01104366
(-0.9, 0.0, 0.4)01104417
(-0.9, 0.0, 0.4)01104467
(-0.9, 0.0, 0.4)01104518
(-0.9, 0.0, 0.4)01104569
(-0.9, 0.0, 0.4)01104620
(-0.9, 0.0, 0.4)01104672
(-0.9, 0.0, 0.4)01104722
(-0.9, 0.0, 0.4)01104774
(-0.9, 0.0, 0.4)01104824
(-0.9, 0.0, 0.4)01104875
(-0.9, 0.0, 0.4)01104931
(-0.9, 0.0, 0.4)01104981
(-0.9, 0.0, 0.4)01105032
(-0.9, 0.0, 0.4)01105084
(-0.9, 0.0, 0.4)01105135
(-0.9, 0.0, 0.4)01105187
(-0.9, 0.0, 0.4)01105240
(-0.9, 0.0, 0.4)01105290
(-0.9, 0.0, 0.4)01105341
(-0.9, 0.0, 0.4)01105393
(-0.9, 0.0, 0.4)01105445
(-0.9, 0.0, 0.4)01105497
(-0.9, 0.0, 0.4)01105548
(-0.9, 0.0, 0.4)01105599
(-0.9, 0.0, 0.4)01105651
(-0.9, 0.0, 0.4)01105702
(-0.9, 0.0, 0.4)01105752
(-0.9, 0.0, 0.4)01105803
(-0.9, 0.0, 0.4)01105855
(-0.9, 0.0, 0.4)01105906
(-0.9, 0.0, 0.4)01105957
(-0.9, 0.0, 0.4)01110008
(-0.9, 0.0, 0.4)01110060
(-0.9, 0.0, 0.4)01110112
(-0.9, 0.0, 0.4)01110163
(-0.9, 0.0, 0.4)01110213
(-0.9, 0.0, 0.4)01110263
(-0.9, 0.0, 0.4)01110314
(-0.9, 0.0, 0.4)01110366
(-0.9, 0.0, 0.4)01110416
(-0.9, 0.0, 0.4)01110468
(-0.9, 0.0, 0.4)01110521
(-0.9, 0.0, 0.4)01110572
(-0.9, 0.0, 0.4)01110623
(-0.9, 0.0, 0.4)01110674
(-0.9, 0.0, 0.4)01110725
(-0.9, 0.0, 0.4)01110776
(-0.9, 0.0, 0.4)01110826
(-0.9, 0.0, 0.4)01110876
(-0.9, 0.0, 0.4)01110927
(-0.9, 0.0, 0.4)01110977
(-0.9, 0.0, 0.4)01111027
(-0.9, 0.0, 0.4)01111078
(-0.9, 0.0, 0.4)01111130
(-0.9, 0.0, 0.4)01111183
(-0.9, 0.0, 0.4)01111233
(-0.9, 0.0, 0.4)01111285
(-0.9, 0.0, 0.4)01111340
(-0.9, 0.0, 0.4)01111390
(-0.9, 0.0, 0.4)01111440
(-0.9, 0.0, 0.4)01111491
(-0.9, 0.0, 0.4)01111541
(-0.9, 0.0, 0.4)01111592
(-0.9, 0.0, 0.4)01111645
(-0.9, 0.0, 0.4)01111696
(-0.9, 0.0, 0.4)01111746
(-0.9, 0.0, 0.4)01111797
(-0.9, 0.0, 0.4)01111849
(-0.9, 0.0, 0.4)01111900
(-0.9, 0.0, 0.4)01111950
(-0.9, 0.0, 0.4)01112001
(-0.9, 0.0, 0.4)01112052
(-0.9, 0.0, 0.4)01112103
(-0.9, 0.0, 0.4)01112153
(-0.9, 0.0, 0.4)01112204
(-0.9, 0.0, 0.4)01112256
(-0.9, 0.0, 0.4)01112308
(-0.9, 0.0, 0.4)01112358
(-0.9, 0.0, 0.4)01112410
(-0.9, 0.0, 0.4)01112463
(-0.9, 0.0, 0.4)01112513
(-0.9, 0.0, 0.4)01112564
(-0.9, 0.0, 0.4)01112615
(-0.9, 0.0, 0.4)01112667
(-0.9, 0.0, 0.4)01112717
(-0.9, 0.0, 0.4)01112772
(-0.9, 0.0, 0.4)01112821
(-0.9, 0.0, 0.4)01112872
(-0.9, 0.0, 0.4)01112922
(-0.9, 0.0, 0.4)01112974
(-0.9, 0.0, 0.4)01113025
(-0.9, 0.0, 0.4)01113076
(-0.9, 0.0, 0.4)01113126
(-0.9, 0.0, 0.4)01113177
(-0.9, 0.0, 0.4)01113227
(-0.9, 0.0, 0.4)01113279
(-0.9, 0.0, 0.4)01113330
(-0.9, 0.0, 0.4)01113381
(-0.9, 0.0, 0.4)01113433
(-0.9, 0.0, 0.4)01113486
(-0.9, 0.0, 0.4)01113536
(-0.9, 0.0, 0.4)01113590
(-0.9, 0.0, 0.4)01113640
(-0.9, 0.0, 0.4)01113691
(-0.9, 0.0, 0.4)01113747
(-0.9, 0.0, 0.4)01113797
(-0.9, 0.0, 0.4)01113848
(-0.9, 0.0, 0.4)01113901
(-0.9, 0.0, 0.4)01113951
(-0.9, 0.0, 0.4)01114001
(-0.9, 0.0, 0.4)01114053
(-0.9, 0.0, 0.4)01114104
(-0.9, 0.0, 0.4)01114155
(-0.9, 0.0, 0.4)01114205
(-0.9, 0.0, 0.4)01114256
(-0.9, 0.0, 0.4)01114307
(-0.9, 0.0, 0.4)01114359
(-0.9, 0.0, 0.4)01114411
(-0.9, 0.0, 0.4)01114461
(-0.9, 0.0, 0.4)01114512
(-0.9, 0.0, 0.4)01114565
(-0.9, 0.0, 0.4)01114616
(-0.9, 0.0, 0.4)01114666
(-0.9, 0.0, 0.4)01114719
(-0.9, 0.0, 0.4)01114768
(-0.9, 0.0, 0.4)01114819
(-0.9, 0.0, 0.4)01114872
(-0.9, 0.0, 0.4)01114923
(-0.9, 0.0, 0.4)01114973
(-0.9, 0.0, 0.4)01115025
(-0.9, 0.0, 0.4)01115077
(-0.9, 0.0, 0.4)01115127
(-0.9, 0.0, 0.4)01115178
(-0.9, 0.0, 0.4)01115229
(-0.9, 0.0, 0.4)01115280
(-0.9, 0.0, 0.4)01115331
(-0.9, 0.0, 0.4)01115382
(-0.9, 0.0, 0.4)01115433
(-0.9, 0.0, 0.4)01115484
(-0.9, 0.0, 0.4)01115535
(-0.9, 0.0, 0.4)01115586
(-0.9, 0.0, 0.4)01115638
(-0.9, 0.0, 0.4)01115694
(-0.9, 0.0, 0.4)01115745
(-0.9, 0.0, 0.4)01115795
(-0.9, 0.0, 0.4)01115848
(-0.9, 0.0, 0.4)01115898
(-0.9, 0.0, 0.4)01115949
(-0.9, 0.0, 0.4)01120005
(-0.9, 0.0, 0.4)01120056
(-0.9, 0.0, 0.4)01120107
(-0.9, 0.0, 0.4)01120157
(-0.9, 0.0, 0.4)01120208
(-0.9, 0.0, 0.4)01120258
(-0.9, 0.0, 0.4)01120310
(-0.9, 0.0, 0.4)01120360
(-0.9, 0.0, 0.4)01120411
(-0.9, 0.0, 0.4)01120462
(-0.9, 0.0, 0.4)01120513
(-0.9, 0.0, 0.4)01120564
(-0.9, 0.0, 0.4)01120615
(-0.9, 0.0, 0.4)01120665
(-0.9, 0.0, 0.4)01120716
(-0.9, 0.0, 0.4)01120766
(-0.9, 0.0, 0.4)01120820
(-0.9, 0.0, 0.4)01120870
(-0.9, 0.0, 0.4)01120921
(-0.9, 0.0, 0.4)01120972
(-0.9, 0.0, 0.4)01121022
(-0.9, 0.0, 0.4)01121074
(-0.9, 0.0, 0.4)01121126
(-0.9, 0.0, 0.4)01121175
(-0.9, 0.0, 0.4)01121226
(-0.9, 0.0, 0.4)01121278
(-0.9, 0.0, 0.4)01121329
(-0.9, 0.0, 0.4)01121380
(-0.9, 0.0, 0.4)01121431
(-0.9, 0.0, 0.4)01121482
(-0.9, 0.0, 0.4)01121532
(-0.9, 0.0, 0.4)01121583
(-0.9, 0.0, 0.4)01121638
(-0.9, 0.0, 0.4)01121689
(-0.9, 0.0, 0.4)01121740
(-0.9, 0.0, 0.4)01121795
(-0.9, 0.0, 0.4)01121845
(-0.9, 0.0, 0.4)01121895
(-0.9, 0.0, 0.4)01121949
(-0.9, 0.0, 0.4)01122000
(-0.9, 0.0, 0.4)01122051
(-0.9, 0.0, 0.4)01122104
(-0.9, 0.0, 0.4)01122155
(-0.9, 0.0, 0.4)01122207
(-0.9, 0.0, 0.4)01122258
(-0.9, 0.0, 0.4)01122310
(-0.9, 0.0, 0.4)01122361
(-0.9, 0.0, 0.4)01122413
(-0.9, 0.0, 0.4)01122464
(-0.9, 0.0, 0.4)01122515
(-0.9, 0.0, 0.4)01122567
(-0.9, 0.0, 0.4)01122619
(-0.9, 0.0, 0.4)01122671
(-0.9, 0.0, 0.4)01122722
(-0.9, 0.0, 0.4)01122773
(-0.9, 0.0, 0.4)01122824
(-0.9, 0.0, 0.4)01122876
(-0.9, 0.0, 0.4)01122926
(-0.9, 0.0, 0.4)01122976
(-0.9, 0.0, 0.4)01123028
(-0.9, 0.0, 0.4)01123080
(-0.9, 0.0, 0.4)01123129
(-0.9, 0.0, 0.4)01123181
(-0.9, 0.0, 0.4)01123234
(-0.9, 0.0, 0.4)01123284
(-0.9, 0.0, 0.4)01123335
(-0.9, 0.0, 0.4)01123386
(-0.9, 0.0, 0.4)01123436
(-0.9, 0.0, 0.4)01123487
(-0.9, 0.0, 0.4)01123539
(-0.9, 0.0, 0.4)01123590
(-0.9, 0.0, 0.4)01123642
(-0.9, 0.0, 0.4)01123692
(-0.9, 0.0, 0.4)01123743
(-0.9, 0.0, 0.4)01123795
(-0.9, 0.0, 0.4)01123846
(-0.9, 0.0, 0.4)01123898
(-0.9, 0.0, 0.4)01123948
(-0.9, 0.0, 0.4)01123998
(-0.9, 0.0, 0.4)01124049
(-0.9, 0.0, 0.4)01124100
(-0.9, 0.0, 0.4)01124151
(-0.9, 0.0, 0.4)01124203
(-0.9, 0.0, 0.4)01124253
(-0.9, 0.0, 0.4)01124303
(-0.9, 0.0, 0.4)01124354
(-0.9, 0.0, 0.4)01124405
(-0.9, 0.0, 0.4)01124455
(-0.9, 0.0, 0.4)01124508
(-0.9, 0.0, 0.4)01124556
(-0.9, 0.0, 0.4)01124608
(-0.9, 0.0, 0.4)01124662
(-0.9, 0.0, 0.4)01124712
(-0.9, 0.0, 0.4)01124763
(-0.9, 0.0, 0.4)01124814
(-0.9, 0.0, 0.4)01124865
(-0.9, 0.0, 0.4)01124915
(-0.9, 0.0, 0.4)01124966
(-0.9, 0.0, 0.4)01125017
(-0.9, 0.0, 0.4)01125068
(-0.9, 0.0, 0.4)01125119
(-0.9, 0.0, 0.4)01125170
(-0.9, 0.0, 0.4)01125221
(-0.9, 0.0, 0.4)01125272
(-0.9, 0.0, 0.4)01125324
(-0.9, 0.0, 0.4)01125375
(-0.9, 0.0, 0.4)01125425
(-0.9, 0.0, 0.4)01125478
(-0.9, 0.0, 0.4)01125528
(-0.9, 0.0, 0.4)01125579
(-0.9, 0.0, 0.4)01125631
(-0.9, 0.0, 0.4)01125682
(-0.9, 0.0, 0.4)01125733
(-0.9, 0.0, 0.4)01125788
(-0.9, 0.0, 0.4)01125838
(-0.9, 0.0, 0.4)01125889
(-0.9, 0.0, 0.4)01125941
(-0.9, 0.0, 0.4)01125992
(-0.9, 0.0, 0.4)01130042
(-0.9, 0.0, 0.4)01130092
(-0.9, 0.0, 0.4)01130143
(-0.9, 0.0, 0.4)01130195
(-0.9, 0.0, 0.4)01130246
(-0.9, 0.0, 0.4)01130297
(-0.9, 0.0, 0.4)01130347
(-0.9, 0.0, 0.4)01130399
(-0.9, 0.0, 0.4)01130450
(-0.9, 0.0, 0.4)01130501
(-0.9, 0.0, 0.4)01130552
(-0.9, 0.0, 0.4)01130604
(-0.9, 0.0, 0.4)01130654
(-0.9, 0.0, 0.4)01130705
(-0.9, 0.0, 0.4)01130760
(-0.9, 0.0, 0.4)01130810
(-0.9, 0.0, 0.4)01130861
(-0.9, 0.0, 0.4)01130914
(-0.9, 0.0, 0.4)01130964
(-0.9, 0.0, 0.4)01131015
(-0.9, 0.0, 0.4)01131066
(-0.9, 0.0, 0.4)01131116
(-0.9, 0.0, 0.4)01131167
(-0.9, 0.0, 0.4)01131220
(-0.9, 0.0, 0.4)01131270
(-0.9, 0.0, 0.4)01131321
(-0.9, 0.0, 0.4)01131372
(-0.9, 0.0, 0.4)01131422
(-0.9, 0.0, 0.4)01131473
(-0.9, 0.0, 0.4)01131523
(-0.9, 0.0, 0.4)01131574
(-0.9, 0.0, 0.4)01131625
(-0.9, 0.0, 0.4)01131676
(-0.9, 0.0, 0.4)01131728
(-0.9, 0.0, 0.4)01131780
(-0.9, 0.0, 0.4)01131831
(-0.9, 0.0, 0.4)01131884
(-0.9, 0.0, 0.4)01131935
(-0.9, 0.0, 0.4)01131987
(-0.9, 0.0, 0.4)01132038
(-0.9, 0.0, 0.4)01132088
(-0.9, 0.0, 0.4)01132140
(-0.9, 0.0, 0.4)01132191
(-0.9, 0.0, 0.4)01132242
(-0.9, 0.0, 0.4)01132292
(-0.9, 0.0, 0.4)01132346
(-0.9, 0.0, 0.4)01132396
(-0.9, 0.0, 0.4)01132447
(-0.9, 0.0, 0.4)01132499
(-0.9, 0.0, 0.4)01132548
(-0.9, 0.0, 0.4)01132599
(-0.9, 0.0, 0.4)01132649
(-0.9, 0.0, 0.4)01132700
(-0.9, 0.0, 0.4)01132751
(-0.9, 0.0, 0.4)01132802
(-0.9, 0.0, 0.4)01132853
(-0.9, 0.0, 0.4)01132904
(-0.9, 0.0, 0.4)01132955
(-0.9, 0.0, 0.4)01133006
(-0.9, 0.0, 0.4)01133056
(-0.9, 0.0, 0.4)01133106
(-0.9, 0.0, 0.4)01133159
(-0.9, 0.0, 0.4)01133210
(-0.9, 0.0, 0.4)01133261
(-0.9, 0.0, 0.4)01133315
(-0.9, 0.0, 0.4)01133365
(-0.9, 0.0, 0.4)01133415
(-0.9, 0.0, 0.4)01133469
(-0.9, 0.0, 0.4)01133519
(-0.9, 0.0, 0.4)01133570
(-0.9, 0.0, 0.4)01133621
(-0.9, 0.0, 0.4)01133671
(-0.9, 0.0, 0.4)01133722
(-0.9, 0.0, 0.4)01133773
(-0.9, 0.0, 0.4)01133825
(-0.9, 0.0, 0.4)01133876
(-0.9, 0.0, 0.4)01133927
(-0.9, 0.0, 0.4)01133978
(-0.9, 0.0, 0.4)01134028
(-0.9, 0.0, 0.4)01134079
(-0.9, 0.0, 0.4)01134129
(-0.9, 0.0, 0.4)01134180
(-0.9, 0.0, 0.4)01134232
(-0.9, 0.0, 0.4)01134282
(-0.9, 0.0, 0.4)01134332
(-0.9, 0.0, 0.4)01134382
(-0.9, 0.0, 0.4)01134434
(-0.9, 0.0, 0.4)01134485
(-0.9, 0.0, 0.4)01134536
(-0.9, 0.0, 0.4)01134587
(-0.9, 0.0, 0.4)01134637
(-0.9, 0.0, 0.4)01134687
(-0.9, 0.0, 0.4)01134738
(-0.9, 0.0, 0.4)01134788
(-0.9, 0.0, 0.4)01134838
(-0.9, 0.0, 0.4)01134889
(-0.9, 0.0, 0.4)01134940
(-0.9, 0.0, 0.4)01134991
(-0.9, 0.0, 0.4)01135043
(-0.9, 0.0, 0.4)01135094
(-0.9, 0.0, 0.4)01135145
(-0.9, 0.0, 0.4)01135197
(-0.9, 0.0, 0.4)01135248
(-0.9, 0.0, 0.4)01135299
(-0.9, 0.0, 0.4)01135351
(-0.9, 0.0, 0.4)01135402
(-0.9, 0.0, 0.4)01135453
(-0.9, 0.0, 0.4)01135503
(-0.9, 0.0, 0.4)01135554
(-0.9, 0.0, 0.4)01135604
(-0.9, 0.0, 0.4)01135654
(-0.9, 0.0, 0.4)01135705
(-0.9, 0.0, 0.4)01135755
(-0.9, 0.0, 0.4)01135807
(-0.9, 0.0, 0.4)01135860
(-0.9, 0.0, 0.4)01135910
(-0.9, 0.0, 0.4)01135961
(-0.9, 0.0, 0.4)01140011
(-0.9, 0.0, 0.4)01140061
(-0.9, 0.0, 0.4)01140112
(-0.9, 0.0, 0.4)01140163
(-0.9, 0.0, 0.4)01140214
(-0.9, 0.0, 0.4)01140264
(-0.9, 0.0, 0.4)01140315
(-0.9, 0.0, 0.4)01140366
(-0.9, 0.0, 0.4)01140416
(-0.9, 0.0, 0.4)01140468
(-0.9, 0.0, 0.4)01140519
(-0.9, 0.0, 0.4)01140570
(-0.9, 0.0, 0.4)01140620
(-0.9, 0.0, 0.4)01140670
(-0.9, 0.0, 0.4)01140721
(-0.9, 0.0, 0.4)01140772
(-0.9, 0.0, 0.4)01140823
(-0.9, 0.0, 0.4)01140873
(-0.9, 0.0, 0.4)01140923
(-0.9, 0.0, 0.4)01140977
(-0.9, 0.0, 0.4)01141026
(-0.9, 0.0, 0.4)01141077
(-0.9, 0.0, 0.4)01141129
(-0.9, 0.0, 0.4)01141179
(-0.9, 0.0, 0.4)01141230
(-0.9, 0.0, 0.4)01141285
(-0.9, 0.0, 0.4)01141335
(-0.9, 0.0, 0.4)01141387
(-0.9, 0.0, 0.4)01141438
(-0.9, 0.0, 0.4)01141489
(-0.9, 0.0, 0.4)01141540
(-0.9, 0.0, 0.4)01141591
(-0.9, 0.0, 0.4)01141642
(-0.9, 0.0, 0.4)01141693
(-0.9, 0.0, 0.4)01141744
(-0.9, 0.0, 0.4)01141795
(-0.9, 0.0, 0.4)01141846
(-0.9, 0.0, 0.4)01141898
(-0.9, 0.0, 0.4)01141949
(-0.9, 0.0, 0.4)01141999
(-0.9, 0.0, 0.4)01142051
(-0.9, 0.0, 0.4)01142102
(-0.9, 0.0, 0.4)01142152
(-0.9, 0.0, 0.4)01142202
(-0.9, 0.0, 0.4)01142254
(-0.9, 0.0, 0.4)01142306
(-0.9, 0.0, 0.4)01142357
(-0.9, 0.0, 0.4)01142408
(-0.9, 0.0, 0.4)01142459
(-0.9, 0.0, 0.4)01142510
(-0.9, 0.0, 0.4)01142561
(-0.9, 0.0, 0.4)01142611
(-0.9, 0.0, 0.4)01142663
(-0.9, 0.0, 0.4)01142715
(-0.9, 0.0, 0.4)01142767
(-0.9, 0.0, 0.4)01142818
(-0.9, 0.0, 0.4)01142870
(-0.9, 0.0, 0.4)01142921
(-0.9, 0.0, 0.4)01142972
(-0.9, 0.0, 0.4)01143025
(-0.9, 0.0, 0.4)01143075
(-0.9, 0.0, 0.4)01143126
(-0.9, 0.0, 0.4)01143177
(-0.9, 0.0, 0.4)01143229
(-0.9, 0.0, 0.4)01143280
(-0.9, 0.0, 0.4)01143332
(-0.9, 0.0, 0.4)01143384
(-0.9, 0.0, 0.4)01143434
(-0.9, 0.0, 0.4)01143486
(-0.9, 0.0, 0.4)01143536
(-0.9, 0.0, 0.4)01143587
(-0.9, 0.0, 0.4)01143639
(-0.9, 0.0, 0.4)01143690
(-0.9, 0.0, 0.4)01143741
(-0.9, 0.0, 0.4)01143792
(-0.9, 0.0, 0.4)01143843
(-0.9, 0.0, 0.4)01143894
(-0.9, 0.0, 0.4)01143945
(-0.9, 0.0, 0.4)01143997
(-0.9, 0.0, 0.4)01144048
(-0.9, 0.0, 0.4)01144098
(-0.9, 0.0, 0.4)01144154
(-0.9, 0.0, 0.4)01144204
(-0.9, 0.0, 0.4)01144254
(-0.9, 0.0, 0.4)01144305
(-0.9, 0.0, 0.4)01144355
(-0.9, 0.0, 0.4)01144406
(-0.9, 0.0, 0.4)01144457
(-0.9, 0.0, 0.4)01144507
(-0.9, 0.0, 0.4)01144558
(-0.9, 0.0, 0.4)01144609
(-0.9, 0.0, 0.4)01144660
(-0.9, 0.0, 0.4)01144710
(-0.9, 0.0, 0.4)01144761
(-0.9, 0.0, 0.4)01144812
(-0.9, 0.0, 0.4)01144862
(-0.9, 0.0, 0.4)01144914
(-0.9, 0.0, 0.4)01144966
(-0.9, 0.0, 0.4)01145016
(-0.9, 0.0, 0.4)01145067
(-0.9, 0.0, 0.4)01145118
(-0.9, 0.0, 0.4)01145170
(-0.9, 0.0, 0.4)01145220
(-0.9, 0.0, 0.4)01145272
(-0.9, 0.0, 0.4)01145323
(-0.9, 0.0, 0.4)01145373
(-0.9, 0.0, 0.4)01145424
(-0.9, 0.0, 0.4)01145474
(-0.9, 0.0, 0.4)01145525
(-0.9, 0.0, 0.4)01145576
(-0.9, 0.0, 0.4)01145626
(-0.9, 0.0, 0.4)01145677
(-0.9, 0.0, 0.4)01145728
(-0.9, 0.0, 0.4)01145782
(-0.9, 0.0, 0.4)01145832
(-0.9, 0.0, 0.4)01145883
(-0.9, 0.0, 0.4)01145934
(-0.9, 0.0, 0.4)01145985
(-0.9, 0.0, 0.4)01150036
(-0.9, 0.0, 0.4)01150089
(-0.9, 0.0, 0.4)01150139
(-0.9, 0.0, 0.4)01150190
(-0.9, 0.0, 0.4)01150241
(-0.9, 0.0, 0.4)01150291
(-0.9, 0.0, 0.4)01150342
(-0.9, 0.0, 0.4)01150394
(-0.9, 0.0, 0.4)01150444
(-0.9, 0.0, 0.4)01150495
(-0.9, 0.0, 0.4)01150549
(-0.9, 0.0, 0.4)01150599
(-0.9, 0.0, 0.4)01150650
(-0.9, 0.0, 0.4)01150701
(-0.9, 0.0, 0.4)01150751
(-0.9, 0.0, 0.4)01150802
(-0.9, 0.0, 0.4)01150853
(-0.9, 0.0, 0.4)01150904
(-0.9, 0.0, 0.4)01150955
(-0.9, 0.0, 0.4)01151005
(-0.9, 0.0, 0.4)01151056
(-0.9, 0.0, 0.4)01151107
(-0.9, 0.0, 0.4)01151157
(-0.9, 0.0, 0.4)01151211
(-0.9, 0.0, 0.4)01151262
(-0.9, 0.0, 0.4)01151312
(-0.9, 0.0, 0.4)01151363
(-0.9, 0.0, 0.4)01151414
(-0.9, 0.0, 0.4)01151465
(-0.9, 0.0, 0.4)01151517
(-0.9, 0.0, 0.4)01151568
(-0.9, 0.0, 0.4)01151619
(-0.9, 0.0, 0.4)01151670
(-0.9, 0.0, 0.4)01151720
(-0.9, 0.0, 0.4)01151771
(-0.9, 0.0, 0.4)01151823
(-0.9, 0.0, 0.4)01151874
(-0.9, 0.0, 0.4)01151925
(-0.9, 0.0, 0.4)01151975
(-0.9, 0.0, 0.4)01152025
(-0.9, 0.0, 0.4)01152077
(-0.9, 0.0, 0.4)01152127
(-0.9, 0.0, 0.4)01152179
(-0.9, 0.0, 0.4)01152230
(-0.9, 0.0, 0.4)01152281
(-0.9, 0.0, 0.4)01152332
(-0.9, 0.0, 0.4)01152384
(-0.9, 0.0, 0.4)01152435
(-0.9, 0.0, 0.4)01152486
(-0.9, 0.0, 0.4)01152537
(-0.9, 0.0, 0.4)01152587
(-0.9, 0.0, 0.4)01152640
(-0.9, 0.0, 0.4)01152692
(-0.9, 0.0, 0.4)01152743
(-0.9, 0.0, 0.4)01152796
(-0.9, 0.0, 0.4)01152847
(-0.9, 0.0, 0.4)01152898
(-0.9, 0.0, 0.4)01152949
(-0.9, 0.0, 0.4)01153000
(-0.9, 0.0, 0.4)01153051
(-0.9, 0.0, 0.4)01153104
(-0.9, 0.0, 0.4)01153154
(-0.9, 0.0, 0.4)01153205
(-0.9, 0.0, 0.4)01153257
(-0.9, 0.0, 0.4)01153307
(-0.9, 0.0, 0.4)01153358
(-0.9, 0.0, 0.4)01153410
(-0.9, 0.0, 0.4)01153461
(-0.9, 0.0, 0.4)01153511
(-0.9, 0.0, 0.4)01153562
(-0.9, 0.0, 0.4)01153614
(-0.9, 0.0, 0.4)01153665
(-0.9, 0.0, 0.4)01153717
(-0.9, 0.0, 0.4)01153767
(-0.9, 0.0, 0.4)01153819
(-0.9, 0.0, 0.4)01153870
(-0.9, 0.0, 0.4)01153920
(-0.9, 0.0, 0.4)01153970
(-0.9, 0.0, 0.4)01154022
(-0.9, 0.0, 0.4)01154073
(-0.9, 0.0, 0.4)01154123
(-0.9, 0.0, 0.4)01154174
(-0.9, 0.0, 0.4)01154225
(-0.9, 0.0, 0.4)01154275
(-0.9, 0.0, 0.4)01154327
(-0.9, 0.0, 0.4)01154380
(-0.9, 0.0, 0.4)01154432
(-0.9, 0.0, 0.4)01154483
(-0.9, 0.0, 0.4)01154536
(-0.9, 0.0, 0.4)01154587
(-0.9, 0.0, 0.4)01154638
(-0.9, 0.0, 0.4)01154689
(-0.9, 0.0, 0.4)01154740
(-0.9, 0.0, 0.4)01154790
(-0.9, 0.0, 0.4)01154842
(-0.9, 0.0, 0.4)01154895
(-0.9, 0.0, 0.4)01154945
(-0.9, 0.0, 0.4)01154997
(-0.9, 0.0, 0.4)01155048
(-0.9, 0.0, 0.4)01155099
(-0.9, 0.0, 0.4)01155150
(-0.9, 0.0, 0.4)01155201
(-0.9, 0.0, 0.4)01155252
(-0.9, 0.0, 0.4)01155303
(-0.9, 0.0, 0.4)01155353
(-0.9, 0.0, 0.4)01155404
(-0.9, 0.0, 0.4)01155456
(-0.9, 0.0, 0.4)01155506
(-0.9, 0.0, 0.4)01155557
(-0.9, 0.0, 0.4)01155607
(-0.9, 0.0, 0.4)01155659
(-0.9, 0.0, 0.4)01155710
(-0.9, 0.0, 0.4)01155760
(-0.9, 0.0, 0.4)01155815
(-0.9, 0.0, 0.4)01155866
(-0.9, 0.0, 0.4)01155917
(-0.9, 0.0, 0.4)01155969
(-0.9, 0.0, 0.4)01160018
(-0.9, 0.0, 0.4)01160069
(-0.9, 0.0, 0.4)01160119
(-0.9, 0.0, 0.4)01160169
(-0.9, 0.0, 0.4)01160221
(-0.9, 0.0, 0.4)01160272
(-0.9, 0.0, 0.4)01160322
(-0.9, 0.0, 0.4)01160372
(-0.9, 0.0, 0.4)01160423
(-0.9, 0.0, 0.4)01160475
(-0.9, 0.0, 0.4)01160526
(-0.9, 0.0, 0.4)01160578
(-0.9, 0.0, 0.4)01160631
(-0.9, 0.0, 0.4)01160681
(-0.9, 0.0, 0.4)01160732
(-0.9, 0.0, 0.4)01160785
(-0.9, 0.0, 0.4)01160834
(-0.9, 0.0, 0.4)01160884
(-0.9, 0.0, 0.4)01160936
(-0.9, 0.0, 0.4)01160986
(-0.9, 0.0, 0.4)01161037
(-0.9, 0.0, 0.4)01161091
(-0.9, 0.0, 0.4)01161142
(-0.9, 0.0, 0.4)01161193
(-0.9, 0.0, 0.4)01161246
(-0.9, 0.0, 0.4)01161297
(-0.9, 0.0, 0.4)01161349
(-0.9, 0.0, 0.4)01161400
(-0.9, 0.0, 0.4)01161451
(-0.9, 0.0, 0.4)01161502
(-0.9, 0.0, 0.4)01161554
(-0.9, 0.0, 0.4)01161605
(-0.9, 0.0, 0.4)01161656
(-0.9, 0.0, 0.4)01161707
(-0.9, 0.0, 0.4)01161759
(-0.9, 0.0, 0.4)01161809
(-0.9, 0.0, 0.4)01161859
(-0.9, 0.0, 0.4)01161910
(-0.9, 0.0, 0.4)01161961
(-0.9, 0.0, 0.4)01162011
(-0.9, 0.0, 0.4)01162063
(-0.9, 0.0, 0.4)01162114
(-0.9, 0.0, 0.4)01162165
(-0.9, 0.0, 0.4)01162217
(-0.9, 0.0, 0.4)01162268
(-0.9, 0.0, 0.4)01162319
(-0.9, 0.0, 0.4)01162371
(-0.9, 0.0, 0.4)01162421
(-0.9, 0.0, 0.4)01162471
(-0.9, 0.0, 0.4)01162522
(-0.9, 0.0, 0.4)01162573
(-0.9, 0.0, 0.4)01162623
(-0.9, 0.0, 0.4)01162674
(-0.9, 0.0, 0.4)01162726
(-0.9, 0.0, 0.4)01162777
(-0.9, 0.0, 0.4)01162828
(-0.9, 0.0, 0.4)01162880
(-0.9, 0.0, 0.4)01162931
(-0.9, 0.0, 0.4)01162982
(-0.9, 0.0, 0.4)01163035
(-0.9, 0.0, 0.4)01163085
(-0.9, 0.0, 0.4)01163136
(-0.9, 0.0, 0.4)01163188
(-0.9, 0.0, 0.4)01163240
(-0.9, 0.0, 0.4)01163291
(-0.9, 0.0, 0.4)01163342
(-0.9, 0.0, 0.4)01163392
(-0.9, 0.0, 0.4)01163443
(-0.9, 0.0, 0.4)01163497
(-0.9, 0.0, 0.4)01163547
(-0.9, 0.0, 0.4)01163599
(-0.9, 0.0, 0.4)01163651
(-0.9, 0.0, 0.4)01163700
(-0.9, 0.0, 0.4)01163753
(-0.9, 0.0, 0.4)01163804
(-0.9, 0.0, 0.4)01163854
(-0.9, 0.0, 0.4)01163905
(-0.9, 0.0, 0.4)01163956
(-0.9, 0.0, 0.4)01164007
(-0.9, 0.0, 0.4)01164057
(-0.9, 0.0, 0.4)01164109
(-0.9, 0.0, 0.4)01164159
(-0.9, 0.0, 0.4)01164211
(-0.9, 0.0, 0.4)01164264
(-0.9, 0.0, 0.4)01164315
(-0.9, 0.0, 0.4)01164366
(-0.9, 0.0, 0.4)01164416
(-0.9, 0.0, 0.4)01164468
(-0.9, 0.0, 0.4)01164519
(-0.9, 0.0, 0.4)01164569
(-0.9, 0.0, 0.4)01164620
(-0.9, 0.0, 0.4)01164670
(-0.9, 0.0, 0.4)01164721
(-0.9, 0.0, 0.4)01164773
(-0.9, 0.0, 0.4)01164823
(-0.9, 0.0, 0.4)01164874
(-0.9, 0.0, 0.4)01164925
(-0.9, 0.0, 0.4)01164976
(-0.9, 0.0, 0.4)01165026
(-0.9, 0.0, 0.4)01165079
(-0.9, 0.0, 0.4)01165129
(-0.9, 0.0, 0.4)01165180
(-0.9, 0.0, 0.4)01165230
(-0.9, 0.0, 0.4)01165281
(-0.9, 0.0, 0.4)01165332
(-0.9, 0.0, 0.4)01165383
(-0.9, 0.0, 0.4)01165434
(-0.9, 0.0, 0.4)01165485
(-0.9, 0.0, 0.4)01165535
(-0.9, 0.0, 0.4)01165587
(-0.9, 0.0, 0.4)01165638
(-0.9, 0.0, 0.4)01165688
(-0.9, 0.0, 0.4)01165740
(-0.9, 0.0, 0.4)01165792
(-0.9, 0.0, 0.4)01165843
(-0.9, 0.0, 0.4)01165896
(-0.9, 0.0, 0.4)01165946
(-0.9, 0.0, 0.4)01165997
(-0.9, 0.0, 0.4)01170051
(-0.9, 0.0, 0.4)01170100
(-0.9, 0.0, 0.4)01170151
(-0.9, 0.0, 0.4)01170203
(-0.9, 0.0, 0.4)01170254
(-0.9, 0.0, 0.4)01170305
(-0.9, 0.0, 0.4)01170359
(-0.9, 0.0, 0.4)01170409
(-0.9, 0.0, 0.4)01170461
(-0.9, 0.0, 0.4)01170511
(-0.9, 0.0, 0.4)01170562
(-0.9, 0.0, 0.4)01170612
(-0.9, 0.0, 0.4)01170665
(-0.9, 0.0, 0.4)01170716
(-0.9, 0.0, 0.4)01170766
(-0.9, 0.0, 0.4)01170820
(-0.9, 0.0, 0.4)01170869
(-0.9, 0.0, 0.4)01170921
(-0.9, 0.0, 0.4)01170973
(-0.9, 0.0, 0.4)01171024
(-0.9, 0.0, 0.4)01171075
(-0.9, 0.0, 0.4)01171126
(-0.9, 0.0, 0.4)01171177
(-0.9, 0.0, 0.4)01171227
(-0.9, 0.0, 0.4)01171278
(-0.9, 0.0, 0.4)01171328
(-0.9, 0.0, 0.4)01171379
(-0.9, 0.0, 0.4)01171431
(-0.9, 0.0, 0.4)01171481
(-0.9, 0.0, 0.4)01171533
(-0.9, 0.0, 0.4)01171584
(-0.9, 0.0, 0.4)01171635
(-0.9, 0.0, 0.4)01171684
(-0.9, 0.0, 0.4)01171736
(-0.9, 0.0, 0.4)01171788
(-0.9, 0.0, 0.4)01171839
(-0.9, 0.0, 0.4)01171890
(-0.9, 0.0, 0.4)01171941
(-0.9, 0.0, 0.4)01171992
(-0.9, 0.0, 0.4)01172043
(-0.9, 0.0, 0.4)01172094
(-0.9, 0.0, 0.4)01172149
(-0.9, 0.0, 0.4)01172199
(-0.9, 0.0, 0.4)01172250
(-0.9, 0.0, 0.4)01172306
(-0.9, 0.0, 0.4)01172356
(-0.9, 0.0, 0.4)01172408
(-0.9, 0.0, 0.4)01172458
(-0.9, 0.0, 0.4)01172508
(-0.9, 0.0, 0.4)01172560
(-0.9, 0.0, 0.4)01172611
(-0.9, 0.0, 0.4)01172661
(-0.9, 0.0, 0.4)01172712
(-0.9, 0.0, 0.4)01172763
(-0.9, 0.0, 0.4)01172815
(-0.9, 0.0, 0.4)01172865
(-0.9, 0.0, 0.4)01172915
(-0.9, 0.0, 0.4)01172966
(-0.9, 0.0, 0.4)01173017
(-0.9, 0.0, 0.4)01173067
(-0.9, 0.0, 0.4)01173118
(-0.9, 0.0, 0.4)01173169
(-0.9, 0.0, 0.4)01173219
(-0.9, 0.0, 0.4)01173272
(-0.9, 0.0, 0.4)01173323
(-0.9, 0.0, 0.4)01173374
(-0.9, 0.0, 0.4)01173427
(-0.9, 0.0, 0.4)01173478
(-0.9, 0.0, 0.4)01173530
(-0.9, 0.0, 0.4)01173582
(-0.9, 0.0, 0.4)01173632
(-0.9, 0.0, 0.4)01173682
(-0.9, 0.0, 0.4)01173736
(-0.9, 0.0, 0.4)01173787
(-0.9, 0.0, 0.4)01173837
(-0.9, 0.0, 0.4)01173887
(-0.9, 0.0, 0.4)01173939
(-0.9, 0.0, 0.4)01173989
(-0.9, 0.0, 0.4)01174041
(-0.9, 0.0, 0.4)01174092
(-0.9, 0.0, 0.4)01174143
(-0.9, 0.0, 0.4)01174194
(-0.9, 0.0, 0.4)01174246
(-0.9, 0.0, 0.4)01174296
(-0.9, 0.0, 0.4)01174348
(-0.9, 0.0, 0.4)01174399
(-0.9, 0.0, 0.4)01174450
(-0.9, 0.0, 0.4)01174500
(-0.9, 0.0, 0.4)01174552
(-0.9, 0.0, 0.4)01174603
(-0.9, 0.0, 0.4)01174654
(-0.9, 0.0, 0.4)01174707
(-0.9, 0.0, 0.4)01174757
(-0.9, 0.0, 0.4)01174810
(-0.9, 0.0, 0.4)01174865
(-0.9, 0.0, 0.4)01174915
(-0.9, 0.0, 0.4)01174966
(-0.9, 0.0, 0.4)01175020
(-0.9, 0.0, 0.4)01175071
(-0.9, 0.0, 0.4)01175121
(-0.9, 0.0, 0.4)01175173
(-0.9, 0.0, 0.4)01175224
(-0.9, 0.0, 0.4)01175275
(-0.9, 0.0, 0.4)01175326
(-0.9, 0.0, 0.4)01175377
(-0.9, 0.0, 0.4)01175428
(-0.9, 0.0, 0.4)01175479
(-0.9, 0.0, 0.4)01175530
(-0.9, 0.0, 0.4)01175582
(-0.9, 0.0, 0.4)01175633
(-0.9, 0.0, 0.4)01175684
(-0.9, 0.0, 0.4)01175734
(-0.9, 0.0, 0.4)01175785
(-0.9, 0.0, 0.4)01175836
(-0.9, 0.0, 0.4)01175886
(-0.9, 0.0, 0.4)01175937
(-0.9, 0.0, 0.4)01175988
(-0.9, 0.0, 0.4)01180039
(-0.9, 0.0, 0.4)01180090
(-0.9, 0.0, 0.4)01180142
(-0.9, 0.0, 0.4)01180193
(-0.9, 0.0, 0.4)01180244
(-0.9, 0.0, 0.4)01180296
(-0.9, 0.0, 0.4)01180347
(-0.9, 0.0, 0.4)01180398
(-0.9, 0.0, 0.4)01180449
(-0.9, 0.0, 0.4)01180500
(-0.9, 0.0, 0.4)01180551
(-0.9, 0.0, 0.4)01180601
(-0.9, 0.0, 0.4)01180653
(-0.9, 0.0, 0.4)01180704
(-0.9, 0.0, 0.4)01180755
(-0.9, 0.0, 0.4)01180805
(-0.9, 0.0, 0.4)01180855
(-0.9, 0.0, 0.4)01180907
(-0.9, 0.0, 0.4)01180958
(-0.9, 0.0, 0.4)01181009
(-0.9, 0.0, 0.4)01181060
(-0.9, 0.0, 0.4)01181112
(-0.9, 0.0, 0.4)01181163
(-0.9, 0.0, 0.4)01181215
(-0.9, 0.0, 0.4)01181270
(-0.9, 0.0, 0.4)01181321
(-0.9, 0.0, 0.4)01181372
(-0.9, 0.0, 0.4)01181424
(-0.9, 0.0, 0.4)01181474
(-0.9, 0.0, 0.4)01181524
(-0.9, 0.0, 0.4)01181576
(-0.9, 0.0, 0.4)01181627
(-0.9, 0.0, 0.4)01181678
(-0.9, 0.0, 0.4)01181729
(-0.9, 0.0, 0.4)01181780
(-0.9, 0.0, 0.4)01181831
(-0.9, 0.0, 0.4)01181881
(-0.9, 0.0, 0.4)01181933
(-0.9, 0.0, 0.4)01181984
(-0.9, 0.0, 0.4)01182035
(-0.9, 0.0, 0.4)01182086
(-0.9, 0.0, 0.4)01182137
(-0.9, 0.0, 0.4)01182189
(-0.9, 0.0, 0.4)01182240
(-0.9, 0.0, 0.4)01182291
(-0.9, 0.0, 0.4)01182344
(-0.9, 0.0, 0.4)01182398
(-0.9, 0.0, 0.4)01182448
(-0.9, 0.0, 0.4)01182500
(-0.9, 0.0, 0.4)01182555
(-0.9, 0.0, 0.4)01182605
(-0.9, 0.0, 0.4)01182656
(-0.9, 0.0, 0.4)01182707
(-0.9, 0.0, 0.4)01182757
(-0.9, 0.0, 0.4)01182808
(-0.9, 0.0, 0.4)01182858
(-0.9, 0.0, 0.4)01182909
(-0.9, 0.0, 0.4)01182961
(-0.9, 0.0, 0.4)01183013
(-0.9, 0.0, 0.4)01183063
(-0.9, 0.0, 0.4)01183115
(-0.9, 0.0, 0.4)01183166
(-0.9, 0.0, 0.4)01183218
(-0.9, 0.0, 0.4)01183270
(-0.9, 0.0, 0.4)01183320
(-0.9, 0.0, 0.4)01183371
(-0.9, 0.0, 0.4)01183422
(-0.9, 0.0, 0.4)01183472
(-0.9, 0.0, 0.4)01183523
(-0.9, 0.0, 0.4)01183573
(-0.9, 0.0, 0.4)01183625
(-0.9, 0.0, 0.4)01183679
(-0.9, 0.0, 0.4)01183730
(-0.9, 0.0, 0.4)01183781
(-0.9, 0.0, 0.4)01183832
(-0.9, 0.0, 0.4)01183884
(-0.9, 0.0, 0.4)01183934
(-0.9, 0.0, 0.4)01183985
(-0.9, 0.0, 0.4)01184036
(-0.9, 0.0, 0.4)01184087
(-0.9, 0.0, 0.4)01184138
(-0.9, 0.0, 0.4)01184190
(-0.9, 0.0, 0.4)01184241
(-0.9, 0.0, 0.4)01184291
(-0.9, 0.0, 0.4)01184344
(-0.9, 0.0, 0.4)01184394
(-0.9, 0.0, 0.4)01184445
(-0.9, 0.0, 0.4)01184497
(-0.9, 0.0, 0.4)01184548
(-0.9, 0.0, 0.4)01184599
(-0.9, 0.0, 0.4)01184649
(-0.9, 0.0, 0.4)01184700
(-0.9, 0.0, 0.4)01184751
(-0.9, 0.0, 0.4)01184805
(-0.9, 0.0, 0.4)01184854
(-0.9, 0.0, 0.4)01184905
(-0.9, 0.0, 0.4)01184956
(-0.9, 0.0, 0.4)01185008
(-0.9, 0.0, 0.4)01185058
(-0.9, 0.0, 0.4)01185109
(-0.9, 0.0, 0.4)01185161
(-0.9, 0.0, 0.4)01185211
(-0.9, 0.0, 0.4)01185263
(-0.9, 0.0, 0.4)01185314
(-0.9, 0.0, 0.4)01185366
(-0.9, 0.0, 0.4)01185418
(-0.9, 0.0, 0.4)01185469
(-0.9, 0.0, 0.4)01185519
(-0.9, 0.0, 0.4)01185569
(-0.9, 0.0, 0.4)01185620
(-0.9, 0.0, 0.4)01185671
(-0.9, 0.0, 0.4)01185721
(-0.9, 0.0, 0.4)01185772
(-0.9, 0.0, 0.4)01185823
(-0.9, 0.0, 0.4)01185873
(-0.9, 0.0, 0.4)01185923
(-0.9, 0.0, 0.4)01185973
(-0.9, 0.0, 0.4)01190024
(-0.9, 0.0, 0.4)01190076
(-0.9, 0.0, 0.4)01190127
(-0.9, 0.0, 0.4)01190179
(-0.9, 0.0, 0.4)01190230
(-0.9, 0.0, 0.4)01190280
(-0.9, 0.0, 0.4)01190331
(-0.9, 0.0, 0.4)01190383
(-0.9, 0.0, 0.4)01190433
(-0.9, 0.0, 0.4)01190484
(-0.9, 0.0, 0.4)01190535
(-0.9, 0.0, 0.4)01190586
(-0.9, 0.0, 0.4)01190636
(-0.9, 0.0, 0.4)01190687
(-0.9, 0.0, 0.4)01190740
(-0.9, 0.0, 0.4)01190791
(-0.9, 0.0, 0.4)01190842
(-0.9, 0.0, 0.4)01190896
(-0.9, 0.0, 0.4)01190946
(-0.9, 0.0, 0.4)01190996
(-0.9, 0.0, 0.4)01191047
(-0.9, 0.0, 0.4)01191098
(-0.9, 0.0, 0.4)01191150
(-0.9, 0.0, 0.4)01191200
(-0.9, 0.0, 0.4)01191252
(-0.9, 0.0, 0.4)01191303
(-0.9, 0.0, 0.4)01191354
(-0.9, 0.0, 0.4)01191407
(-0.9, 0.0, 0.4)01191457
(-0.9, 0.0, 0.4)01191508
(-0.9, 0.0, 0.4)01191562
(-0.9, 0.0, 0.4)01191613
(-0.9, 0.0, 0.4)01191664
(-0.9, 0.0, 0.4)01191717
(-0.9, 0.0, 0.4)01191768
(-0.9, 0.0, 0.4)01191818
(-0.9, 0.0, 0.4)01191873
(-0.9, 0.0, 0.4)01191924
(-0.9, 0.0, 0.4)01191975
(-0.9, 0.0, 0.4)01192029
(-0.9, 0.0, 0.4)01192079
(-0.9, 0.0, 0.4)01192131
(-0.9, 0.0, 0.4)01192183
(-0.9, 0.0, 0.4)01192233
(-0.9, 0.0, 0.4)01192283
(-0.9, 0.0, 0.4)01192335
(-0.9, 0.0, 0.4)01192386
(-0.9, 0.0, 0.4)01192436
(-0.9, 0.0, 0.4)01192488
(-0.9, 0.0, 0.4)01192540
(-0.9, 0.0, 0.4)01192590
(-0.9, 0.0, 0.4)01192640
(-0.9, 0.0, 0.4)01192693
(-0.9, 0.0, 0.4)01192743
(-0.9, 0.0, 0.4)01192794
(-0.9, 0.0, 0.4)01192847
(-0.9, 0.0, 0.4)01192897
(-0.9, 0.0, 0.4)01192948
(-0.9, 0.0, 0.4)01193000
(-0.9, 0.0, 0.4)01193050
(-0.9, 0.0, 0.4)01193101
(-0.9, 0.0, 0.4)01193155
(-0.9, 0.0, 0.4)01193207
(-0.9, 0.0, 0.4)01193257
(-0.9, 0.0, 0.4)01193310
(-0.9, 0.0, 0.4)01193360
(-0.9, 0.0, 0.4)01193411
(-0.9, 0.0, 0.4)01193462
(-0.9, 0.0, 0.4)01193513
(-0.9, 0.0, 0.4)01193565
(-0.9, 0.0, 0.4)01193616
(-0.9, 0.0, 0.4)01193666
(-0.9, 0.0, 0.4)01193718
(-0.9, 0.0, 0.4)01193768
(-0.9, 0.0, 0.4)01193818
(-0.9, 0.0, 0.4)01193870
(-0.9, 0.0, 0.4)01193921
(-0.9, 0.0, 0.4)01193973
(-0.9, 0.0, 0.4)01194024
(-0.9, 0.0, 0.4)01194074
(-0.9, 0.0, 0.4)01194127
(-0.9, 0.0, 0.4)01194179
(-0.9, 0.0, 0.4)01194230
(-0.9, 0.0, 0.4)01194285
(-0.9, 0.0, 0.4)01194335
(-0.9, 0.0, 0.4)01194386
(-0.9, 0.0, 0.4)01194440
(-0.9, 0.0, 0.4)01194490
(-0.9, 0.0, 0.4)01194541
(-0.9, 0.0, 0.4)01194593
(-0.9, 0.0, 0.4)01194645
(-0.9, 0.0, 0.4)01194695
(-0.9, 0.0, 0.4)01194747
(-0.9, 0.0, 0.4)01194798
(-0.9, 0.0, 0.4)01194849
(-0.9, 0.0, 0.4)01194900
(-0.9, 0.0, 0.4)01194951
(-0.9, 0.0, 0.4)01195002
(-0.9, 0.0, 0.4)01195053
(-0.9, 0.0, 0.4)01195104
(-0.9, 0.0, 0.4)01195154
(-0.9, 0.0, 0.4)01195205
(-0.9, 0.0, 0.4)01195256
(-0.9, 0.0, 0.4)01195306
(-0.9, 0.0, 0.4)01195357
(-0.9, 0.0, 0.4)01195407
(-0.9, 0.0, 0.4)01195459
(-0.9, 0.0, 0.4)01195510
(-0.9, 0.0, 0.4)01195563
(-0.9, 0.0, 0.4)01195615
(-0.9, 0.0, 0.4)01195666
(-0.9, 0.0, 0.4)01195717
(-0.9, 0.0, 0.4)01195770
(-0.9, 0.0, 0.4)01195820
(-0.9, 0.0, 0.4)01195872
(-0.9, 0.0, 0.4)01195923
(-0.9, 0.0, 0.4)01195973
(-0.9, 0.0, 0.4)01200023
(-0.9, 0.0, 0.4)01200075
(-0.9, 0.0, 0.4)01200127
(-0.9, 0.0, 0.4)01200178
(-0.9, 0.0, 0.4)01200231
(-0.9, 0.0, 0.4)01200282
(-0.9, 0.0, 0.4)01200332
(-0.9, 0.0, 0.4)01200387
(-0.9, 0.0, 0.4)01200438
(-0.9, 0.0, 0.4)01200489
(-0.9, 0.0, 0.4)01200543
(-0.9, 0.0, 0.4)01200594
(-0.9, 0.0, 0.4)01200644
(-0.9, 0.0, 0.4)01200696
(-0.9, 0.0, 0.4)01200747
(-0.9, 0.0, 0.4)01200798
(-0.9, 0.0, 0.4)01200850
(-0.9, 0.0, 0.4)01200901
(-0.9, 0.0, 0.4)01200951
(-0.9, 0.0, 0.4)01201002
(-0.9, 0.0, 0.4)01201053
(-0.9, 0.0, 0.4)01201103
(-0.9, 0.0, 0.4)01201153
(-0.9, 0.0, 0.4)01201206
(-0.9, 0.0, 0.4)01201257
(-0.9, 0.0, 0.4)01201309
(-0.9, 0.0, 0.4)01201360
(-0.9, 0.0, 0.4)01201411
(-0.9, 0.0, 0.4)01201461
(-0.9, 0.0, 0.4)01201516
(-0.9, 0.0, 0.4)01201565
(-0.9, 0.0, 0.4)01201616
(-0.9, 0.0, 0.4)01201670
(-0.9, 0.0, 0.4)01201721
(-0.9, 0.0, 0.4)01201771
(-0.9, 0.0, 0.4)01201823
(-0.9, 0.0, 0.4)01201874
(-0.9, 0.0, 0.4)01201925
(-0.9, 0.0, 0.4)01201977
(-0.9, 0.0, 0.4)01202027
(-0.9, 0.0, 0.4)01202078
(-0.9, 0.0, 0.4)01202128
(-0.9, 0.0, 0.4)01202179
(-0.9, 0.0, 0.4)01202229
(-0.9, 0.0, 0.4)01202280
(-0.9, 0.0, 0.4)01202331
(-0.9, 0.0, 0.4)01202382
(-0.9, 0.0, 0.4)01202435
(-0.9, 0.0, 0.4)01202485
(-0.9, 0.0, 0.4)01202535
(-0.9, 0.0, 0.4)01202587
(-0.9, 0.0, 0.4)01202638
(-0.9, 0.0, 0.4)01202690
(-0.9, 0.0, 0.4)01202740
(-0.9, 0.0, 0.4)01202792
(-0.9, 0.0, 0.4)01202842
(-0.9, 0.0, 0.4)01202893
(-0.9, 0.0, 0.4)01202946
(-0.9, 0.0, 0.4)01202997
(-0.9, 0.0, 0.4)01203048
(-0.9, 0.0, 0.4)01203103
(-0.9, 0.0, 0.4)01203153
(-0.9, 0.0, 0.4)01203204
(-0.9, 0.0, 0.4)01203256
(-0.9, 0.0, 0.4)01203306
(-0.9, 0.0, 0.4)01203357
(-0.9, 0.0, 0.4)01203409
(-0.9, 0.0, 0.4)01203459
(-0.9, 0.0, 0.4)01203509
(-0.9, 0.0, 0.4)01203562
(-0.9, 0.0, 0.4)01203613
(-0.9, 0.0, 0.4)01203665
(-0.9, 0.0, 0.4)01203717
(-0.9, 0.0, 0.4)01203768
(-0.9, 0.0, 0.4)01203819
(-0.9, 0.0, 0.4)01203870
(-0.9, 0.0, 0.4)01203921
(-0.9, 0.0, 0.4)01203972
(-0.9, 0.0, 0.4)01204023
(-0.9, 0.0, 0.4)01204074
(-0.9, 0.0, 0.4)01204125
(-0.9, 0.0, 0.4)01204176
(-0.9, 0.0, 0.4)01204228
(-0.9, 0.0, 0.4)01204279
(-0.9, 0.0, 0.4)01204331
(-0.9, 0.0, 0.4)01204381
(-0.9, 0.0, 0.4)01204432
(-0.9, 0.0, 0.4)01204484
(-0.9, 0.0, 0.4)01204536
(-0.9, 0.0, 0.4)01204586
(-0.9, 0.0, 0.4)01204637
(-0.9, 0.0, 0.4)01204689
(-0.9, 0.0, 0.4)01204740
(-0.9, 0.0, 0.4)01204791
(-0.9, 0.0, 0.4)01204844
(-0.9, 0.0, 0.4)01204894
(-0.9, 0.0, 0.4)01204946
(-0.9, 0.0, 0.4)01204999
(-0.9, 0.0, 0.4)01205050
(-0.9, 0.0, 0.4)01205101
(-0.9, 0.0, 0.4)01205153
(-0.9, 0.0, 0.4)01205203
(-0.9, 0.0, 0.4)01205254
(-0.9, 0.0, 0.4)01205305
(-0.9, 0.0, 0.4)01205357
(-0.9, 0.0, 0.4)01205408
(-0.9, 0.0, 0.4)01205459
(-0.9, 0.0, 0.4)01205509
(-0.9, 0.0, 0.4)01205560
(-0.9, 0.0, 0.4)01205611
(-0.9, 0.0, 0.4)01205662
(-0.9, 0.0, 0.4)01205712
(-0.9, 0.0, 0.4)01205763
(-0.9, 0.0, 0.4)01205816
(-0.9, 0.0, 0.4)01205866
(-0.9, 0.0, 0.4)01205917
(-0.9, 0.0, 0.4)01205970
(-0.9, 0.0, 0.4)01210020
(-0.9, 0.0, 0.4)01210071
(-0.9, 0.0, 0.4)01210127
(-0.9, 0.0, 0.4)01210177
(-0.9, 0.0, 0.4)01210228
(-0.9, 0.0, 0.4)01210283
(-0.9, 0.0, 0.4)01210333
(-0.9, 0.0, 0.4)01210385
(-0.9, 0.0, 0.4)01210437
(-0.9, 0.0, 0.4)01210488
(-0.9, 0.0, 0.4)01210538
(-0.9, 0.0, 0.4)01210591
(-0.9, 0.0, 0.4)01210642
(-0.9, 0.0, 0.4)01210693
(-0.9, 0.0, 0.4)01210746
(-0.9, 0.0, 0.4)01210795
(-0.9, 0.0, 0.4)01210845
(-0.9, 0.0, 0.4)01210896
(-0.9, 0.0, 0.4)01210947
(-0.9, 0.0, 0.4)01210997
(-0.9, 0.0, 0.4)01211047
(-0.9, 0.0, 0.4)01211099
(-0.9, 0.0, 0.4)01211149
(-0.9, 0.0, 0.4)01211200
(-0.9, 0.0, 0.4)01211250
(-0.9, 0.0, 0.4)01211301
(-0.9, 0.0, 0.4)01211352
(-0.9, 0.0, 0.4)01211403
(-0.9, 0.0, 0.4)01211455
(-0.9, 0.0, 0.4)01211506
(-0.9, 0.0, 0.4)01211557
(-0.9, 0.0, 0.4)01211607
(-0.9, 0.0, 0.4)01211658
(-0.9, 0.0, 0.4)01211711
(-0.9, 0.0, 0.4)01211761
(-0.9, 0.0, 0.4)01211812
(-0.9, 0.0, 0.4)01211865
(-0.9, 0.0, 0.4)01211916
(-0.9, 0.0, 0.4)01211967
(-0.9, 0.0, 0.4)01212017
(-0.9, 0.0, 0.4)01212068
(-0.9, 0.0, 0.4)01212119
(-0.9, 0.0, 0.4)01212171
(-0.9, 0.0, 0.4)01212222
(-0.9, 0.0, 0.4)01212274
(-0.9, 0.0, 0.4)01212324
(-0.9, 0.0, 0.4)01212376
(-0.9, 0.0, 0.4)01212426
(-0.9, 0.0, 0.4)01212477
(-0.9, 0.0, 0.4)01212528
(-0.9, 0.0, 0.4)01212578
(-0.9, 0.0, 0.4)01212630
(-0.9, 0.0, 0.4)01212682
(-0.9, 0.0, 0.4)01212733
(-0.9, 0.0, 0.4)01212783
(-0.9, 0.0, 0.4)01212835
(-0.9, 0.0, 0.4)01212884
(-0.9, 0.0, 0.4)01212936
(-0.9, 0.0, 0.4)01212992
(-0.9, 0.0, 0.4)01213042
(-0.9, 0.0, 0.4)01213093
(-0.9, 0.0, 0.4)01213147
(-0.9, 0.0, 0.4)01213196
(-0.9, 0.0, 0.4)01213246
(-0.9, 0.0, 0.4)01213300
(-0.9, 0.0, 0.4)01213350
(-0.9, 0.0, 0.4)01213400
(-0.9, 0.0, 0.4)01213453
(-0.9, 0.0, 0.4)01213504
(-0.9, 0.0, 0.4)01213555
(-0.9, 0.0, 0.4)01213606
(-0.9, 0.0, 0.4)01213656
(-0.9, 0.0, 0.4)01213707
(-0.9, 0.0, 0.4)01213758
(-0.9, 0.0, 0.4)01213811
(-0.9, 0.0, 0.4)01213861
(-0.9, 0.0, 0.4)01213913
(-0.9, 0.0, 0.4)01213963
(-0.9, 0.0, 0.4)01214013
(-0.9, 0.0, 0.4)01214064
(-0.9, 0.0, 0.4)01214116
(-0.9, 0.0, 0.4)01214167
(-0.9, 0.0, 0.4)01214218
(-0.9, 0.0, 0.4)01214268
(-0.9, 0.0, 0.4)01214319
(-0.9, 0.0, 0.4)01214370
(-0.9, 0.0, 0.4)01214421
(-0.9, 0.0, 0.4)01214473
(-0.9, 0.0, 0.4)01214523
(-0.9, 0.0, 0.4)01214575
(-0.9, 0.0, 0.4)01214625
(-0.9, 0.0, 0.4)01214676
(-0.9, 0.0, 0.4)01214730
(-0.9, 0.0, 0.4)01214780
(-0.9, 0.0, 0.4)01214832
(-0.9, 0.0, 0.4)01214883
(-0.9, 0.0, 0.4)01214933
(-0.9, 0.0, 0.4)01214984
(-0.9, 0.0, 0.4)01215035
(-0.9, 0.0, 0.4)01215086
(-0.9, 0.0, 0.4)01215138
(-0.9, 0.0, 0.4)01215189
(-0.9, 0.0, 0.4)01215240
(-0.9, 0.0, 0.4)01215291
(-0.9, 0.0, 0.4)01215342
(-0.9, 0.0, 0.4)01215392
(-0.9, 0.0, 0.4)01215443
(-0.9, 0.0, 0.4)01215493
(-0.9, 0.0, 0.4)01215543
(-0.9, 0.0, 0.4)01215594
(-0.9, 0.0, 0.4)01215645
(-0.9, 0.0, 0.4)01215697
(-0.9, 0.0, 0.4)01215748
(-0.9, 0.0, 0.4)01215799
(-0.9, 0.0, 0.4)01215852
(-0.9, 0.0, 0.4)01215902
(-0.9, 0.0, 0.4)01215952
(-0.9, 0.0, 0.4)01220005
(-0.9, 0.0, 0.4)01220055
(-0.9, 0.0, 0.4)01220105
(-0.9, 0.0, 0.4)01220156
(-0.9, 0.0, 0.4)01220205
(-0.9, 0.0, 0.4)01220258
(-0.9, 0.0, 0.4)01220311
(-0.9, 0.0, 0.4)01220361
(-0.9, 0.0, 0.4)01220412
(-0.9, 0.0, 0.4)01220464
(-0.9, 0.0, 0.4)01220515
(-0.9, 0.0, 0.4)01220565
(-0.9, 0.0, 0.4)01220616
(-0.9, 0.0, 0.4)01220667
(-0.9, 0.0, 0.4)01220717
(-0.9, 0.0, 0.4)01220767
(-0.9, 0.0, 0.4)01220819
(-0.9, 0.0, 0.4)01220870
(-0.9, 0.0, 0.4)01220920
(-0.9, 0.0, 0.4)01220972
(-0.9, 0.0, 0.4)01221023
(-0.9, 0.0, 0.4)01221073
(-0.9, 0.0, 0.4)01221127
(-0.9, 0.0, 0.4)01221178
(-0.9, 0.0, 0.4)01221230
(-0.9, 0.0, 0.4)01221283
(-0.9, 0.0, 0.4)01221333
(-0.9, 0.0, 0.4)01221384
(-0.9, 0.0, 0.4)01221435
(-0.9, 0.0, 0.4)01221485
(-0.9, 0.0, 0.4)01221535
(-0.9, 0.0, 0.4)01221590
(-0.9, 0.0, 0.4)01221638
(-0.9, 0.0, 0.4)01221688
(-0.9, 0.0, 0.4)01221739
(-0.9, 0.0, 0.4)01221789
(-0.9, 0.0, 0.4)01221840
(-0.9, 0.0, 0.4)01221891
(-0.9, 0.0, 0.4)01221942
(-0.9, 0.0, 0.4)01221995
(-0.9, 0.0, 0.4)01222045
(-0.9, 0.0, 0.4)01222095
(-0.9, 0.0, 0.4)01222146
(-0.9, 0.0, 0.4)01222197
(-0.9, 0.0, 0.4)01222249
(-0.9, 0.0, 0.4)01222300
(-0.9, 0.0, 0.4)01222351
(-0.9, 0.0, 0.4)01222403
(-0.9, 0.0, 0.4)01222452
(-0.9, 0.0, 0.4)01222503
(-0.9, 0.0, 0.4)01222555
(-0.9, 0.0, 0.4)01222605
(-0.9, 0.0, 0.4)01222657
(-0.9, 0.0, 0.4)01222709
(-0.9, 0.0, 0.4)01222760
(-0.9, 0.0, 0.4)01222810
(-0.9, 0.0, 0.4)01222863
(-0.9, 0.0, 0.4)01222914
(-0.9, 0.0, 0.4)01222965
(-0.9, 0.0, 0.4)01223019
(-0.9, 0.0, 0.4)01223070
(-0.9, 0.0, 0.4)01223121
(-0.9, 0.0, 0.4)01223172
(-0.9, 0.0, 0.4)01223223
(-0.9, 0.0, 0.4)01223273
(-0.9, 0.0, 0.4)01223324
(-0.9, 0.0, 0.4)01223375
(-0.9, 0.0, 0.4)01223426
(-0.9, 0.0, 0.4)01223477
(-0.9, 0.0, 0.4)01223527
(-0.9, 0.0, 0.4)01223577
(-0.9, 0.0, 0.4)01223627
(-0.9, 0.0, 0.4)01223679
(-0.9, 0.0, 0.4)01223730
(-0.9, 0.0, 0.4)01223781
(-0.9, 0.0, 0.4)01223836
(-0.9, 0.0, 0.4)01223886
(-0.9, 0.0, 0.4)01223937
(-0.9, 0.0, 0.4)01223990
(-0.9, 0.0, 0.4)01224042
(-0.9, 0.0, 0.4)01224093
(-0.9, 0.0, 0.4)01224144
(-0.9, 0.0, 0.4)01224195
(-0.9, 0.0, 0.4)01224245
(-0.9, 0.0, 0.4)01224297
(-0.9, 0.0, 0.4)01224348
(-0.9, 0.0, 0.4)01224398
(-0.9, 0.0, 0.4)01224450
(-0.9, 0.0, 0.4)01224501
(-0.9, 0.0, 0.4)01224552
(-0.9, 0.0, 0.4)01224604
(-0.9, 0.0, 0.4)01224655
(-0.9, 0.0, 0.4)01224706
(-0.9, 0.0, 0.4)01224756
(-0.9, 0.0, 0.4)01224808
(-0.9, 0.0, 0.4)01224860
(-0.9, 0.0, 0.4)01224910
(-0.9, 0.0, 0.4)01224960
(-0.9, 0.0, 0.4)01225012
(-0.9, 0.0, 0.4)01225063
(-0.9, 0.0, 0.4)01225113
(-0.9, 0.0, 0.4)01225164
(-0.9, 0.0, 0.4)01225214
(-0.9, 0.0, 0.4)01225265
(-0.9, 0.0, 0.4)01225315
(-0.9, 0.0, 0.4)01225365
(-0.9, 0.0, 0.4)01225418
(-0.9, 0.0, 0.4)01225468
(-0.9, 0.0, 0.4)01225519
(-0.9, 0.0, 0.4)01225571
(-0.9, 0.0, 0.4)01225623
(-0.9, 0.0, 0.4)01225674
(-0.9, 0.0, 0.4)01225725
(-0.9, 0.0, 0.4)01225777
(-0.9, 0.0, 0.4)01225828
(-0.9, 0.0, 0.4)01225881
(-0.9, 0.0, 0.4)01225930
(-0.9, 0.0, 0.4)01225981
(-0.9, 0.0, 0.4)01230032
(-0.9, 0.0, 0.4)01230082
(-0.9, 0.0, 0.4)01230134
(-0.9, 0.0, 0.4)01230185
(-0.9, 0.0, 0.4)01230235
(-0.9, 0.0, 0.4)01230285
(-0.9, 0.0, 0.4)01230336
(-0.9, 0.0, 0.4)01230386
(-0.9, 0.0, 0.4)01230436
(-0.9, 0.0, 0.4)01230488
(-0.9, 0.0, 0.4)01230539
(-0.9, 0.0, 0.4)01230590
(-0.9, 0.0, 0.4)01230641
(-0.9, 0.0, 0.4)01230692
(-0.9, 0.0, 0.4)01230741
(-0.9, 0.0, 0.4)01230792
(-0.9, 0.0, 0.4)01230846
(-0.9, 0.0, 0.4)01230896
(-0.9, 0.0, 0.4)01230946
(-0.9, 0.0, 0.4)01231000
(-0.9, 0.0, 0.4)01231050
(-0.9, 0.0, 0.4)01231101
(-0.9, 0.0, 0.4)01231155
(-0.9, 0.0, 0.4)01231206
(-0.9, 0.0, 0.4)01231256
(-0.9, 0.0, 0.4)01231308
(-0.9, 0.0, 0.4)01231360
(-0.9, 0.0, 0.4)01231410
(-0.9, 0.0, 0.4)01231463
(-0.9, 0.0, 0.4)01231513
(-0.9, 0.0, 0.4)01231564
(-0.9, 0.0, 0.4)01231615
(-0.9, 0.0, 0.4)01231667
(-0.9, 0.0, 0.4)01231718
(-0.9, 0.0, 0.4)01231770
(-0.9, 0.0, 0.4)01231821
(-0.9, 0.0, 0.4)01231872
(-0.9, 0.0, 0.4)01231923
(-0.9, 0.0, 0.4)01231974
(-0.9, 0.0, 0.4)01232025
(-0.9, 0.0, 0.4)01232075
(-0.9, 0.0, 0.4)01232127
(-0.9, 0.0, 0.4)01232177
(-0.9, 0.0, 0.4)01232228
(-0.9, 0.0, 0.4)01232280
(-0.9, 0.0, 0.4)01232330
(-0.9, 0.0, 0.4)01232380
(-0.9, 0.0, 0.4)01232432
(-0.9, 0.0, 0.4)01232483
(-0.9, 0.0, 0.4)01232534
(-0.9, 0.0, 0.4)01232589
(-0.9, 0.0, 0.4)01232640
(-0.9, 0.0, 0.4)01232691
(-0.9, 0.0, 0.4)01232744
(-0.9, 0.0, 0.4)01232794
(-0.9, 0.0, 0.4)01232845
(-0.9, 0.0, 0.4)01232898
(-0.9, 0.0, 0.4)01232948
(-0.9, 0.0, 0.4)01232999
(-0.9, 0.0, 0.4)01233050
(-0.9, 0.0, 0.4)01233101
(-0.9, 0.0, 0.4)01233151
(-0.9, 0.0, 0.4)01233202
(-0.9, 0.0, 0.4)01233253
(-0.9, 0.0, 0.4)01233305
(-0.9, 0.0, 0.4)01233355
(-0.9, 0.0, 0.4)01233406
(-0.9, 0.0, 0.4)01233457
(-0.9, 0.0, 0.4)01233507
(-0.9, 0.0, 0.4)01233558
(-0.9, 0.0, 0.4)01233608
(-0.9, 0.0, 0.4)01233659
(-0.9, 0.0, 0.4)01233711
(-0.9, 0.0, 0.4)01233761
(-0.9, 0.0, 0.4)01233811
(-0.9, 0.0, 0.4)01233863
(-0.9, 0.0, 0.4)01233913
(-0.9, 0.0, 0.4)01233964
(-0.9, 0.0, 0.4)01234016
(-0.9, 0.0, 0.4)01234067
(-0.9, 0.0, 0.4)01234119
(-0.9, 0.0, 0.4)01234174
(-0.9, 0.0, 0.4)01234224
(-0.9, 0.0, 0.4)01234275
(-0.9, 0.0, 0.4)01234328
(-0.9, 0.0, 0.4)01234378
(-0.9, 0.0, 0.4)01234429
(-0.9, 0.0, 0.4)01234479
(-0.9, 0.0, 0.4)01234531
(-0.9, 0.0, 0.4)01234582
(-0.9, 0.0, 0.4)01234634
(-0.9, 0.0, 0.4)01234686
(-0.9, 0.0, 0.4)01234737
(-0.9, 0.0, 0.4)01234787
(-0.9, 0.0, 0.4)01234838
(-0.9, 0.0, 0.4)01234889
(-0.9, 0.0, 0.4)01234939
(-0.9, 0.0, 0.4)01234991
(-0.9, 0.0, 0.4)01235042
(-0.9, 0.0, 0.4)01235092
(-0.9, 0.0, 0.4)01235144
(-0.9, 0.0, 0.4)01235194
(-0.9, 0.0, 0.4)01235245
(-0.9, 0.0, 0.4)01235301
(-0.9, 0.0, 0.4)01235352
(-0.9, 0.0, 0.4)01235402
(-0.9, 0.0, 0.4)01235455
(-0.9, 0.0, 0.4)01235506
(-0.9, 0.0, 0.4)01235557
(-0.9, 0.0, 0.4)01235607
(-0.9, 0.0, 0.4)01235658
(-0.9, 0.0, 0.4)01235709
(-0.9, 0.0, 0.4)01235761
(-0.9, 0.0, 0.4)01235812
(-0.9, 0.0, 0.4)01235863
(-0.9, 0.0, 0.4)01235918
(-0.9, 0.0, 0.4)01235968
(-0.9, 0.0, 0.4)01240019
(-0.9, 0.0, 0.4)01240071
(-0.9, 0.0, 0.4)01240123
(-0.9, 0.0, 0.4)01240174
(-0.9, 0.0, 0.4)01240225
(-0.9, 0.0, 0.4)01240275
(-0.9, 0.0, 0.4)01240325
(-0.9, 0.0, 0.4)01240376
(-0.9, 0.0, 0.4)01240426
(-0.9, 0.0, 0.4)01240477
(-0.9, 0.0, 0.4)01240529
(-0.9, 0.0, 0.4)01240579
(-0.9, 0.0, 0.4)01240630
(-0.9, 0.0, 0.4)01240680
(-0.9, 0.0, 0.4)01240732
(-0.9, 0.0, 0.4)01240783
(-0.9, 0.0, 0.4)01240834
(-0.9, 0.0, 0.4)01240885
(-0.9, 0.0, 0.4)01240935
(-0.9, 0.0, 0.4)01240985
(-0.9, 0.0, 0.4)01241039
(-0.9, 0.0, 0.4)01241089
(-0.9, 0.0, 0.4)01241139
(-0.9, 0.0, 0.4)01241189
(-0.9, 0.0, 0.4)01241239
(-0.9, 0.0, 0.4)01241290
(-0.9, 0.0, 0.4)01241347
(-0.9, 0.0, 0.4)01241395
(-0.9, 0.0, 0.4)01241446
(-0.9, 0.0, 0.4)01241496
(-0.9, 0.0, 0.4)01241548
(-0.9, 0.0, 0.4)01241599
(-0.9, 0.0, 0.4)01241649
(-0.9, 0.0, 0.4)01241702
(-0.9, 0.0, 0.4)01241752
(-0.9, 0.0, 0.4)01241802
(-0.9, 0.0, 0.4)01241854
(-0.9, 0.0, 0.4)01241904
(-0.9, 0.0, 0.4)01241954
(-0.9, 0.0, 0.4)01242005
(-0.9, 0.0, 0.4)01242055
(-0.9, 0.0, 0.4)01242106
(-0.9, 0.0, 0.4)01242159
(-0.9, 0.0, 0.4)01242208
(-0.9, 0.0, 0.4)01242260
(-0.9, 0.0, 0.4)01242313
(-0.9, 0.0, 0.4)01242362
(-0.9, 0.0, 0.4)01242413
(-0.9, 0.0, 0.4)01242465
(-0.9, 0.0, 0.4)01242516
(-0.9, 0.0, 0.4)01242567
(-0.9, 0.0, 0.4)01242619
(-0.9, 0.0, 0.4)01242670
(-0.9, 0.0, 0.4)01242720
(-0.9, 0.0, 0.4)01242775
(-0.9, 0.0, 0.4)01242825
(-0.9, 0.0, 0.4)01242877
(-0.9, 0.0, 0.4)01242930
(-0.9, 0.0, 0.4)01242981
(-0.9, 0.0, 0.4)01243032
(-0.9, 0.0, 0.4)01243082
(-0.9, 0.0, 0.4)01243133
(-0.9, 0.0, 0.4)01243185
(-0.9, 0.0, 0.4)01243236
(-0.9, 0.0, 0.4)01243287
(-0.9, 0.0, 0.4)01243339
(-0.9, 0.0, 0.4)01243390
(-0.9, 0.0, 0.4)01243441
(-0.9, 0.0, 0.4)01243491
(-0.9, 0.0, 0.4)01243542
(-0.9, 0.0, 0.4)01243594
(-0.9, 0.0, 0.4)01243644
(-0.9, 0.0, 0.4)01243697
(-0.9, 0.0, 0.4)01243751
(-0.9, 0.0, 0.4)01243801
(-0.9, 0.0, 0.4)01243852
(-0.9, 0.0, 0.4)01243905
(-0.9, 0.0, 0.4)01243956
(-0.9, 0.0, 0.4)01244007
(-0.9, 0.0, 0.4)01244058
(-0.9, 0.0, 0.4)01244108
(-0.9, 0.0, 0.4)01244159
(-0.9, 0.0, 0.4)01244212
(-0.9, 0.0, 0.4)01244263
(-0.9, 0.0, 0.4)01244314
(-0.9, 0.0, 0.4)01244369
(-0.9, 0.0, 0.4)01244420
(-0.9, 0.0, 0.4)01244471
(-0.9, 0.0, 0.4)01244524
(-0.9, 0.0, 0.4)01244575
(-0.9, 0.0, 0.4)01244625
(-0.9, 0.0, 0.4)01244679
(-0.9, 0.0, 0.4)01244729
(-0.9, 0.0, 0.4)01244780
(-0.9, 0.0, 0.4)01244830
(-0.9, 0.0, 0.4)01244881
(-0.9, 0.0, 0.4)01244932
(-0.9, 0.0, 0.4)01244985
(-0.9, 0.0, 0.4)01245037
(-0.9, 0.0, 0.4)01245088
(-0.9, 0.0, 0.4)01245139
(-0.9, 0.0, 0.4)01245190
(-0.9, 0.0, 0.4)01245241
(-0.9, 0.0, 0.4)01245292
(-0.9, 0.0, 0.4)01245342
(-0.9, 0.0, 0.4)01245393
(-0.9, 0.0, 0.4)01245445
(-0.9, 0.0, 0.4)01245497
(-0.9, 0.0, 0.4)01245549
(-0.9, 0.0, 0.4)01245600
(-0.9, 0.0, 0.4)01245652
(-0.9, 0.0, 0.4)01245703
(-0.9, 0.0, 0.4)01245754
(-0.9, 0.0, 0.4)01245806
(-0.9, 0.0, 0.4)01245856
(-0.9, 0.0, 0.4)01245907
(-0.9, 0.0, 0.4)01245960
(-0.9, 0.0, 0.4)01250010
(-0.9, 0.0, 0.4)01250060
(-0.9, 0.0, 0.4)01250113
(-0.9, 0.0, 0.4)01250163
(-0.9, 0.0, 0.4)01250213
(-0.9, 0.0, 0.4)01250263
(-0.9, 0.0, 0.4)01250314
(-0.9, 0.0, 0.4)01250365
(-0.9, 0.0, 0.4)01250416
(-0.9, 0.0, 0.4)01250466
(-0.9, 0.0, 0.4)01250516
(-0.9, 0.0, 0.4)01250567
(-0.9, 0.0, 0.4)01250619
(-0.9, 0.0, 0.4)01250671
(-0.9, 0.0, 0.4)01250721
(-0.9, 0.0, 0.4)01250775
(-0.9, 0.0, 0.4)01250825
(-0.9, 0.0, 0.4)01250876
(-0.9, 0.0, 0.4)01250927
(-0.9, 0.0, 0.4)01250978
(-0.9, 0.0, 0.4)01251028
(-0.9, 0.0, 0.4)01251080
(-0.9, 0.0, 0.4)01251130
(-0.9, 0.0, 0.4)01251181
(-0.9, 0.0, 0.4)01251234
(-0.9, 0.0, 0.4)01251285
(-0.9, 0.0, 0.4)01251336
(-0.9, 0.0, 0.4)01251387
(-0.9, 0.0, 0.4)01251439
(-0.9, 0.0, 0.4)01251489
(-0.9, 0.0, 0.4)01251540
(-0.9, 0.0, 0.4)01251592
(-0.9, 0.0, 0.4)01251642
(-0.9, 0.0, 0.4)01251693
(-0.9, 0.0, 0.4)01251746
(-0.9, 0.0, 0.4)01251797
(-0.9, 0.0, 0.4)01251848
(-0.9, 0.0, 0.4)01251903
(-0.9, 0.0, 0.4)01251953
(-0.9, 0.0, 0.4)01252004
(-0.9, 0.0, 0.4)01252055
(-0.9, 0.0, 0.4)01252106
(-0.9, 0.0, 0.4)01252157
(-0.9, 0.0, 0.4)01252209
(-0.9, 0.0, 0.4)01252260
(-0.9, 0.0, 0.4)01252311
(-0.9, 0.0, 0.4)01252361
(-0.9, 0.0, 0.4)01252411
(-0.9, 0.0, 0.4)01252462
(-0.9, 0.0, 0.4)01252514
(-0.9, 0.0, 0.4)01252565
(-0.9, 0.0, 0.4)01252616
(-0.9, 0.0, 0.4)01252667
(-0.9, 0.0, 0.4)01252717
(-0.9, 0.0, 0.4)01252769
(-0.9, 0.0, 0.4)01252819
(-0.9, 0.0, 0.4)01252875
(-0.9, 0.0, 0.4)01252924
(-0.9, 0.0, 0.4)01252975
(-0.9, 0.0, 0.4)01253029
(-0.9, 0.0, 0.4)01253079
(-0.9, 0.0, 0.4)01253130
(-0.9, 0.0, 0.4)01253184
(-0.9, 0.0, 0.4)01253234
(-0.9, 0.0, 0.4)01253285
(-0.9, 0.0, 0.4)01253336
(-0.9, 0.0, 0.4)01253387
(-0.9, 0.0, 0.4)01253437
(-0.9, 0.0, 0.4)01253487
(-0.9, 0.0, 0.4)01253540
(-0.9, 0.0, 0.4)01253591
(-0.9, 0.0, 0.4)01253641
(-0.9, 0.0, 0.4)01253692
(-0.9, 0.0, 0.4)01253743
(-0.9, 0.0, 0.4)01253794
(-0.9, 0.0, 0.4)01253848
(-0.9, 0.0, 0.4)01253901
(-0.9, 0.0, 0.4)01253952
(-0.9, 0.0, 0.4)01254006
(-0.9, 0.0, 0.4)01254055
(-0.9, 0.0, 0.4)01254105
(-0.9, 0.0, 0.4)01254157
(-0.9, 0.0, 0.4)01254207
(-0.9, 0.0, 0.4)01254258
(-0.9, 0.0, 0.4)01254309
(-0.9, 0.0, 0.4)01254361
(-0.9, 0.0, 0.4)01254412
(-0.9, 0.0, 0.4)01254463
(-0.9, 0.0, 0.4)01254517
(-0.9, 0.0, 0.4)01254567
(-0.9, 0.0, 0.4)01254618
(-0.9, 0.0, 0.4)01254670
(-0.9, 0.0, 0.4)01254721
(-0.9, 0.0, 0.4)01254772
(-0.9, 0.0, 0.4)01254824
(-0.9, 0.0, 0.4)01254875
(-0.9, 0.0, 0.4)01254926
(-0.9, 0.0, 0.4)01254978
(-0.9, 0.0, 0.4)01255030
(-0.9, 0.0, 0.4)01255080
(-0.9, 0.0, 0.4)01255131
(-0.9, 0.0, 0.4)01255186
(-0.9, 0.0, 0.4)01255235
(-0.9, 0.0, 0.4)01255286
(-0.9, 0.0, 0.4)01255336
(-0.9, 0.0, 0.4)01255387
(-0.9, 0.0, 0.4)01255438
(-0.9, 0.0, 0.4)01255489
(-0.9, 0.0, 0.4)01255540
(-0.9, 0.0, 0.4)01255591
(-0.9, 0.0, 0.4)01255642
(-0.9, 0.0, 0.4)01255694
(-0.9, 0.0, 0.4)01255745
(-0.9, 0.0, 0.4)01255796
(-0.9, 0.0, 0.4)01255851
(-0.9, 0.0, 0.4)01255901
(-0.9, 0.0, 0.4)01255951
(-0.9, 0.0, 0.4)01260007
(-0.9, 0.0, 0.4)01260059
(-0.9, 0.0, 0.4)01260110
(-0.9, 0.0, 0.4)01260162
(-0.9, 0.0, 0.4)01260213
(-0.9, 0.0, 0.4)01260264
(-0.9, 0.0, 0.4)01260315
(-0.9, 0.0, 0.4)01260367
(-0.9, 0.0, 0.4)01260417
(-0.9, 0.0, 0.4)01260468
(-0.9, 0.0, 0.4)01260520
(-0.9, 0.0, 0.4)01260570
(-0.9, 0.0, 0.4)01260621
(-0.9, 0.0, 0.4)01260671
(-0.9, 0.0, 0.4)01260722
(-0.9, 0.0, 0.4)01260773
(-0.9, 0.0, 0.4)01260823
(-0.9, 0.0, 0.4)01260873
(-0.9, 0.0, 0.4)01260925
(-0.9, 0.0, 0.4)01260976
(-0.9, 0.0, 0.4)01261034
(-0.9, 0.0, 0.4)01261083
(-0.9, 0.0, 0.4)01261134
(-0.9, 0.0, 0.4)01261187
(-0.9, 0.0, 0.4)01261238
(-0.9, 0.0, 0.4)01261289
(-0.9, 0.0, 0.4)01261342
(-0.9, 0.0, 0.4)01261392
(-0.9, 0.0, 0.4)01261445
(-0.9, 0.0, 0.4)01261496
(-0.9, 0.0, 0.4)01261546
(-0.9, 0.0, 0.4)01261598
(-0.9, 0.0, 0.4)01261648
(-0.9, 0.0, 0.4)01261700
(-0.9, 0.0, 0.4)01261750
(-0.9, 0.0, 0.4)01261801
(-0.9, 0.0, 0.4)01261852
(-0.9, 0.0, 0.4)01261902
(-0.9, 0.0, 0.4)01261955
(-0.9, 0.0, 0.4)01262008
(-0.9, 0.0, 0.4)01262058
(-0.9, 0.0, 0.4)01262109
(-0.9, 0.0, 0.4)01262160
(-0.9, 0.0, 0.4)01262211
(-0.9, 0.0, 0.4)01262263
(-0.9, 0.0, 0.4)01262313
(-0.9, 0.0, 0.4)01262364
(-0.9, 0.0, 0.4)01262415
(-0.9, 0.0, 0.4)01262466
(-0.9, 0.0, 0.4)01262517
(-0.9, 0.0, 0.4)01262568
(-0.9, 0.0, 0.4)01262620
(-0.9, 0.0, 0.4)01262671
(-0.9, 0.0, 0.4)01262723
(-0.9, 0.0, 0.4)01262773
(-0.9, 0.0, 0.4)01262824
(-0.9, 0.0, 0.4)01262874
(-0.9, 0.0, 0.4)01262925
(-0.9, 0.0, 0.4)01262979
(-0.9, 0.0, 0.4)01263029
(-0.9, 0.0, 0.4)01263080
(-0.9, 0.0, 0.4)01263133
(-0.9, 0.0, 0.4)01263184
(-0.9, 0.0, 0.4)01263235
(-0.9, 0.0, 0.4)01263288
(-0.9, 0.0, 0.4)01263338
(-0.9, 0.0, 0.4)01263389
(-0.9, 0.0, 0.4)01263440
(-0.9, 0.0, 0.4)01263492
(-0.9, 0.0, 0.4)01263543
(-0.9, 0.0, 0.4)01263593
(-0.9, 0.0, 0.4)01263644
(-0.9, 0.0, 0.4)01263694
(-0.9, 0.0, 0.4)01263745
(-0.9, 0.0, 0.4)01263795
(-0.9, 0.0, 0.4)01263846
(-0.9, 0.0, 0.4)01263896
(-0.9, 0.0, 0.4)01263949
(-0.9, 0.0, 0.4)01264000
(-0.9, 0.0, 0.4)01264051
(-0.9, 0.0, 0.4)01264103
(-0.9, 0.0, 0.4)01264154
(-0.9, 0.0, 0.4)01264205
(-0.9, 0.0, 0.4)01264256
(-0.9, 0.0, 0.4)01264307
(-0.9, 0.0, 0.4)01264358
(-0.9, 0.0, 0.4)01264408
(-0.9, 0.0, 0.4)01264459
(-0.9, 0.0, 0.4)01264510
(-0.9, 0.0, 0.4)01264561
(-0.9, 0.0, 0.4)01264613
(-0.9, 0.0, 0.4)01264663
(-0.9, 0.0, 0.4)01264715
(-0.9, 0.0, 0.4)01264766
(-0.9, 0.0, 0.4)01264817
(-0.9, 0.0, 0.4)01264868
(-0.9, 0.0, 0.4)01264922
(-0.9, 0.0, 0.4)01264972
(-0.9, 0.0, 0.4)01265023
(-0.9, 0.0, 0.4)01265076
(-0.9, 0.0, 0.4)01265127
(-0.9, 0.0, 0.4)01265177
(-0.9, 0.0, 0.4)01265228
(-0.9, 0.0, 0.4)01265279
(-0.9, 0.0, 0.4)01265329
(-0.9, 0.0, 0.4)01265379
(-0.9, 0.0, 0.4)01265430
(-0.9, 0.0, 0.4)01265481
(-0.9, 0.0, 0.4)01265531
(-0.9, 0.0, 0.4)01265583
(-0.9, 0.0, 0.4)01265634
(-0.9, 0.0, 0.4)01265684
(-0.9, 0.0, 0.4)01265737
(-0.9, 0.0, 0.4)01265788
(-0.9, 0.0, 0.4)01265839
(-0.9, 0.0, 0.4)01265894
(-0.9, 0.0, 0.4)01265943
(-0.9, 0.0, 0.4)01265994
(-0.9, 0.0, 0.4)01270045
(-0.9, 0.0, 0.4)01270096
(-0.9, 0.0, 0.4)01270147
(-0.9, 0.0, 0.4)01270198
(-0.9, 0.0, 0.4)01270249
(-0.9, 0.0, 0.4)01270299
(-0.9, 0.0, 0.4)01270351
(-0.9, 0.0, 0.4)01270402
(-0.9, 0.0, 0.4)01270453
(-0.9, 0.0, 0.4)01270504
(-0.9, 0.0, 0.4)01270557
(-0.9, 0.0, 0.4)01270607
(-0.9, 0.0, 0.4)01270657
(-0.9, 0.0, 0.4)01270709
(-0.9, 0.0, 0.4)01270758
(-0.9, 0.0, 0.4)01270809
(-0.9, 0.0, 0.4)01270863
(-0.9, 0.0, 0.4)01270914
(-0.9, 0.0, 0.4)01270965
(-0.9, 0.0, 0.4)01271016
(-0.9, 0.0, 0.4)01271067
(-0.9, 0.0, 0.4)01271118
(-0.9, 0.0, 0.4)01271168
(-0.9, 0.0, 0.4)01271220
(-0.9, 0.0, 0.4)01271270
(-0.9, 0.0, 0.4)01271322
(-0.9, 0.0, 0.4)01271374
(-0.9, 0.0, 0.4)01271425
(-0.9, 0.0, 0.4)01271476
(-0.9, 0.0, 0.4)01271529
(-0.9, 0.0, 0.4)01271580
(-0.9, 0.0, 0.4)01271630
(-0.9, 0.0, 0.4)01271682
(-0.9, 0.0, 0.4)01271733
(-0.9, 0.0, 0.4)01271785
(-0.9, 0.0, 0.4)01271836
(-0.9, 0.0, 0.4)01271887
(-0.9, 0.0, 0.4)01271939
(-0.9, 0.0, 0.4)01271989
(-0.9, 0.0, 0.4)01272040
(-0.9, 0.0, 0.4)01272091
(-0.9, 0.0, 0.4)01272142
(-0.9, 0.0, 0.4)01272193
(-0.9, 0.0, 0.4)01272243
(-0.9, 0.0, 0.4)01272294
(-0.9, 0.0, 0.4)01272348
(-0.9, 0.0, 0.4)01272398
(-0.9, 0.0, 0.4)01272450
(-0.9, 0.0, 0.4)01272503
(-0.9, 0.0, 0.4)01272554
(-0.9, 0.0, 0.4)01272604
(-0.9, 0.0, 0.4)01272658
(-0.9, 0.0, 0.4)01272708
(-0.9, 0.0, 0.4)01272759
(-0.9, 0.0, 0.4)01272811
(-0.9, 0.0, 0.4)01272862
(-0.9, 0.0, 0.4)01272913
(-0.9, 0.0, 0.4)01272965
(-0.9, 0.0, 0.4)01273016
(-0.9, 0.0, 0.4)01273068
(-0.9, 0.0, 0.4)01273120
(-0.9, 0.0, 0.4)01273171
(-0.9, 0.0, 0.4)01273222
(-0.9, 0.0, 0.4)01273273
(-0.9, 0.0, 0.4)01273324
(-0.9, 0.0, 0.4)01273374
(-0.9, 0.0, 0.4)01273426
(-0.9, 0.0, 0.4)01273477
(-0.9, 0.0, 0.4)01273528
(-0.9, 0.0, 0.4)01273579
(-0.9, 0.0, 0.4)01273634
(-0.9, 0.0, 0.4)01273684
(-0.9, 0.0, 0.4)01273735
(-0.9, 0.0, 0.4)01273788
(-0.9, 0.0, 0.4)01273839
(-0.9, 0.0, 0.4)01273889
(-0.9, 0.0, 0.4)01273942
(-0.9, 0.0, 0.4)01273992
(-0.9, 0.0, 0.4)01274043
(-0.9, 0.0, 0.4)01274093
(-0.9, 0.0, 0.4)01274144
(-0.9, 0.0, 0.4)01274195
(-0.9, 0.0, 0.4)01274246
(-0.9, 0.0, 0.4)01274298
(-0.9, 0.0, 0.4)01274350
(-0.9, 0.0, 0.4)01274401
(-0.9, 0.0, 0.4)01274455
(-0.9, 0.0, 0.4)01274506
(-0.9, 0.0, 0.4)01274556
(-0.9, 0.0, 0.4)01274608
(-0.9, 0.0, 0.4)01274658
(-0.9, 0.0, 0.4)01274711
(-0.9, 0.0, 0.4)01274765
(-0.9, 0.0, 0.4)01274815
(-0.9, 0.0, 0.4)01274866
(-0.9, 0.0, 0.4)01274917
(-0.9, 0.0, 0.4)01274967
(-0.9, 0.0, 0.4)01275018
(-0.9, 0.0, 0.4)01275071
(-0.9, 0.0, 0.4)01275122
(-0.9, 0.0, 0.4)01275173
(-0.9, 0.0, 0.4)01275224
(-0.9, 0.0, 0.4)01275274
(-0.9, 0.0, 0.4)01275324
(-0.9, 0.0, 0.4)01275374
(-0.9, 0.0, 0.4)01275426
(-0.9, 0.0, 0.4)01275477
(-0.9, 0.0, 0.4)01275528
(-0.9, 0.0, 0.4)01275579
(-0.9, 0.0, 0.4)01275629
(-0.9, 0.0, 0.4)01275679
(-0.9, 0.0, 0.4)01275732
(-0.9, 0.0, 0.4)01275781
(-0.9, 0.0, 0.4)01275833
(-0.9, 0.0, 0.4)01275884
(-0.9, 0.0, 0.4)01275936
(-0.9, 0.0, 0.4)01275987
(-0.9, 0.0, 0.4)01280038
(-0.9, 0.0, 0.4)01280089
(-0.9, 0.0, 0.4)01280141
(-0.9, 0.0, 0.4)01280191
(-0.9, 0.0, 0.4)01280243
(-0.9, 0.0, 0.4)01280294
(-0.9, 0.0, 0.4)01280346
(-0.9, 0.0, 0.4)01280400
(-0.9, 0.0, 0.4)01280451
(-0.9, 0.0, 0.4)01280502
(-0.9, 0.0, 0.4)01280555
(-0.9, 0.0, 0.4)01280605
(-0.9, 0.0, 0.4)01280655
(-0.9, 0.0, 0.4)01280708
(-0.9, 0.0, 0.4)01280758
(-0.9, 0.0, 0.4)01280809
(-0.9, 0.0, 0.4)01280860
(-0.9, 0.0, 0.4)01280910
(-0.9, 0.0, 0.4)01280961
(-0.9, 0.0, 0.4)01281013
(-0.9, 0.0, 0.4)01281064
(-0.9, 0.0, 0.4)01281115
(-0.9, 0.0, 0.4)01281167
(-0.9, 0.0, 0.4)01281218
(-0.9, 0.0, 0.4)01281269
(-0.9, 0.0, 0.4)01281320
(-0.9, 0.0, 0.4)01281373
(-0.9, 0.0, 0.4)01281424
(-0.9, 0.0, 0.4)01281474
(-0.9, 0.0, 0.4)01281527
(-0.9, 0.0, 0.4)01281578
(-0.9, 0.0, 0.4)01281629
(-0.9, 0.0, 0.4)01281681
(-0.9, 0.0, 0.4)01281731
(-0.9, 0.0, 0.4)01281781
(-0.9, 0.0, 0.4)01281832
(-0.9, 0.0, 0.4)01281883
(-0.9, 0.0, 0.4)01281934
(-0.9, 0.0, 0.4)01281985
(-0.9, 0.0, 0.4)01282037
(-0.9, 0.0, 0.4)01282087
(-0.9, 0.0, 0.4)01282138
(-0.9, 0.0, 0.4)01282189
(-0.9, 0.0, 0.4)01282239
(-0.9, 0.0, 0.4)01282289
(-0.9, 0.0, 0.4)01282341
(-0.9, 0.0, 0.4)01282393
(-0.9, 0.0, 0.4)01282443
(-0.9, 0.0, 0.4)01282495
(-0.9, 0.0, 0.4)01282545
(-0.9, 0.0, 0.4)01282596
(-0.9, 0.0, 0.4)01282647
(-0.9, 0.0, 0.4)01282698
(-0.9, 0.0, 0.4)01282749
(-0.9, 0.0, 0.4)01282800
(-0.9, 0.0, 0.4)01282851
(-0.9, 0.0, 0.4)01282901
(-0.9, 0.0, 0.4)01282951
(-0.9, 0.0, 0.4)01283006
(-0.9, 0.0, 0.4)01283056
(-0.9, 0.0, 0.4)01283106
(-0.9, 0.0, 0.4)01283161
(-0.9, 0.0, 0.4)01283210
(-0.9, 0.0, 0.4)01283261
(-0.9, 0.0, 0.4)01283313
(-0.9, 0.0, 0.4)01283363
(-0.9, 0.0, 0.4)01283413
(-0.9, 0.0, 0.4)01283464
(-0.9, 0.0, 0.4)01283515
(-0.9, 0.0, 0.4)01283566
(-0.9, 0.0, 0.4)01283618
(-0.9, 0.0, 0.4)01283668
(-0.9, 0.0, 0.4)01283718
(-0.9, 0.0, 0.4)01283771
(-0.9, 0.0, 0.4)01283824
(-0.9, 0.0, 0.4)01283874
(-0.9, 0.0, 0.4)01283925
(-0.9, 0.0, 0.4)01283980
(-0.9, 0.0, 0.4)01284029
(-0.9, 0.0, 0.4)01284081
(-0.9, 0.0, 0.4)01284132
(-0.9, 0.0, 0.4)01284183
(-0.9, 0.0, 0.4)01284233
(-0.9, 0.0, 0.4)01284285
(-0.9, 0.0, 0.4)01284337
(-0.9, 0.0, 0.4)01284388
(-0.9, 0.0, 0.4)01284439
(-0.9, 0.0, 0.4)01284490
(-0.9, 0.0, 0.4)01284541
(-0.9, 0.0, 0.4)01284592
(-0.9, 0.0, 0.4)01284643
(-0.9, 0.0, 0.4)01284695
(-0.9, 0.0, 0.4)01284746
(-0.9, 0.0, 0.4)01284796
(-0.9, 0.0, 0.4)01284846
(-0.9, 0.0, 0.4)01284898
(-0.9, 0.0, 0.4)01284951
(-0.9, 0.0, 0.4)01285003
(-0.9, 0.0, 0.4)01285053
(-0.9, 0.0, 0.4)01285104
(-0.9, 0.0, 0.4)01285155
(-0.9, 0.0, 0.4)01285206
(-0.9, 0.0, 0.4)01285259
(-0.9, 0.0, 0.4)01285310
(-0.9, 0.0, 0.4)01285360
(-0.9, 0.0, 0.4)01285410
(-0.9, 0.0, 0.4)01285461
(-0.9, 0.0, 0.4)01285512
(-0.9, 0.0, 0.4)01285563
(-0.9, 0.0, 0.4)01285615
(-0.9, 0.0, 0.4)01285666
(-0.9, 0.0, 0.4)01285718
(-0.9, 0.0, 0.4)01285769
(-0.9, 0.0, 0.4)01285820
(-0.9, 0.0, 0.4)01285871
(-0.9, 0.0, 0.4)01285925
(-0.9, 0.0, 0.4)01285976
(-0.9, 0.0, 0.4)01290027
(-0.9, 0.0, 0.4)01290081
(-0.9, 0.0, 0.4)01290132
(-0.9, 0.0, 0.4)01290183
(-0.9, 0.0, 0.4)01290236
(-0.9, 0.0, 0.4)01290288
(-0.9, 0.0, 0.4)01290339
(-0.9, 0.0, 0.4)01290392
(-0.9, 0.0, 0.4)01290443
(-0.9, 0.0, 0.4)01290494
(-0.9, 0.0, 0.4)01290545
(-0.9, 0.0, 0.4)01290598
(-0.9, 0.0, 0.4)01290649
(-0.9, 0.0, 0.4)01290700
(-0.9, 0.0, 0.4)01290751
(-0.9, 0.0, 0.4)01290803
(-0.9, 0.0, 0.4)01290853
(-0.9, 0.0, 0.4)01290904
(-0.9, 0.0, 0.4)01290955
(-0.9, 0.0, 0.4)01291007
(-0.9, 0.0, 0.4)01291062
(-0.9, 0.0, 0.4)01291112
(-0.9, 0.0, 0.4)01291163
(-0.9, 0.0, 0.4)01291215
(-0.9, 0.0, 0.4)01291265
(-0.9, 0.0, 0.4)01291316
(-0.9, 0.0, 0.4)01291367
(-0.9, 0.0, 0.4)01291417
(-0.9, 0.0, 0.4)01291468
(-0.9, 0.0, 0.4)01291520
(-0.9, 0.0, 0.4)01291571
(-0.9, 0.0, 0.4)01291622
(-0.9, 0.0, 0.4)01291673
(-0.9, 0.0, 0.4)01291724
(-0.9, 0.0, 0.4)01291775
(-0.9, 0.0, 0.4)01291826
(-0.9, 0.0, 0.4)01291879
(-0.9, 0.0, 0.4)01291929
(-0.9, 0.0, 0.4)01291980
(-0.9, 0.0, 0.4)01292033
(-0.9, 0.0, 0.4)01292083
(-0.9, 0.0, 0.4)01292134
(-0.9, 0.0, 0.4)01292188
(-0.9, 0.0, 0.4)01292239
(-0.9, 0.0, 0.4)01292289
(-0.9, 0.0, 0.4)01292340
(-0.9, 0.0, 0.4)01292390
(-0.9, 0.0, 0.4)01292441
(-0.9, 0.0, 0.4)01292494
(-0.9, 0.0, 0.4)01292545
(-0.9, 0.0, 0.4)01292596
(-0.9, 0.0, 0.4)01292648
(-0.9, 0.0, 0.4)01292699
(-0.9, 0.0, 0.4)01292750
(-0.9, 0.0, 0.4)01292803
(-0.9, 0.0, 0.4)01292855
(-0.9, 0.0, 0.4)01292906
(-0.9, 0.0, 0.4)01292956
(-0.9, 0.0, 0.4)01293007
(-0.9, 0.0, 0.4)01293057
(-0.9, 0.0, 0.4)01293108
(-0.9, 0.0, 0.4)01293161
(-0.9, 0.0, 0.4)01293212
(-0.9, 0.0, 0.4)01293265
(-0.9, 0.0, 0.4)01293316
(-0.9, 0.0, 0.4)01293367
(-0.9, 0.0, 0.4)01293418
(-0.9, 0.0, 0.4)01293469
(-0.9, 0.0, 0.4)01293520
(-0.9, 0.0, 0.4)01293571
(-0.9, 0.0, 0.4)01293623
(-0.9, 0.0, 0.4)01293675
(-0.9, 0.0, 0.4)01293724
(-0.9, 0.0, 0.4)01293775
(-0.9, 0.0, 0.4)01293828
(-0.9, 0.0, 0.4)01293878
(-0.9, 0.0, 0.4)01293928
(-0.9, 0.0, 0.4)01293979
(-0.9, 0.0, 0.4)01294030
(-0.9, 0.0, 0.4)01294080
(-0.9, 0.0, 0.4)01294131
(-0.9, 0.0, 0.4)01294182
(-0.9, 0.0, 0.4)01294234
(-0.9, 0.0, 0.4)01294285
(-0.9, 0.0, 0.4)01294336
(-0.9, 0.0, 0.4)01294387
(-0.9, 0.0, 0.4)01294438
(-0.9, 0.0, 0.4)01294489
(-0.9, 0.0, 0.4)01294540
(-0.9, 0.0, 0.4)01294591
(-0.9, 0.0, 0.4)01294646
(-0.9, 0.0, 0.4)01294696
(-0.9, 0.0, 0.4)01294746
(-0.9, 0.0, 0.4)01294797
(-0.9, 0.0, 0.4)01294848
(-0.9, 0.0, 0.4)01294899
(-0.9, 0.0, 0.4)01294954
(-0.9, 0.0, 0.4)01295004
(-0.9, 0.0, 0.4)01295055
(-0.9, 0.0, 0.4)01295107
(-0.9, 0.0, 0.4)01295156
(-0.9, 0.0, 0.4)01295207
(-0.9, 0.0, 0.4)01295258
(-0.9, 0.0, 0.4)01295310
(-0.9, 0.0, 0.4)01295361
(-0.9, 0.0, 0.4)01295412
(-0.9, 0.0, 0.4)01295463
(-0.9, 0.0, 0.4)01295513
(-0.9, 0.0, 0.4)01295565
(-0.9, 0.0, 0.4)01295616
(-0.9, 0.0, 0.4)01295667
(-0.9, 0.0, 0.4)01295718
(-0.9, 0.0, 0.4)01295768
(-0.9, 0.0, 0.4)01295820
(-0.9, 0.0, 0.4)01295872
(-0.9, 0.0, 0.4)01295924
(-0.9, 0.0, 0.4)01295974
(-0.9, 0.0, 0.4)01300026
(-0.9, 0.0, 0.4)01300076
(-0.9, 0.0, 0.4)01300126
(-0.9, 0.0, 0.4)01300178
(-0.9, 0.0, 0.4)01300233
(-0.9, 0.0, 0.4)01300282
(-0.9, 0.0, 0.4)01300332
(-0.9, 0.0, 0.4)01300383
(-0.9, 0.0, 0.4)01300433
(-0.9, 0.0, 0.4)01300485
(-0.9, 0.0, 0.4)01300541
(-0.9, 0.0, 0.4)01300591
(-0.9, 0.0, 0.4)01300643
(-0.9, 0.0, 0.4)01300695
(-0.9, 0.0, 0.4)01300746
(-0.9, 0.0, 0.4)01300796
(-0.9, 0.0, 0.4)01300847
(-0.9, 0.0, 0.4)01300898
(-0.9, 0.0, 0.4)01300948
(-0.9, 0.0, 0.4)01301000
(-0.9, 0.0, 0.4)01301051
(-0.9, 0.0, 0.4)01301101
(-0.9, 0.0, 0.4)01301153
(-0.9, 0.0, 0.4)01301204
(-0.9, 0.0, 0.4)01301255
(-0.9, 0.0, 0.4)01301308
(-0.9, 0.0, 0.4)01301359
(-0.9, 0.0, 0.4)01301408
(-0.9, 0.0, 0.4)01301460
(-0.9, 0.0, 0.4)01301513
(-0.9, 0.0, 0.4)01301564
(-0.9, 0.0, 0.4)01301615
(-0.9, 0.0, 0.4)01301665
(-0.9, 0.0, 0.4)01301716
(-0.9, 0.0, 0.4)01301767
(-0.9, 0.0, 0.4)01301818
(-0.9, 0.0, 0.4)01301869
(-0.9, 0.0, 0.4)01301921
(-0.9, 0.0, 0.4)01301973
(-0.9, 0.0, 0.4)01302024
(-0.9, 0.0, 0.4)01302076
(-0.9, 0.0, 0.4)01302127
(-0.9, 0.0, 0.4)01302179
(-0.9, 0.0, 0.4)01302229
(-0.9, 0.0, 0.4)01302281
(-0.9, 0.0, 0.4)01302336
(-0.9, 0.0, 0.4)01302386
(-0.9, 0.0, 0.4)01302437
(-0.9, 0.0, 0.4)01302490
(-0.9, 0.0, 0.4)01302539
(-0.9, 0.0, 0.4)01302590
(-0.9, 0.0, 0.4)01302643
(-0.9, 0.0, 0.4)01302695
(-0.9, 0.0, 0.4)01302746
(-0.9, 0.0, 0.4)01302797
(-0.9, 0.0, 0.4)01302848
(-0.9, 0.0, 0.4)01302899
(-0.9, 0.0, 0.4)01302951
(-0.9, 0.0, 0.4)01303002
(-0.9, 0.0, 0.4)01303054
(-0.9, 0.0, 0.4)01303104
(-0.9, 0.0, 0.4)01303155
(-0.9, 0.0, 0.4)01303205
(-0.9, 0.0, 0.4)01303256
(-0.9, 0.0, 0.4)01303311
(-0.9, 0.0, 0.4)01303361
(-0.9, 0.0, 0.4)01303413
(-0.9, 0.0, 0.4)01303465
(-0.9, 0.0, 0.4)01303515
(-0.9, 0.0, 0.4)01303566
(-0.9, 0.0, 0.4)01303620
(-0.9, 0.0, 0.4)01303671
(-0.9, 0.0, 0.4)01303721
(-0.9, 0.0, 0.4)01303773
(-0.9, 0.0, 0.4)01303823
(-0.9, 0.0, 0.4)01303874
(-0.9, 0.0, 0.4)01303926
(-0.9, 0.0, 0.4)01303976
(-0.9, 0.0, 0.4)01304027
(-0.9, 0.0, 0.4)01304078
(-0.9, 0.0, 0.4)01304131
(-0.9, 0.0, 0.4)01304182
(-0.9, 0.0, 0.4)01304234
(-0.9, 0.0, 0.4)01304284
(-0.9, 0.0, 0.4)01304335
(-0.9, 0.0, 0.4)01304386
(-0.9, 0.0, 0.4)01304437
(-0.9, 0.0, 0.4)01304487
(-0.9, 0.0, 0.4)01304537
(-0.9, 0.0, 0.4)01304589
(-0.9, 0.0, 0.4)01304641
(-0.9, 0.0, 0.4)01304691
(-0.9, 0.0, 0.4)01304743
(-0.9, 0.0, 0.4)01304793
(-0.9, 0.0, 0.4)01304843
(-0.9, 0.0, 0.4)01304894
(-0.9, 0.0, 0.4)01304946
(-0.9, 0.0, 0.4)01304996
(-0.9, 0.0, 0.4)01305047
(-0.9, 0.0, 0.4)01305098
(-0.9, 0.0, 0.4)01305148
(-0.9, 0.0, 0.4)01305199
(-0.9, 0.0, 0.4)01305250
(-0.9, 0.0, 0.4)01305301
(-0.9, 0.0, 0.4)01305353
(-0.9, 0.0, 0.4)01305403
(-0.9, 0.0, 0.4)01305453
(-0.9, 0.0, 0.4)01305505
(-0.9, 0.0, 0.4)01305558
(-0.9, 0.0, 0.4)01305611
(-0.9, 0.0, 0.4)01305662
(-0.9, 0.0, 0.4)01305712
(-0.9, 0.0, 0.4)01305763
(-0.9, 0.0, 0.4)01305813
(-0.9, 0.0, 0.4)01305865
(-0.9, 0.0, 0.4)01305915
(-0.9, 0.0, 0.4)01305967
(-0.9, 0.0, 0.4)01310018
(-0.9, 0.0, 0.4)01310071
(-0.9, 0.0, 0.4)01310121
(-0.9, 0.0, 0.4)01310173
(-0.9, 0.0, 0.4)01310223
(-0.9, 0.0, 0.4)01310274
(-0.9, 0.0, 0.4)01310325
(-0.9, 0.0, 0.4)01310379
(-0.9, 0.0, 0.4)01310428
(-0.9, 0.0, 0.4)01310480
(-0.9, 0.0, 0.4)01310531
(-0.9, 0.0, 0.4)01310582
(-0.9, 0.0, 0.4)01310633
(-0.9, 0.0, 0.4)01310684
(-0.9, 0.0, 0.4)01310735
(-0.9, 0.0, 0.4)01310785
(-0.9, 0.0, 0.4)01310835
(-0.9, 0.0, 0.4)01310887
(-0.9, 0.0, 0.4)01310938
(-0.9, 0.0, 0.4)01310989
(-0.9, 0.0, 0.4)01311039
(-0.9, 0.0, 0.4)01311091
(-0.9, 0.0, 0.4)01311142
(-0.9, 0.0, 0.4)01311195
(-0.9, 0.0, 0.4)01311244
(-0.9, 0.0, 0.4)01311295
(-0.9, 0.0, 0.4)01311347
(-0.9, 0.0, 0.4)01311397
(-0.9, 0.0, 0.4)01311448
(-0.9, 0.0, 0.4)01311501
(-0.9, 0.0, 0.4)01311551
(-0.9, 0.0, 0.4)01311601
(-0.9, 0.0, 0.4)01311654
(-0.9, 0.0, 0.4)01311705
(-0.9, 0.0, 0.4)01311756
(-0.9, 0.0, 0.4)01311807
(-0.9, 0.0, 0.4)01311858
(-0.9, 0.0, 0.4)01311908
(-0.9, 0.0, 0.4)01311958
(-0.9, 0.0, 0.4)01312008
(-0.9, 0.0, 0.4)01312059
(-0.9, 0.0, 0.4)01312110
(-0.9, 0.0, 0.4)01312162
(-0.9, 0.0, 0.4)01312213
(-0.9, 0.0, 0.4)01312263
(-0.9, 0.0, 0.4)01312315
(-0.9, 0.0, 0.4)01312366
(-0.9, 0.0, 0.4)01312417
(-0.9, 0.0, 0.4)01312471
(-0.9, 0.0, 0.4)01312521
(-0.9, 0.0, 0.4)01312571
(-0.9, 0.0, 0.4)01312622
(-0.9, 0.0, 0.4)01312673
(-0.9, 0.0, 0.4)01312724
(-0.9, 0.0, 0.4)01312775
(-0.9, 0.0, 0.4)01312825
(-0.9, 0.0, 0.4)01312876
(-0.9, 0.0, 0.4)01312926
(-0.9, 0.0, 0.4)01312977
(-0.9, 0.0, 0.4)01313028
(-0.9, 0.0, 0.4)01313079
(-0.9, 0.0, 0.4)01313130
(-0.9, 0.0, 0.4)01313180
(-0.9, 0.0, 0.4)01313231
(-0.9, 0.0, 0.4)01313283
(-0.9, 0.0, 0.4)01313333
(-0.9, 0.0, 0.4)01313383
(-0.9, 0.0, 0.4)01313436
(-0.9, 0.0, 0.4)01313487
(-0.9, 0.0, 0.4)01313538
(-0.9, 0.0, 0.4)01313589
(-0.9, 0.0, 0.4)01313641
(-0.9, 0.0, 0.4)01313692
(-0.9, 0.0, 0.4)01313742
(-0.9, 0.0, 0.4)01313795
(-0.9, 0.0, 0.4)01313845
(-0.9, 0.0, 0.4)01313896
(-0.9, 0.0, 0.4)01313948
(-0.9, 0.0, 0.4)01313998
(-0.9, 0.0, 0.4)01314049
(-0.9, 0.0, 0.4)01314103
(-0.9, 0.0, 0.4)01314152
(-0.9, 0.0, 0.4)01314204
(-0.9, 0.0, 0.4)01314254
(-0.9, 0.0, 0.4)01314306
(-0.9, 0.0, 0.4)01314358
(-0.9, 0.0, 0.4)01314408
(-0.9, 0.0, 0.4)01314459
(-0.9, 0.0, 0.4)01314510
(-0.9, 0.0, 0.4)01314561
(-0.9, 0.0, 0.4)01314617
(-0.9, 0.0, 0.4)01314667
(-0.9, 0.0, 0.4)01314719
(-0.9, 0.0, 0.4)01314769
(-0.9, 0.0, 0.4)01314819
(-0.9, 0.0, 0.4)01314870
(-0.9, 0.0, 0.4)01314920
(-0.9, 0.0, 0.4)01314971
(-0.9, 0.0, 0.4)01315021
(-0.9, 0.0, 0.4)01315072
(-0.9, 0.0, 0.4)01315125
(-0.9, 0.0, 0.4)01315176
(-0.9, 0.0, 0.4)01315226
(-0.9, 0.0, 0.4)01315279
(-0.9, 0.0, 0.4)01315330
(-0.9, 0.0, 0.4)01315381
(-0.9, 0.0, 0.4)01315435
(-0.9, 0.0, 0.4)01315485
(-0.9, 0.0, 0.4)01315536
(-0.9, 0.0, 0.4)01315586
(-0.9, 0.0, 0.4)01315638
(-0.9, 0.0, 0.4)01315689
(-0.9, 0.0, 0.4)01315739
(-0.9, 0.0, 0.4)01315790
(-0.9, 0.0, 0.4)01315842
(-0.9, 0.0, 0.4)01315892
(-0.9, 0.0, 0.4)01315943
(-0.9, 0.0, 0.4)01315994
(-0.9, 0.0, 0.4)01320045
(-0.9, 0.0, 0.4)01320096
(-0.9, 0.0, 0.4)01320149
(-0.9, 0.0, 0.4)01320199
(-0.9, 0.0, 0.4)01320251
(-0.9, 0.0, 0.4)01320301
(-0.9, 0.0, 0.4)01320351
(-0.9, 0.0, 0.4)01320403
(-0.9, 0.0, 0.4)01320455
(-0.9, 0.0, 0.4)01320506
(-0.9, 0.0, 0.4)01320556
(-0.9, 0.0, 0.4)01320608
(-0.9, 0.0, 0.4)01320659
(-0.9, 0.0, 0.4)01320715
(-0.9, 0.0, 0.4)01320764
(-0.9, 0.0, 0.4)01320814
(-0.9, 0.0, 0.4)01320866
(-0.9, 0.0, 0.4)01320918
(-0.9, 0.0, 0.4)01320968
(-0.9, 0.0, 0.4)01321020
(-0.9, 0.0, 0.4)01321071
(-0.9, 0.0, 0.4)01321121
(-0.9, 0.0, 0.4)01321173
(-0.9, 0.0, 0.4)01321227
(-0.9, 0.0, 0.4)01321277
(-0.9, 0.0, 0.4)01321328
(-0.9, 0.0, 0.4)01321381
(-0.9, 0.0, 0.4)01321431
(-0.9, 0.0, 0.4)01321482
(-0.9, 0.0, 0.4)01321536
(-0.9, 0.0, 0.4)01321586
(-0.9, 0.0, 0.4)01321636
(-0.9, 0.0, 0.4)01321689
(-0.9, 0.0, 0.4)01321739
(-0.9, 0.0, 0.4)01321791
(-0.9, 0.0, 0.4)01321842
(-0.9, 0.0, 0.4)01321894
(-0.9, 0.0, 0.4)01321945
(-0.9, 0.0, 0.4)01321997
(-0.9, 0.0, 0.4)01322048
(-0.9, 0.0, 0.4)01322098
(-0.9, 0.0, 0.4)01322149
(-0.9, 0.0, 0.4)01322203
(-0.9, 0.0, 0.4)01322253
(-0.9, 0.0, 0.4)01322304
(-0.9, 0.0, 0.4)01322357
(-0.9, 0.0, 0.4)01322408
(-0.9, 0.0, 0.4)01322458
(-0.9, 0.0, 0.4)01322509
(-0.9, 0.0, 0.4)01322560
(-0.9, 0.0, 0.4)01322610
(-0.9, 0.0, 0.4)01322661
(-0.9, 0.0, 0.4)01322712
(-0.9, 0.0, 0.4)01322762
(-0.9, 0.0, 0.4)01322814
(-0.9, 0.0, 0.4)01322867
(-0.9, 0.0, 0.4)01322918
(-0.9, 0.0, 0.4)01322968
(-0.9, 0.0, 0.4)01323019
(-0.9, 0.0, 0.4)01323069
(-0.9, 0.0, 0.4)01323119
(-0.9, 0.0, 0.4)01323171
(-0.9, 0.0, 0.4)01323222
(-0.9, 0.0, 0.4)01323272
(-0.9, 0.0, 0.4)01323323
(-0.9, 0.0, 0.4)01323373
(-0.9, 0.0, 0.4)01323425
(-0.9, 0.0, 0.4)01323475
(-0.9, 0.0, 0.4)01323526
(-0.9, 0.0, 0.4)01323577
(-0.9, 0.0, 0.4)01323628
(-0.9, 0.0, 0.4)01323680
(-0.9, 0.0, 0.4)01323732
(-0.9, 0.0, 0.4)01323783
(-0.9, 0.0, 0.4)01323835
(-0.9, 0.0, 0.4)01323886
(-0.9, 0.0, 0.4)01323937
(-0.9, 0.0, 0.4)01323989
(-0.9, 0.0, 0.4)01324039
(-0.9, 0.0, 0.4)01324090
(-0.9, 0.0, 0.4)01324142
(-0.9, 0.0, 0.4)01324194
(-0.9, 0.0, 0.4)01324245
(-0.9, 0.0, 0.4)01324295
(-0.9, 0.0, 0.4)01324353
(-0.9, 0.0, 0.4)01324404
(-0.9, 0.0, 0.4)01324454
(-0.9, 0.0, 0.4)01324507
(-0.9, 0.0, 0.4)01324560
(-0.9, 0.0, 0.4)01324610
(-0.9, 0.0, 0.4)01324662
(-0.9, 0.0, 0.4)01324713
(-0.9, 0.0, 0.4)01324764
(-0.9, 0.0, 0.4)01324814
(-0.9, 0.0, 0.4)01324864
(-0.9, 0.0, 0.4)01324915
(-0.9, 0.0, 0.4)01324967
(-0.9, 0.0, 0.4)01325021
(-0.9, 0.0, 0.4)01325071
(-0.9, 0.0, 0.4)01325122
(-0.9, 0.0, 0.4)01325176
(-0.9, 0.0, 0.4)01325226
(-0.9, 0.0, 0.4)01325277
(-0.9, 0.0, 0.4)01325327
(-0.9, 0.0, 0.4)01325377
(-0.9, 0.0, 0.4)01325427
(-0.9, 0.0, 0.4)01325478
(-0.9, 0.0, 0.4)01325528
(-0.9, 0.0, 0.4)01325579
(-0.9, 0.0, 0.4)01325629
(-0.9, 0.0, 0.4)01325680
(-0.9, 0.0, 0.4)01325730
(-0.9, 0.0, 0.4)01325780
(-0.9, 0.0, 0.4)01325830
(-0.9, 0.0, 0.4)01325881
(-0.9, 0.0, 0.4)01325932
(-0.9, 0.0, 0.4)01325986
(-0.9, 0.0, 0.4)01330036
(-0.9, 0.0, 0.4)01330088
(-0.9, 0.0, 0.4)01330139
(-0.9, 0.0, 0.4)01330189
(-0.9, 0.0, 0.4)01330239
(-0.9, 0.0, 0.4)01330291
(-0.9, 0.0, 0.4)01330341
(-0.9, 0.0, 0.4)01330392
(-0.9, 0.0, 0.4)01330445
(-0.9, 0.0, 0.4)01330495
(-0.9, 0.0, 0.4)01330547
(-0.9, 0.0, 0.4)01330599
(-0.9, 0.0, 0.4)01330649
(-0.9, 0.0, 0.4)01330700
(-0.9, 0.0, 0.4)01330751
(-0.9, 0.0, 0.4)01330802
(-0.9, 0.0, 0.4)01330853
(-0.9, 0.0, 0.4)01330903
(-0.9, 0.0, 0.4)01330954
(-0.9, 0.0, 0.4)01331004
(-0.9, 0.0, 0.4)01331054
(-0.9, 0.0, 0.4)01331105
(-0.9, 0.0, 0.4)01331155
(-0.9, 0.0, 0.4)01331205
(-0.9, 0.0, 0.4)01331257
(-0.9, 0.0, 0.4)01331307
(-0.9, 0.0, 0.4)01331357
(-0.9, 0.0, 0.4)01331410
(-0.9, 0.0, 0.4)01331460
(-0.9, 0.0, 0.4)01331510
(-0.9, 0.0, 0.4)01331561
(-0.9, 0.0, 0.4)01331612
(-0.9, 0.0, 0.4)01331663
(-0.9, 0.0, 0.4)01331713
(-0.9, 0.0, 0.4)01331764
(-0.9, 0.0, 0.4)01331816
(-0.9, 0.0, 0.4)01331868
(-0.9, 0.0, 0.4)01331918
(-0.9, 0.0, 0.4)01331970
(-0.9, 0.0, 0.4)01332021
(-0.9, 0.0, 0.4)01332072
(-0.9, 0.0, 0.4)01332122
(-0.9, 0.0, 0.4)01332173
(-0.9, 0.0, 0.4)01332225
(-0.9, 0.0, 0.4)01332276
(-0.9, 0.0, 0.4)01332327
(-0.9, 0.0, 0.4)01332380
(-0.9, 0.0, 0.4)01332430
(-0.9, 0.0, 0.4)01332481
(-0.9, 0.0, 0.4)01332533
(-0.9, 0.0, 0.4)01332584
(-0.9, 0.0, 0.4)01332635
(-0.9, 0.0, 0.4)01332687
(-0.9, 0.0, 0.4)01332736
(-0.9, 0.0, 0.4)01332788
(-0.9, 0.0, 0.4)01332839
(-0.9, 0.0, 0.4)01332889
(-0.9, 0.0, 0.4)01332941
(-0.9, 0.0, 0.4)01332992
(-0.9, 0.0, 0.4)01333043
(-0.9, 0.0, 0.4)01333095
(-0.9, 0.0, 0.4)01333145
(-0.9, 0.0, 0.4)01333195
(-0.9, 0.0, 0.4)01333246
(-0.9, 0.0, 0.4)01333297
(-0.9, 0.0, 0.4)01333349
(-0.9, 0.0, 0.4)01333399
(-0.9, 0.0, 0.4)01333450
(-0.9, 0.0, 0.4)01333503
(-0.9, 0.0, 0.4)01333554
(-0.9, 0.0, 0.4)01333605
(-0.9, 0.0, 0.4)01333656
(-0.9, 0.0, 0.4)01333707
(-0.9, 0.0, 0.4)01333758
(-0.9, 0.0, 0.4)01333811
(-0.9, 0.0, 0.4)01333862
(-0.9, 0.0, 0.4)01333914
(-0.9, 0.0, 0.4)01333966
(-0.9, 0.0, 0.4)01334017
(-0.9, 0.0, 0.4)01334067
(-0.9, 0.0, 0.4)01334117
(-0.9, 0.0, 0.4)01334168
(-0.9, 0.0, 0.4)01334219
(-0.9, 0.0, 0.4)01334270
(-0.9, 0.0, 0.4)01334322
(-0.9, 0.0, 0.4)01334373
(-0.9, 0.0, 0.4)01334424
(-0.9, 0.0, 0.4)01334476
(-0.9, 0.0, 0.4)01334526
(-0.9, 0.0, 0.4)01334577
(-0.9, 0.0, 0.4)01334629
(-0.9, 0.0, 0.4)01334680
(-0.9, 0.0, 0.4)01334731
(-0.9, 0.0, 0.4)01334784
(-0.9, 0.0, 0.4)01334834
(-0.9, 0.0, 0.4)01334885
(-0.9, 0.0, 0.4)01334937
(-0.9, 0.0, 0.4)01334987
(-0.9, 0.0, 0.4)01335038
(-0.9, 0.0, 0.4)01335089
(-0.9, 0.0, 0.4)01335140
(-0.9, 0.0, 0.4)01335191
(-0.9, 0.0, 0.4)01335244
(-0.9, 0.0, 0.4)01335294
(-0.9, 0.0, 0.4)01335345
(-0.9, 0.0, 0.4)01335395
(-0.9, 0.0, 0.4)01335447
(-0.9, 0.0, 0.4)01335498
(-0.9, 0.0, 0.4)01335548
(-0.9, 0.0, 0.4)01335599
(-0.9, 0.0, 0.4)01335650
(-0.9, 0.0, 0.4)01335700
(-0.9, 0.0, 0.4)01335751
(-0.9, 0.0, 0.4)01335801
(-0.9, 0.0, 0.4)01335853
(-0.9, 0.0, 0.4)01335905
(-0.9, 0.0, 0.4)01335955
(-0.9, 0.0, 0.4)01340007
(-0.9, 0.0, 0.4)01340060
(-0.9, 0.0, 0.4)01340112
(-0.9, 0.0, 0.4)01340163
(-0.9, 0.0, 0.4)01340214
(-0.9, 0.0, 0.4)01340264
(-0.9, 0.0, 0.4)01340315
(-0.9, 0.0, 0.4)01340365
(-0.9, 0.0, 0.4)01340416
(-0.9, 0.0, 0.4)01340467
(-0.9, 0.0, 0.4)01340519
(-0.9, 0.0, 0.4)01340569
(-0.9, 0.0, 0.4)01340619
(-0.9, 0.0, 0.4)01340669
(-0.9, 0.0, 0.4)01340721
(-0.9, 0.0, 0.4)01340771
(-0.9, 0.0, 0.4)01340823
(-0.9, 0.0, 0.4)01340874
(-0.9, 0.0, 0.4)01340924
(-0.9, 0.0, 0.4)01340975
(-0.9, 0.0, 0.4)01341027
(-0.9, 0.0, 0.4)01341078
(-0.9, 0.0, 0.4)01341129
(-0.9, 0.0, 0.4)01341183
(-0.9, 0.0, 0.4)01341235
(-0.9, 0.0, 0.4)01341286
(-0.9, 0.0, 0.4)01341336
(-0.9, 0.0, 0.4)01341387
(-0.9, 0.0, 0.4)01341437
(-0.9, 0.0, 0.4)01341489
(-0.9, 0.0, 0.4)01341540
(-0.9, 0.0, 0.4)01341590
(-0.9, 0.0, 0.4)01341641
(-0.9, 0.0, 0.4)01341693
(-0.9, 0.0, 0.4)01341744
(-0.9, 0.0, 0.4)01341795
(-0.9, 0.0, 0.4)01341847
(-0.9, 0.0, 0.4)01341898
(-0.9, 0.0, 0.4)01341949
(-0.9, 0.0, 0.4)01342003
(-0.9, 0.0, 0.4)01342055
(-0.9, 0.0, 0.4)01342106
(-0.9, 0.0, 0.4)01342157
(-0.9, 0.0, 0.4)01342207
(-0.9, 0.0, 0.4)01342259
(-0.9, 0.0, 0.4)01342312
(-0.9, 0.0, 0.4)01342362
(-0.9, 0.0, 0.4)01342413
(-0.9, 0.0, 0.4)01342467
(-0.9, 0.0, 0.4)01342517
(-0.9, 0.0, 0.4)01342568
(-0.9, 0.0, 0.4)01342618
(-0.9, 0.0, 0.4)01342669
(-0.9, 0.0, 0.4)01342721
(-0.9, 0.0, 0.4)01342772
(-0.9, 0.0, 0.4)01342822
(-0.9, 0.0, 0.4)01342874
(-0.9, 0.0, 0.4)01342924
(-0.9, 0.0, 0.4)01342975
(-0.9, 0.0, 0.4)01343027
(-0.9, 0.0, 0.4)01343077
(-0.9, 0.0, 0.4)01343130
(-0.9, 0.0, 0.4)01343181
(-0.9, 0.0, 0.4)01343231
(-0.9, 0.0, 0.4)01343284
(-0.9, 0.0, 0.4)01343335
(-0.9, 0.0, 0.4)01343385
(-0.9, 0.0, 0.4)01343438
(-0.9, 0.0, 0.4)01343488
(-0.9, 0.0, 0.4)01343539
(-0.9, 0.0, 0.4)01343592
(-0.9, 0.0, 0.4)01343642
(-0.9, 0.0, 0.4)01343693
(-0.9, 0.0, 0.4)01343744
(-0.9, 0.0, 0.4)01343794
(-0.9, 0.0, 0.4)01343844
(-0.9, 0.0, 0.4)01343895
(-0.9, 0.0, 0.4)01343947
(-0.9, 0.0, 0.4)01343997
(-0.9, 0.0, 0.4)01344047
(-0.9, 0.0, 0.4)01344099
(-0.9, 0.0, 0.4)01344151
(-0.9, 0.0, 0.4)01344201
(-0.9, 0.0, 0.4)01344252
(-0.9, 0.0, 0.4)01344303
(-0.9, 0.0, 0.4)01344354
(-0.9, 0.0, 0.4)01344405
(-0.9, 0.0, 0.4)01344456
(-0.9, 0.0, 0.4)01344506
(-0.9, 0.0, 0.4)01344560
(-0.9, 0.0, 0.4)01344610
(-0.9, 0.0, 0.4)01344662
(-0.9, 0.0, 0.4)01344712
(-0.9, 0.0, 0.4)01344762
(-0.9, 0.0, 0.4)01344813
(-0.9, 0.0, 0.4)01344863
(-0.9, 0.0, 0.4)01344917
(-0.9, 0.0, 0.4)01344968
(-0.9, 0.0, 0.4)01345018
(-0.9, 0.0, 0.4)01345071
(-0.9, 0.0, 0.4)01345121
(-0.9, 0.0, 0.4)01345172
(-0.9, 0.0, 0.4)01345225
(-0.9, 0.0, 0.4)01345275
(-0.9, 0.0, 0.4)01345326
(-0.9, 0.0, 0.4)01345377
(-0.9, 0.0, 0.4)01345428
(-0.9, 0.0, 0.4)01345479
(-0.9, 0.0, 0.4)01345532
(-0.9, 0.0, 0.4)01345582
(-0.9, 0.0, 0.4)01345632
(-0.9, 0.0, 0.4)01345683
(-0.9, 0.0, 0.4)01345734
(-0.9, 0.0, 0.4)01345785
(-0.9, 0.0, 0.4)01345835
(-0.9, 0.0, 0.4)01345887
(-0.9, 0.0, 0.4)01345938
(-0.9, 0.0, 0.4)01345989
(-0.9, 0.0, 0.4)01350041
(-0.9, 0.0, 0.4)01350092
(-0.9, 0.0, 0.4)01350143
(-0.9, 0.0, 0.4)01350196
(-0.9, 0.0, 0.4)01350247
(-0.9, 0.0, 0.4)01350298
(-0.9, 0.0, 0.4)01350350
(-0.9, 0.0, 0.4)01350401
(-0.9, 0.0, 0.4)01350451
(-0.9, 0.0, 0.4)01350502
(-0.9, 0.0, 0.4)01350555
(-0.9, 0.0, 0.4)01350605
(-0.9, 0.0, 0.4)01350656
(-0.9, 0.0, 0.4)01350708
(-0.9, 0.0, 0.4)01350759
(-0.9, 0.0, 0.4)01350810
(-0.9, 0.0, 0.4)01350860
(-0.9, 0.0, 0.4)01350911
(-0.9, 0.0, 0.4)01350963
(-0.9, 0.0, 0.4)01351014
(-0.9, 0.0, 0.4)01351065
(-0.9, 0.0, 0.4)01351114
(-0.9, 0.0, 0.4)01351167
(-0.9, 0.0, 0.4)01351220
(-0.9, 0.0, 0.4)01351271
(-0.9, 0.0, 0.4)01351322
(-0.9, 0.0, 0.4)01351373
(-0.9, 0.0, 0.4)01351423
(-0.9, 0.0, 0.4)01351473
(-0.9, 0.0, 0.4)01351525
(-0.9, 0.0, 0.4)01351575
(-0.9, 0.0, 0.4)01351625
(-0.9, 0.0, 0.4)01351676
(-0.9, 0.0, 0.4)01351727
(-0.9, 0.0, 0.4)01351778
(-0.9, 0.0, 0.4)01351830
(-0.9, 0.0, 0.4)01351884
(-0.9, 0.0, 0.4)01351934
(-0.9, 0.0, 0.4)01351986
(-0.9, 0.0, 0.4)01352041
(-0.9, 0.0, 0.4)01352091
(-0.9, 0.0, 0.4)01352142
(-0.9, 0.0, 0.4)01352194
(-0.9, 0.0, 0.4)01352245
(-0.9, 0.0, 0.4)01352295
(-0.9, 0.0, 0.4)01352346
(-0.9, 0.0, 0.4)01352397
(-0.9, 0.0, 0.4)01352447
(-0.9, 0.0, 0.4)01352497
(-0.9, 0.0, 0.4)01352548
(-0.9, 0.0, 0.4)01352599
(-0.9, 0.0, 0.4)01352650
(-0.9, 0.0, 0.4)01352702
(-0.9, 0.0, 0.4)01352753
(-0.9, 0.0, 0.4)01352804
(-0.9, 0.0, 0.4)01352859
(-0.9, 0.0, 0.4)01352910
(-0.9, 0.0, 0.4)01352961
(-0.9, 0.0, 0.4)01353013
(-0.9, 0.0, 0.4)01353063
(-0.9, 0.0, 0.4)01353113
(-0.9, 0.0, 0.4)01353164
(-0.9, 0.0, 0.4)01353215
(-0.9, 0.0, 0.4)01353265
(-0.9, 0.0, 0.4)01353315
(-0.9, 0.0, 0.4)01353369
(-0.9, 0.0, 0.4)01353420
(-0.9, 0.0, 0.4)01353470
(-0.9, 0.0, 0.4)01353523
(-0.9, 0.0, 0.4)01353573
(-0.9, 0.0, 0.4)01353624
(-0.9, 0.0, 0.4)01353675
(-0.9, 0.0, 0.4)01353725
(-0.9, 0.0, 0.4)01353776
(-0.9, 0.0, 0.4)01353828
(-0.9, 0.0, 0.4)01353878
(-0.9, 0.0, 0.4)01353929
(-0.9, 0.0, 0.4)01353980
(-0.9, 0.0, 0.4)01354030
(-0.9, 0.0, 0.4)01354081
(-0.9, 0.0, 0.4)01354132
(-0.9, 0.0, 0.4)01354187
(-0.9, 0.0, 0.4)01354237
(-0.9, 0.0, 0.4)01354288
(-0.9, 0.0, 0.4)01354341
(-0.9, 0.0, 0.4)01354392
(-0.9, 0.0, 0.4)01354442
(-0.9, 0.0, 0.4)01354493
(-0.9, 0.0, 0.4)01354543
(-0.9, 0.0, 0.4)01354593
(-0.9, 0.0, 0.4)01354643
(-0.9, 0.0, 0.4)01354695
(-0.9, 0.0, 0.4)01354745
(-0.9, 0.0, 0.4)01354797
(-0.9, 0.0, 0.4)01354848
(-0.9, 0.0, 0.4)01354900
(-0.9, 0.0, 0.4)01354951
(-0.9, 0.0, 0.4)01355002
(-0.9, 0.0, 0.4)01355052
(-0.9, 0.0, 0.4)01355103
(-0.9, 0.0, 0.4)01355155
(-0.9, 0.0, 0.4)01355206
(-0.9, 0.0, 0.4)01355257
(-0.9, 0.0, 0.4)01355308
(-0.9, 0.0, 0.4)01355359
(-0.9, 0.0, 0.4)01355409
(-0.9, 0.0, 0.4)01355462
(-0.9, 0.0, 0.4)01355512
(-0.9, 0.0, 0.4)01355563
(-0.9, 0.0, 0.4)01355614
(-0.9, 0.0, 0.4)01355664
(-0.9, 0.0, 0.4)01355715
(-0.9, 0.0, 0.4)01355766
(-0.9, 0.0, 0.4)01355816
(-0.9, 0.0, 0.4)01355868
(-0.9, 0.0, 0.4)01355919
(-0.9, 0.0, 0.4)01355971
(-0.9, 0.0, 0.4)01360021
(-0.9, 0.0, 0.4)01360072
(-0.9, 0.0, 0.4)01360123
(-0.9, 0.0, 0.4)01360174
(-0.9, 0.0, 0.4)01360224
(-0.9, 0.0, 0.4)01360276
(-0.9, 0.0, 0.4)01360327
(-0.9, 0.0, 0.4)01360377
(-0.9, 0.0, 0.4)01360429
(-0.9, 0.0, 0.4)01360479
(-0.9, 0.0, 0.4)01360529
(-0.9, 0.0, 0.4)01360582
(-0.9, 0.0, 0.4)01360633
(-0.9, 0.0, 0.4)01360684
(-0.9, 0.0, 0.4)01360737
(-0.9, 0.0, 0.4)01360788
(-0.9, 0.0, 0.4)01360839
(-0.9, 0.0, 0.4)01360891
(-0.9, 0.0, 0.4)01360941
(-0.9, 0.0, 0.4)01360991
(-0.9, 0.0, 0.4)01361043
(-0.9, 0.0, 0.4)01361093
(-0.9, 0.0, 0.4)01361144
(-0.9, 0.0, 0.4)01361195
(-0.9, 0.0, 0.4)01361248
(-0.9, 0.0, 0.4)01361298
(-0.9, 0.0, 0.4)01361349
(-0.9, 0.0, 0.4)01361400
(-0.9, 0.0, 0.4)01361451
(-0.9, 0.0, 0.4)01361501
(-0.9, 0.0, 0.4)01361551
(-0.9, 0.0, 0.4)01361602
(-0.9, 0.0, 0.4)01361652
(-0.9, 0.0, 0.4)01361702
(-0.9, 0.0, 0.4)01361754
(-0.9, 0.0, 0.4)01361805
(-0.9, 0.0, 0.4)01361856
(-0.9, 0.0, 0.4)01361908
(-0.9, 0.0, 0.4)01361958
(-0.9, 0.0, 0.4)01362008
(-0.9, 0.0, 0.4)01362061
(-0.9, 0.0, 0.4)01362111
(-0.9, 0.0, 0.4)01362163
(-0.9, 0.0, 0.4)01362215
(-0.9, 0.0, 0.4)01362265
(-0.9, 0.0, 0.4)01362316
(-0.9, 0.0, 0.4)01362370
(-0.9, 0.0, 0.4)01362422
(-0.9, 0.0, 0.4)01362472
(-0.9, 0.0, 0.4)01362525
(-0.9, 0.0, 0.4)01362575
(-0.9, 0.0, 0.4)01362626
(-0.9, 0.0, 0.4)01362677
(-0.9, 0.0, 0.4)01362728
(-0.9, 0.0, 0.4)01362779
(-0.9, 0.0, 0.4)01362830
(-0.9, 0.0, 0.4)01362882
(-0.9, 0.0, 0.4)01362933
(-0.9, 0.0, 0.4)01362983
(-0.9, 0.0, 0.4)01363036
(-0.9, 0.0, 0.4)01363087
(-0.9, 0.0, 0.4)01363138
(-0.9, 0.0, 0.4)01363191
(-0.9, 0.0, 0.4)01363241
(-0.9, 0.0, 0.4)01363291
(-0.9, 0.0, 0.4)01363343
(-0.9, 0.0, 0.4)01363392
(-0.9, 0.0, 0.4)01363443
(-0.9, 0.0, 0.4)01363494
(-0.9, 0.0, 0.4)01363545
(-0.9, 0.0, 0.4)01363597
(-0.9, 0.0, 0.4)01363649
(-0.9, 0.0, 0.4)01363700
(-0.9, 0.0, 0.4)01363752
(-0.9, 0.0, 0.4)01363802
(-0.9, 0.0, 0.4)01363855
(-0.9, 0.0, 0.4)01363906
(-0.9, 0.0, 0.4)01363957
(-0.9, 0.0, 0.4)01364012
(-0.9, 0.0, 0.4)01364063
(-0.9, 0.0, 0.4)01364114
(-0.9, 0.0, 0.4)01364166
(-0.9, 0.0, 0.4)01364218
(-0.9, 0.0, 0.4)01364269
(-0.9, 0.0, 0.4)01364320
(-0.9, 0.0, 0.4)01364371
(-0.9, 0.0, 0.4)01364421
(-0.9, 0.0, 0.4)01364472
(-0.9, 0.0, 0.4)01364525
(-0.9, 0.0, 0.4)01364575
(-0.9, 0.0, 0.4)01364626
(-0.9, 0.0, 0.4)01364679
(-0.9, 0.0, 0.4)01364729
(-0.9, 0.0, 0.4)01364780
(-0.9, 0.0, 0.4)01364831
(-0.9, 0.0, 0.4)01364881
(-0.9, 0.0, 0.4)01364932
(-0.9, 0.0, 0.4)01364983
(-0.9, 0.0, 0.4)01365034
(-0.9, 0.0, 0.4)01365086
(-0.9, 0.0, 0.4)01365137
(-0.9, 0.0, 0.4)01365188
(-0.9, 0.0, 0.4)01365238
(-0.9, 0.0, 0.4)01365289
(-0.9, 0.0, 0.4)01365341
(-0.9, 0.0, 0.4)01365392
(-0.9, 0.0, 0.4)01365443
(-0.9, 0.0, 0.4)01365493
(-0.9, 0.0, 0.4)01365544
(-0.9, 0.0, 0.4)01365595
(-0.9, 0.0, 0.4)01365647
(-0.9, 0.0, 0.4)01365698
(-0.9, 0.0, 0.4)01365749
(-0.9, 0.0, 0.4)01365803
(-0.9, 0.0, 0.4)01365853
(-0.9, 0.0, 0.4)01365904
(-0.9, 0.0, 0.4)01365957
(-0.9, 0.0, 0.4)01370006
(-0.9, 0.0, 0.4)01370057
(-0.9, 0.0, 0.4)01370107
(-0.9, 0.0, 0.4)01370159
(-0.9, 0.0, 0.4)01370210
(-0.9, 0.0, 0.4)01370260
(-0.9, 0.0, 0.4)01370311
(-0.9, 0.0, 0.4)01370361
(-0.9, 0.0, 0.4)01370412
(-0.9, 0.0, 0.4)01370464
(-0.9, 0.0, 0.4)01370514
(-0.9, 0.0, 0.4)01370565
(-0.9, 0.0, 0.4)01370616
(-0.9, 0.0, 0.4)01370668
(-0.9, 0.0, 0.4)01370719
(-0.9, 0.0, 0.4)01370772
(-0.9, 0.0, 0.4)01370823
(-0.9, 0.0, 0.4