(-0.9, 0.0, -0.3)01181719
(-0.8, -0.2, 0.6)01181769
(-0.9, 0.0, -0.4)01181820
(-0.9, -0.3, 0.3)01181871
(-0.9, -0.3, 0.2)01181922
(-0.9, -0.3, 0.2)01181972
(-0.9, -0.3, 0.3)01182023
(-0.5, 0.0, -0.9)01182076
(-0.5, 0.0, -0.9)01182127
(-0.5, 0.0, -0.9)01182177
(-0.5, 0.0, -0.9)01182227
(-0.5, 0.0, -0.9)01182279
(-0.5, 0.0, -0.9)01182329
(-0.5, 0.0, -0.9)01182382
(-0.5, 0.0, -0.9)01182432
(-0.5, 0.0, -0.9)01182486
(-0.5, 0.0, -0.9)01182536
(-0.5, 0.0, -0.9)01182587
(-0.5, 0.0, -0.9)01182639
(-0.5, 0.0, -0.9)01182692
(-0.5, 0.0, -0.9)01182742
(-0.5, 0.0, -0.9)01182794
(-0.5, 0.0, -0.9)01182844
(-0.5, 0.0, -0.9)01182895
(-0.2, -0.1, -1.0)01182947
(0.2, -0.3, -0.9)01182996
(0.5, -0.5, -0.7)01183047
(-0.8, -0.6, -0.2)01183097
(-0.9, -0.3, 0.2)01183149
(-0.9, -0.3, 0.2)01183200
(-0.9, -0.3, 0.2)01183252
(-0.9, -0.3, 0.2)01183303
(-0.9, -0.3, 0.2)01183354
(-0.9, -0.2, 0.2)01183405
(-1.0, -0.1, 0.2)01183458
(-1.0, -0.1, 0.1)01183508
(-1.0, -0.1, 0.0)01183560
(-1.0, -0.1, 0.0)01183617
(-1.0, 0.0, -0.1)01183667
(-1.0, 0.0, -0.1)01183718
(-1.0, 0.0, -0.2)01183772
(-1.0, 0.0, -0.2)01183824
(-1.0, 0.0, -0.2)01183874
(-1.0, 0.0, -0.2)01183925
(-1.0, 0.0, -0.2)01183975
(-1.0, 0.0, -0.2)01184026
(-1.0, 0.0, -0.2)01184077
(-1.0, 0.0, -0.2)01184128
(-1.0, 0.0, -0.2)01184178
(-1.0, 0.0, -0.2)01184229
(-1.0, 0.0, -0.2)01184280
(-1.0, 0.0, -0.2)01184330
(-1.0, 0.0, -0.2)01184383
(-1.0, 0.0, -0.2)01184438
(-1.0, 0.0, -0.2)01184488
(-1.0, 0.0, -0.2)01184540
(-1.0, 0.0, -0.2)01184591
(-1.0, 0.0, -0.2)01184642
(-0.8, 0.0, -0.5)01184692
(-0.8, 0.0, -0.5)01184743
(-0.8, 0.0, -0.5)01184793
(-0.8, 0.0, -0.5)01184844
(-0.8, 0.0, -0.5)01184895
(-0.8, 0.0, -0.5)01184946
(-0.9, 0.0, -0.5)01184995
(-0.9, 0.0, -0.5)01185046
(-0.9, 0.0, -0.5)01185100
(-0.9, 0.0, -0.5)01185149
(-0.9, 0.0, -0.4)01185201
(-0.9, 0.0, -0.4)01185251
(-0.9, 0.0, -0.4)01185302
(-0.9, 0.0, -0.4)01185354
(-0.9, 0.0, -0.4)01185404
(-0.9, 0.0, -0.4)01185456
(-0.9, 0.0, -0.4)01185507
(-0.9, 0.0, -0.4)0118