(-0.9, 0.0, -0.3)01571348
(-0.9, 0.0, -0.3)01571399
(-0.9, 0.0, -0.3)01571449
(-0.9, 0.0, -0.3)01571499
(-0.9, 0.0, -0.3)01571551
(-0.9, 0.0, -0.3)01571605
(-0.9, 0.0, -0.3)01571656
(-0.9, 0.0, -0.3)01571707
(-0.9, 0.0, -0.3)01571757
(-0.9, 0.0, -0.3)01571809
(-0.9, 0.0, -0.3)01571859
(-0.9, 0.0, -0.3)01571911
(-0.9, 0.0, -0.3)01571961
(-0.9, 0.0, -0.3)01572013
(-0.9, 0.0, -0.3)01572064
(-0.9, 0.0, -0.3)01572115
(-0.9, 0.0, -0.3)01572165
(-0.9, 0.0, -0.3)01572217
(-0.9, 0.0, -0.3)01572267
(-0.9, 0.0, -0.3)01572318
(-0.9, 0.0, -0.3)01572369
(-0.9, 0.0, -0.3)01572420
(-0.9, 0.0, -0.3)01572470
(-0.9, 0.0, -0.3)01572521
(-0.9, 0.0, -0.3)01572573
(-0.9, 0.0, -0.3)01572624
(-0.9, 0.0, -0.3)01572676
(-0.9, 0.0, -0.3)01572731
(-0.9, 0.0, -0.3)01572781
(-0.9, 0.0, -0.3)01572832
(-0.9, 0.0, -0.3)01572884
(-0.9, 0.0, -0.3)01572935
(-0.9, 0.0, -0.3)01572986
(-0.9, 0.0, -0.3)01573038
(-0.9, 0.0, -0.3)01573089
(-0.9, 0.0, -0.3)01573140
(-0.9, 0.0, -0.3)01573191
(-0.9, 0.0, -0.3)01573242
(-0.9, 0.0, -0.3)01573292
(-0.9, 0.0, -0.3)01573343
(-0.9, 0.0, -0.3)01573395
(-0.9, 0.0, -0.3)01573446
(-1.0, -0.1, -0.1)01573497
(-0.9, 0.1, -0.4)01573548
(-0.9, -0.1, -0.3)01573598
(-0.8, 0.0, 0.6)01573648
(-0.9, -0.1, 0.4)01573702
(-0.9, 0.0, 0.4)01573752
(-0.9, 0.0, 0.4)01573804
(-0.9, 0.0, 0.4)01573854
(-0.9, 0.0, 0.4)01573904
(-0.9, 0.0, 0.4)01573955
(-0.9, 0.0, 0.4)01574006
(-0.9, 0.0, 0.4)01574059
(-0.9, 0.0, 0.4)01574111
(-0.9, 0.0, 0.4)01574161
(-0.9, 0.0, 0.4)01574214
(-0.9, 0.0, 0.4)01574265
(-0.9, 0.0, 0.4)01574316
(-0.9, 0.0, 0.4)01574372
(-0.9, 0.0, 0.4)01574422
(-0.9, 0.0, 0.4)01574473
(-0.9, 0.0, 0.4)01574525
(-0.9, 0.0, 0.4)01574574
(-0.9, 0.0, 0.4)01574625
(-0.9, 0.0, 0.4)01574676
(-0.9, 0.0, 0.4)01574729
(-0.9, 0.0, 0.4)01574780
(-0.9, 0.0, 0.4)01574831
(-0.9, 0.0, 0.4)01574882
(-0.9, 0.0, 0.4)01574933
(-0.9, 0.0, 0.4)01574983
(-0.9, 0.0, 0.4)01575034
(-0.9, 0.0, 0.4)01575084
(-0.9, 0.0, 0.4)01575136
(-0.9, 0.0, 0.4)01575188
(-0.9, 0.0, 0.4)01575237
(-0.9, 0.0, 0.4)01575288
(-0.9, 0.0, 0.4)01575345
(-0.9, 0.0, 0.4)01575394
(-0.9, 0.0, 0.4)01575446
(-0.9, 0.0, 0.4)01575498
(-0.9, 0.0, 0.4)01575549
(-0.9, 0.0, 0.4)01575600
(-0.9, 0.0, 0.4)01575651
(-0.9, 0.0, 0.4)01575701
(-0.9, 0.0, 0.4)01575753
(-0.9, 0.0, 0.4)01575804
(-0.9, 0.0, 0.4)01575855
(-0.9, 0.0, 0.4)01575906
(-0.9, 0.0, 0.4)01575958
(-0.9, 0.0, 0.4)01580017
(-0.9, 0.0, 0.4)01580067
(-0.9, 0.0, 0.4)01580118
(-0.9, 0.0, 0.4)01580170
(-0.9, 0.0, 0.4)01580220
(-0.9, 0.0, 0.4)01580270
(-0.9, 0.0, 0.4)01580321
(-0.9, 0.0, 0.4)01580372
(-0.9, 0.0, 0.4)01580423
(-0.9, 0.0, 0.4)01580474
(-0.9, 0.0, 0.4)01580525
(-0.9, 0.0, 0.4)01580575
(-0.9, 0.0, 0.4)01580626
(-0.9, 0.0, 0.4)01580677
(-0.9, 0.0, 0.4)01580728
(-0.9, 0.0, 0.4)01580778
(-0.9, 0.0, 0.4)01580828
(-0.9, 0.0, 0.4)01580880
(-0.9, 0.0, 0.4)01580931
(-0.9, 0.0, 0.4)01580984
(-0.9, 0.0, 0.4)01581035
(-0.9, 0.0, 0.4)01581086
(-0.9, 0.0, 0.4)01581138
(-0.9, 0.0, 0.4)01581188
(-0.9, 0.0, 0.4)01581239
(-0.9, 0