(-0.9, 0.0, -0.3)02163866
(-0.9, 0.0, -0.3)02163917
(-0.9, 0.0, -0.3)02163968
(-0.9, 0.0, -0.3)02164019
(-0.9, 0.0, -0.3)02164069
(-0.9, 0.0, -0.3)02164121
(-0.9, 0.0, -0.3)02164171
(-0.9, 0.0, -0.3)02164232
(-0.3, -0.3, -0.9)02164283
(-0.4, -0.2, -0.9)02164333
(-0.5, 0.2, -0.8)02164384
(-0.7, -0.2, -0.7)02164434
(-1.0, -0.2, -0.1)02164485
(-1.0, 0.1, -0.2)02164536
(-1.0, 0.1, -0.2)02164587
(-1.0, 0.1, 0.2)02164639
(-1.0, -0.1, 0.3)02164689
(-1.0, -0.1, 0.3)02164740
(-1.0, -0.1, 0.3)02164790
(-1.0, -0.1, 0.3)02164841
(-0.9, 0.3, -0.1)02164892
(-0.9, 0.5, -0.1)02164944
(-0.9, 0.4, -0.2)02164995
(-0.9, 0.4, -0.2)02165046
(-0.9, 0.4, -0.2)02165097
(-0.9, 0.4, -0.2)02165148
(-0.9, 0.4, -0.2)02165199
(-0.9, 0.4, -0.2)02165250
(-0.9, 0.4, -0.2)02165300
(-0.9, 0.4, -0.2)02165350
(-0.9, 0.4, -0.2)02165402
(-0.9, 0.4, -0.2)02165457
(-0.9, 0.4, -0.2)02165506
(-0.9, 0.4, -0.2)02165557
(-0.9, 0.4, -0.2)02165607
(-0.9, 0.4, -0.2)02165659
(-0.9, 0.4, -0.2)02165709
(-0.9, 0.4, -0.2)02165