(-0.9, -0.4, 0.0)02220838
(-0.7, -0.6, -0.2)02220888
(-0.6, -0.2, -0.8)02220940
(-0.6, -0.2, -0.8)02220990
(-0.6, -0.2, -0.8)02221041
(-1.0, -0.2, -0.2)02221093
(-0.9, -0.3, -0.1)02221145
(-1.0, -0.3, -0.1)02221195
(-1.0, -0.3, -0.1)02221248
(-1.0, -0.3, -0.1)02221298
(-1.0, -0.3, -0.1)02221348
(-1.0, -0.3, -0.1)02221402
(-1.0, -0.3, -0.1)02221453
(-1.0, -0.3, -0.1)02221504
(-1.0, -0.3, -0.1)02221555
(-1.0, -0.3, -0.1)02221606
(-1.0, -0.3, -0.1)02221657
(-1.0, -0.3, -0.1)02221707
(-1.0, -0.3, -0.1)02221757
(-1.0, -0.3, -0.1)02221809
(-1.0, -0.3, -0.1)02221859
(-1.0, -0.3, -0.1)02221913
(-1.0, -0.3, -0.1)02221964
(-1.0, -0.3, -0.1)02222014
(-1.0, -0.3, -0.1)02222065
(-1.0, -0.3, -0.1)02222116
(-1.0, -0.3, -0.1)02222167
(-1.0, -0.3, -0.1)02222220
(-1.0, -0.3, -0.1)02222269
(-1.0, -0.3, -0.1)02222320
(-1.0, -0.3, -0.1)02222371
(-1.0, -0.3, -0.1)02222422
(-1.0, -0.3, -0.1)02222473
(-1.0, -0.3, -0.1)02222524
(-1.0, -0.3, -0.1)02222576
(-1.0, -0.3, -0.1)02222627
(-1.0, -0.3, -0.1)02222677
(-1.0, -0.3, -0.1)02222729
(-1.0, -0.3, -0.1)02222779
(-1.0, -0.3, -0.1)02222830
(-1.0, -0.3, -0.1)02222884
(-1.0, -0.3, -0.1)02222935
(-1.0, -0.3, -0.1)02222985
(-1.0, -0.3, -0.1)02223035
(-1.0, -0.3, -0.1)02223085
(-1.0, -0.3, -0.1)02223137
(-1.0, -0.3, -0.1)02223187
(-1.0, -0.3, -0.1)02223237
(-1.0, -0.3, -0.1)02223288
(-1.0, -0.3, -0.1)02223338
(-1.0, -0.3, -0.1)02223390
(-1.0, -0.3, -0.1)02223440
(-1.0, -0.3, -0.1)02223490
(-1.0, -0.3, -0.1)02223544
(-1.0, -0.3, -0.1)02223596
(-1.0, -0.3, -0.1)02223646
(-1.0, -0.3, -0.1)02223697
(-1.0, -0.3, -0.1)02223747
(-1.0, -0.3, -0.1)02223797
(-1.0, -0.3, -0.1)02223847
(-1.0, -0.3, -0.1)02223900
(-1.0, -0.3, -0.1)02223951
(-1.0, -0.3, -0.1)02224002
(-1.0, -0.3, -0.1)02224055
(-1.0, -0.3, -0.1)02224106
(-1.0, -0.3, -0.1)02224156
(-1.0, -0.3, -0.1)02224209
(-1.0, -0.3, -0.1)02224260
(-1.0, -0.3, -0.1)02224310
(-1.0, -0.3, -0.1)02224362
(-1.0, -0.3, -0.1)02224412
(-1.0, -0.3, -0.1)02224463
(-1.0, -0.3, -0.1)02224513
(-1.0, -0.3, -0.1)02224565
(-1.0, -0.3, -0.1)02224616
(-1.0, -0.3, -0.1)02224666
(-1.0, -0.3, -0.1)02224720
(-1.0, -0.3, -0.1)02224770
(-1.0, -0.3, -0.1)02224820
(-1.0, -0.3, -0.1)02224877
(-1.0, -0.3, -0.1)02224927
(-1.0, -0.3, -0.1)02224977
(-1.0, -0.3, -0.1)02225029
(-1.0, -0.3, -0.1)02225080
(-1.0, -0.3, -0.1)02225131
(-1.0, -0.3, -0.1)02225182
(-1.0, -0.3, -0.1)02225233
(-1.0, -0.3, -0.1)02225284
(-1.0, -0.3, -0.1)02225335
(-1.0, -0.3, -0.1)02225386
(-1.0, -0.3, -0.1)02225436
(-1.0, -0.3, -0.1)02225487
(-1.0, -0.3, -0.1)02225540
(-1.0, -0.3, -0.1)02225591
(-1.0, -0.3, -0.1)02225641
(-1.0, -0.3, -0.1)02225694
(-1.0, -0.3, -0.1)02225745
(-1.0, -0.3, -0.1)02225796
(-1.0, -0.3, -0.1)02225846
(-1.0, -0.3, -0.1)02225898
(-1.0, -0.3, -0.1)02225949
(-1.0, -0.3, -0.1)02230001
(-1.0, -0.3, -0.1)02230051
(-1.0, -0.3, -0.1)02230102
(-1.0, -0.3, -0.1)02230153
(-1.0, -0.3, -0.1)02230205
(-1.0, -0.3, -0.1)02230256
(-1.0, -0.3, -0.1)02230306
(-1.0, -0.3, -0.1)02230359
(-1.0, -0.3, -0.1)022