(-0.9, 0.0, -0.3)02233303
(-0.9, 0.0, -0.3)02233354
(-0.9, 0.0, -0.3)02233404
(-0.9, -0.2, 0.3)02233456
(-0.8, -0.2, 0.5)02233506
(-0.8, -0.2, 0.6)02233558
(-0.3, -0.3, 0.9)02233609
(0.3, -0.2, 0.9)02233659
(0.3, -0.2, 0.9)02233713
(0.3, -0.3, 0.9)02233762
(0.2, -0.3, 0.9)02233813
(0.2, -0.3, 0.9)02233864
(0.2, -0.3, 0.9)02233915
(0.2, -0.3, 0.9)02233965
(0.2, -0.3, 0.9)02234017
(0.2, -0.3, 0.9)02234068
(0.2, -0.3, 0.9)02234119
(0.2, -0.3, 0.9)02234169
(0.2, -0.3, 0.9)02234220
(0.2, -0.3, 0.9)02234272
(0.2, -0.3, 0.9)02234323
(0.2, -0.3, 0.9)02234373
(0.2, -0.3, 0.9)02234424
(0.2, -0.3, 0.9)02234474
(0.2, -0.3, 0.9)02234526
(0.2, -0.3, 0.9)02234576
(0.2, -0.3, 0.9)02234627
(0.1, -0.6, 0.8)02234677
(-0.1, -0.9, 0.5)02234727
(-0.4, -0.9, 0.3)02234777
(-0.3, -0.9, 0.2)02234829
(-0.3, -0.9, 0.2)02234878
(-0.3, -0.9, 0.2)02234929
(-0.3, -0.9, 0.2)02234979
(-0.3, -0.9, 0.2)02235029
(-0.3, -0.9, 0.2)02235080
(-0.3, -0.9, 0.2)02235131
(-0.3, -0.9, 0.2)02235182
(-0.3, -0.9, 0.2)02235232
(-0.3, -0.9, 0.2)02235283
(-0.3, -0.9, 0.2)02235333
(-0.3, -0.9, 0.2)02235385
(-0.3, -0.9, 0.2)02235435
(-0.3, -0.9, 0.2)02235486
(-0.3, -0.9, 0.2)02235536
(-0.3, -0.9, 0.2)02235588
(-0.3, -0.9, 0.2)02235640
(-0.3, -0.9, 0.2)02235689
(-0.3, -0.9, 0.2)02235740
(-0.3, -0.9, 0.2)02235791
(-0.3, -0.9, 0.2)02235842
(-0.3, -0.9, 0.2)02235894
(-0.3, -0.9, 0.2)02235947
(-0.3, -0.9, 0.2)02235997
(-0.3, -0.9, 0.2)02240048
(-0.3, -0.9, 0.2)02240099
(-0.3, -0.9, 0.2)02240149
(-0.3, -0.9, 0.2)02240199
(-0.3, -0.9, 0.2)02240250
(-0.3, -0.9, 0.2)02240306
(-0.3, -0.9, 0.2)02240354
(-0.3, -0.9, 0.2)02240405
(-0.3, -0.9, 0.2)02240456
(-0.3, -0.9, 0.2)02240507
(-0.3, -0.9, 0.2)02240557
(-0.3, -0.9, 0.2)02240608
(-0.3, -0.9, 0.2)02240658
(-0.3, -0.9, 0.2)02240709
(-0.3, -0.9, 0.2)02240759
(-0.3, -0.9, 0.2)02240813
(-0.3, -0.9, 0.2)02240863
(-0.3, -0.9, 0.2)02240914
(-0.3, -0.9, 0.2)02240964
(-0.3, -0.9, 0.2)02241014
(-0.3, -0.9, 0.2)02241064
(-0.3, -0.9, 0.2)02241115
(-0.3, -0.9, 0.2)02241167
(-0.3, -0.9, 0.2)02241217
(-0.3, -0.9, 0.2)02241268
(-0.3, -0.9, 0.2)02241320
(-0.3, -0.9, 0.2)02241371
(-0.3, -0.9, 0.2)02241422
(-0.3, -0.9, 0.2)02241474
(-0.3, -0.9, 0.2)02241523
(-0.3, -0.9, 0.2)02241574
(-0.3, -0.9, 0.2)02241624
(-0.3, -0.9, 0.2)02241674
(-0.3, -0.9, 0.2)02241724
(-0.3, -0.9, 0.2)02241775
(-0.3, -0.9, 0.2)02241825
(-0.3, -0.9, 0.2)02241876
(-0.3, -0.9, 0.2)02241926
(-0.3, -0.9, 0.2)02241976
(-0.3, -0.9, 0.2)02242027
(-0.3, -0.9, 0.2)02242077
(-0.3, -0.9, 0.2)02242127
(-0.3, -0.9, 0.2)02242177
(-0.3, -0.9, 0.2)02242227
(-0.3, -0.9, 0.2)02242279
(-0.3, -0.9, 0.2)02242329
(-0.3, -0.9, 0.2)02242379
(-0.3, -0.9, 0.2)02242430
(-0.3, -0.9, 0.2)02242480
(-0.3, -0.9, 0.2)02242532
(-0.3, -0.9, 0.2)02242584
(-0.3, -0.9, 0.2)02242634
(-0.3, -0.9, 0.2)02242684
(-0.3, -0.9, 0.2)02242735
(-0.3, -0.9, 0.2)02242786
(-0.3, -0.9, 0.2)02242836
(-0.3, -0.9, 0.2)02242887
(-0.3, -0.9, 0.2)02242939
(-0.3, -0.9, 0.2)02242989
(-0.3, -0.9, 0.2)02243040
(-0.3, -0.9, 0.2)02243090
(-0.3, -0.9, 0.2)02243141
(-0.3, -0.9, 0.2)02243192
(-0.3, -0.9, 0.2)02243244
(-0.3, -0.9, 0.2)02243295
(-0.3, -0.9, 0.2)02243345
(-0.3, -0.9, 0.2)02243395
(-0.3, -0.9, 0.2)02243446
(-0.3, -0.9, 0.2)02243496
(-0.3, -0.9, 0.2)02243546
(-0.3, -0.9, 0.2)02243600
(-0.3, -0.9, 0.2)02243649
(-0.3, -0.9, 0.2)02243700
(-0.3, -0.9, 0.2)02243752
(-0.3, -0.9, 0.2)02243802
(-0.3, -0.9, 0.2)02243852
(-0.3, -0.9, 0.2)02243902
(-0.3, -0.9, 0.2)02243954
(-0.3, -0.9, 0.2)02244005
(-0.3, -0.9, 0.2)02244055
(-0.3, -0.9, 0.2)02244106
(-0.3, -0.9, 0.2)02244156
(-0.3, -0.9, 0.2)02244206
(-0.3, -0.9, 0.2)02244258
(-0.3, -0.9, 0.2)02244308
(-0.3, -0.9, 0.2)02244358
(-0.3, -0.9, 0.2)02244409
(-0.3, -0.9, 0.2)02244459
(-0.3, -0.9, 0.2)02244511
(-0.3, -0.9, 0.2)02244563
(-0.3, -0.9, 0.2)02244614
(-0.3, -0.9, 0.2)02244664
(-0.3, -0.9, 0.2)02244715
(-0.3, -0.9, 0.2)02244767
(-0.3, -0.9, 0.2)02244817
(-0.3, -0.9, 0.2)02244867
(-0.3, -0.9, 0.2)02244918
(-0.3, -0.9, 0.2)02244968
(-0.3, -0.9, 0.2)02245018
(-0.3, -0.9, 0.2)02245069
(-0.3, -0.9, 0.2)02245120
(-0.3, -0.9, 0.2)02245170
(-0.3, -0.9, 0.2)02245221
(-0.3, -0.9, 0.2)02245272
(-0.3, -0.9, 0.2)02245323
(-0.3, -0.9, 0.2)02245377
(-0.3, -0.9, 0.2)02245427
(-0.3, -0.9, 0.2)02245477
(-0.3, -0.9, 0.2)02245528
(-0.3, -0.9, 0.2)02245578
(-0.3, -0.9, 0.2)02245628
(-0.3, -0.9, 0.2)02245679
(-0.3, -0.9, 0.2)02245730
(-0.3, -0.9, 0.2)02245780
(-0.3, -0.9, 0.2)02245831
(-0.3, -0.9, 0.2)02245881
(-0.3, -0.9, 0.2)02245932
(-0.3, -0.9, 0.2)02245983
(-0.3, -0.9, 0.2)02250034
(-0.3, -0.9, 0.2)02250084
(-0.3, -0.9, 0.2)02250134
(-0.3, -0.9, 0.2)02250185
(-0.3, -0.9, 0.2)02250235
(-0.3, -0.9, 0.2)02250286
(-0.3, -0.9, 0.2)02250336
(-0.3, -0.9, 0.2)02250387
(-0.3, -0.9, 0.2)02250437
(-0.3, -0.9, 0.2)02250488
(-0.3, -0.9, 0.2)02250538
(-0.3, -0.9, 0.2)02250588
(-0.3, -0.9, 0.2)02250639
(-0.3, -0.9, 0.2)02250689
(-0.3, -0.9, 0.2)02250740
(-0.3, -0.9, 0.2)02250791
(-0.3, -0.9, 0.2)02250842
(-0.3, -0.9, 0.2)02250893
(-0.3, -0.9, 0.2)02250943
(-0.3, -0.9, 0.2)02250993
(-0.3, -0.9, 0.2)02251043
(-0.3, -0.9, 0.2)02251094
(-0.3, -0.9, 0.2)02251145
(-0.3, -0.9, 0.2)02251195
(-0.3, -0.9, 0.2)02251246
(-0.3, -0.9, 0.2)02251296
(-0.3, -0.9, 0.2)02251346
(-0.3, -0.9, 0.2)02251396
(-0.3, -0.9, 0.2)02251447
(-0.3, -0.9, 0.2)02251498
(-0.3, -0.9, 0.2)02251548
(-0.3, -0.9, 0.2)02251598
(-0.3, -0.9, 0.2)02251652
(-0.3, -0.9, 0.2)02251701
(-0.3, -0.9, 0.2)02251752
(-0.3, -0.9, 0.2)02251803
(-0.3, -0.9, 0.2)02251853
(-0.3, -0.9, 0.2)02251903
(-0.3, -0.9, 0.2)02251955
(-0.3, -0.9, 0.2)02252009
(-0.3, -0.9, 0.2)02252058
(-0.3, -0.9, 0.2)02252109
(-0.3, -0.9, 0.2)02252161
(-0.3, -0.9, 0.2)02252212
(-0.3, -0.9, 0.2)02252262
(-0.3, -0.9, 0.2)02252314
(-0.3, -0.9, 0.2)02252364
(-0.3, -0.9, 0.2)02252416
(-0.3, -0.9, 0.2)02252466
(-0.3, -0.9, 0.2)02252517
(-0.3, -0.9, 0.2)02252567
(-0.3, -0.9, 0.2)02252618
(-0.3, -0.9, 0.2)02252669
(-0.3, -0.9, 0.2)02252719
(-0.3, -0.9, 0.2)02252770
(-0.3, -0.9, 0.2)02252820
(-0.3, -0.9, 0.2)02252870
(-0.3, -0.9, 0.2)02252920
(-0.3, -0.9, 0.2)02252971
(-0.3, -0.9, 0.2)02253022
(-0.3, -0.9, 0.2)02253072
(-0.3, -0.9, 0.2)02253123
(-0.3, -0.9, 0.2)02253175
(-0.3, -0.9, 0.2)02253225
(-0.3, -0.9, 0.2)02253276
(-0.3, -0.9, 0.2)02253330
(-0.3, -0.9, 0.2)02253378
(-0.3, -0.9, 0.2)02253429
(-0.3, -0.9, 0.2)02253479
(-0.3, -0.9, 0.2)02253530
(-0.3, -0.9, 0.2)02253580
(-0.3, -0.9, 0.2)02253631
(-0.3, -0.9, 0.2)02253685
(-0.3, -0.9, 0.2)02253735
(-0.3, -0.9, 0.2)02253785
(-0.3, -0.9, 0.2)02253835
(-0.3, -0.9, 0.2)02253886
(-0.3, -0.9, 0.2)02253936
(-0.3, -0.9, 0.2)02253987
(-0.3, -0.9, 0.2)02254037
(-0.3, -0.9, 0.2)02254088
(-0.3, -0.9, 0.2)02254139
(-0.3, -0.9, 0.2)02254189
(-0.3, -0.9, 0.2)02254241
(-0.3, -0.9, 0.2)02254292
(-0.3, -0.9, 0.2)02254342
(-0.3, -0.9, 0.2)02254392
(-0.3, -0.9, 0.2)02254443
(-0.3, -0.9, 0.2)02254493
(-0.3, -0.9, 0.2)02254544
(-0.3, -0.9, 0.2)02254594
(-0.3, -0.9, 0.2)02254645
(-0.3, -0.9, 0.2)02254696
(-0.3, -0.9, 0.2)02254747
(-0.3, -0.9, 0.2)02254797
(-0.3, -0.9, 0.2)02254847
(-0.3, -0.9, 0.2)02254898
(-0.3, -0.9, 0.2)02254948
(-0.3, -0.9, 0.2)02254998
(-0.3, -0.9, 0.2)02255048
(-0.3, -0.9, 0.2)02255099
(-0.3, -0.9, 0.2)02255149
(-0.3, -0.9, 0.2)02255200
(-0.3, -0.9, 0.2)02255250
(-0.3, -0.9, 0.2)02255300
(-0.3, -0.9, 0.2)02255355
(-0.3, -0.9, 0.2)02255405
(-0.3, -0.9, 0.2)02255456
(-0.3, -0.9, 0.2)02255506
(-0.3, -0.9, 0.2)02255557
(-0.3, -0.9, 0.2)02255607
(-0.3, -0.9, 0.2)02255659
(-0.3, -0.9, 0.2)02255710
(-0.3, -0.9, 0.2)02255760
(-0.3, -0.9, 0.2)02255810
(-0.3, -0.9, 0.2)02255860
(-0.3, -0.9, 0.2)02255911
(-0.3, -0.9, 0.2)02255961
(-0.3, -0.9, 0.2)02260012
(-0.3, -0.9, 0.2)02260062
(-0.3, -0.9, 0.2)02260112
(-0.3, -0.9, 0.2)02260163
(-0.3, -0.9, 0.2)02260214
(-0.3, -0.9, 0.2)02260264
(-0.3, -0.9, 0.2)02260315
(-0.3, -0.9, 0.2)02260365
(-0.3, -0.9, 0.2)02260416
(-0.3, -0.9, 0.2)02260466
(-0.3, -0.9, 0.2)02260519
(-0.3, -0.9, 0.2)02260569
(-0.3, -0.9, 0.2)02260620
(-0.3, -0.9, 0.2)02260671
(-0.3, -0.9, 0.2)02260722
(-0.3, -0.9, 0.2)02260772
(-0.3, -0.9, 0.2)02260825
(-0.3, -0.9, 0.2)02260874
(-0.3, -0.9, 0.2)02260925
(-0.3, -0.9, 0.2)02260977
(-0.3, -0.9, 0.2)02261028
(-0.3, -0.9, 0.2)02261078
(-0.3, -0.9, 0.2)02261129
(-0.3, -0.9, 0.2)02261179
(-0.3, -0.9, 0.2)02261230
(-0.3, -0.9, 0.2)02261280
(-0.3, -0.9, 0.2)02261332
(-0.3, -0.9, 0.2)02261382
(-0.3, -0.9, 0.2)02261432
(-0.3, -0.9, 0.2)02261483
(-0.3, -0.9, 0.2)02261533
(-0.3, -0.9, 0.2)02261584
(-0.3, -0.9, 0.2)02261635
(-0.3, -0.9, 0.2)02261685
(-0.3, -0.9, 0.2)02261737
(-0.3, -0.9, 0.2)02261788
(-0.3, -0.9, 0.2)02261838
(-0.3, -0.9, 0.2)02261889
(-0.3, -0.9, 0.2)02261939
(-0.3, -0.9, 0.2)02261990
(-0.3, -0.9, 0.2)02262040
(-0.3, -0.9, 0.2)02262091
(-0.3, -0.9, 0.2)02262141
(-0.3, -0.9, 0.2)02262193
(-0.3, -0.9, 0.2)02262243
(-0.3, -0.9, 0.2)02262295
(-0.3, -0.9, 0.2)02262345
(-0.3, -0.9, 0.2)02262397
(-0.3, -0.9, 0.2)02262449
(-0.3, -0.9, 0.2)02262498
(-0.3, -0.9, 0.2)02262548
(-0.3, -0.9, 0.2)02262600
(-0.3, -0.9, 0.2)02262649
(-0.3, -0.9, 0.2)02262700
(-0.3, -0.9, 0.2)02262751
(-0.3, -0.9, 0.2)02262802
(-0.3, -0.9, 0.2)02262854
(-0.3, -0.9, 0.2)02262904
(-0.3, -0.9, 0.2)02262955
(-0.3, -0.9, 0.2)02263006
(-0.3, -0.9, 0.2)02263057
(-0.3, -0.9, 0.2)02263108
(-0.3, -0.9, 0.2)02263158
(-0.3, -0.9, 0.2)02263209
(-0.3, -0.9, 0.2)02263259
(-0.3, -0.9, 0.2)02263310
(-0.3, -0.9, 0.2)02263360
(-0.3, -0.9, 0.2)02263410
(-0.3, -0.9, 0.2)02263461
(-0.3, -0.9, 0.2)02263512
(-0.3, -0.9, 0.2)02263564
(-0.3, -0.9, 0.2)02263614
(-0.3, -0.9, 0.2)02263664
(-0.3, -0.9, 0.2)02263716
(-0.3, -0.9, 0.2)02263766
(-0.3, -0.9, 0.2)02263817
(-0.3, -0.9, 0.2)02263868
(-0.3, -0.9, 0.2)02263919
(-0.3, -0.9, 0.2)02263970
(-0.3, -0.9, 0.2)02264021
(-0.3, -0.9, 0.2)02264072
(-0.3, -0.9, 0.2)02264124
(-0.3, -0.9, 0.2)02264174
(-0.3, -0.9, 0.2)02264225
(-0.3, -0.9, 0.2)02264276
(-0.3, -0.9, 0.2)02264327
(-0.3, -0.9, 0.2)02264378
(-0.3, -0.9, 0.2)02264428
(-0.3, -0.9, 0.2)02264479
(-0.3, -0.9, 0.2)02264530
(-0.3, -0.9, 0.2)02264579
(-0.3, -0.9, 0.2)02264629
(-0.3, -0.9, 0.2)02264680
(-0.3, -0.9, 0.2)02264731
(-0.3, -0.9, 0.2)02264783
(-0.3, -0.9, 0.2)02264833
(-0.3, -0.9, 0.2)02264883
(-0.3, -0.9, 0.2)02264934
(-0.3, -0.9, 0.2)02264985
(-0.3, -0.9, 0.2)02265035
(-0.3, -0.9, 0.2)02265086
(-0.3, -0.9, 0.2)02265136
(-0.3, -0.9, 0.2)02265188
(-0.3, -0.9, 0.2)02265239
(-0.3, -0.9, 0.2)02265290
(-0.3, -0.9, 0.2)02265341
(-0.3, -0.9, 0.2)02265391
(-0.3, -0.9, 0.2)02265442
(-0.3, -0.9, 0.2)02265493
(-0.3, -0.9, 0.2)02265544
(-0.3, -0.9, 0.2)02265594
(-0.3, -0.9, 0.2)02265646
(-0.3, -0.9, 0.2)02265696
(-0.3, -0.9, 0.2)02265747
(-0.3, -0.9, 0.2)02265798
(-0.3, -0.9, 0.2)02265848
(-0.3, -0.9, 0.2)02265899
(-0.3, -0.9, 0.2)02265950
(-0.3, -0.9, 0.2)02270000
(-0.3, -0.9, 0.2)02270051
(-0.3, -0.9, 0.2)02270103
(-0.3, -0.9, 0.2)02270153
(-0.3, -0.9, 0.2)02270203
(-0.3, -0.9, 0.2)02270254
(-0.3, -0.9, 0.2)02270305
(-0.3, -0.9, 0.2)02270355
(-0.3, -0.9, 0.2)02270405
(-0.3, -0.9, 0.2)02270457
(-0.3, -0.9, 0.2)02270506
(-0.3, -0.9, 0.2)02270556
(-0.3, -0.9, 0.2)02270607
(-0.3, -0.9, 0.2)02270657
(-0.3, -0.9, 0.2)02270707
(-0.3, -0.9, 0.2)02270758
(-0.3, -0.9, 0.2)02270809
(-0.3, -0.9, 0.2)02270861
(-0.3, -0.9, 0.2)02270911
(-0.3, -0.9, 0.2)02270962
(-0.3, -0.9, 0.2)02271012
(-0.3, -0.9, 0.2)02271063
(-0.3, -0.9, 0.2)02271114
(-0.3, -0.9, 0.2)02271164
(-0.3, -0.9, 0.2)02271214
(-0.3, -0.9, 0.2)02271265
(-0.3, -0.9, 0.2)02271315
(-0.3, -0.9, 0.2)02271365
(-0.3, -0.9, 0.2)02271416
(-0.3, -0.9, 0.2)02271466
(-0.3, -0.9, 0.2)02271517
(-0.3, -0.9, 0.2)02271569
(-0.3, -0.9, 0.2)02271620
(-0.3, -0.9, 0.2)02271670
(-0.3, -0.9, 0.2)02271721
(-0.3, -0.9, 0.2)02271772
(-0.3, -0.9, 0.2)02271822
(-0.3, -0.9, 0.2)02271873
(-0.3, -0.9, 0.2)02271924
(-0.3, -0.9, 0.2)02271974
(-0.3, -0.9, 0.2)02272024
(-0.3, -0.9, 0.2)02272075
(-0.3, -0.9, 0.2)02272126
(-0.3, -0.9, 0.2)02272176
(-0.3, -0.9, 0.2)02272226
(-0.3, -0.9, 0.2)02272277
(-0.3, -0.9, 0.2)02272328
(-0.3, -0.9, 0.2)02272381
(-0.3, -0.9, 0.2)02272430
(-0.3, -0.9, 0.2)02272480
(-0.3, -0.9, 0.2)02272532
(-0.3, -0.9, 0.2)02272581
(-0.3, -0.9, 0.2)02272632
(-0.3, -0.9, 0.2)02272682
(-0.3, -0.9, 0.2)02272733
(-0.3, -0.9, 0.2)02272783
(-0.3, -0.9, 0.2)02272834
(-0.3, -0.9, 0.2)02272885
(-0.3, -0.9, 0.2)02272935
(-0.3, -0.9, 0.2)02272987
(-0.3, -0.9, 0.2)02273038
(-0.3, -0.9, 0.2)02273089
(-0.3, -0.9, 0.2)02273140
(-0.3, -0.9, 0.2)02273191
(-0.3, -0.9, 0.2)02273241
(-0.3, -0.9, 0.2)02273291
(-0.3, -0.9, 0.2)02273342
(-0.3, -0.9, 0.2)02273393
(-0.3, -0.9, 0.2)02273444
(-0.3, -0.9, 0.2)02273494
(-0.3, -0.9, 0.2)02273545
(-0.3, -0.9, 0.2)02273595
(-0.3, -0.9, 0.2)02273646
(-0.3, -0.9, 0.2)02273696
(-0.3, -0.9, 0.2)02273747
(-0.3, -0.9, 0.2)02273798
(-0.3, -0.9, 0.2)02273849
(-0.3, -0.9, 0.2)02273899
(-0.3, -0.9, 0.2)02273950
(-0.3, -0.9, 0.2)02274001
(-0.3, -0.9, 0.2)02274050
(-0.3, -0.9, 0.2)02274101
(-0.3, -0.9, 0.2)02274153
(-0.3, -0.9, 0.2)02274203
(-0.3, -0.9, 0.2)02274254
(-0.3, -0.9, 0.2)02274306
(-0.3, -0.9, 0.2)02274356
(-0.3, -0.9, 0.2)02274407
(-0.3, -0.9, 0.2)02274457
(-0.3, -0.9, 0.2)02274508
(-0.3, -0.9, 0.2)02274558
(-0.3, -0.9, 0.2)02274609
(-0.3, -0.9, 0.2)02274660
(-0.3, -0.9, 0.2)02274710
(-0.3, -0.9, 0.2)02274760
(-0.3, -0.9, 0.2)02274813
(-0.3, -0.9, 0.2)02274862
(-0.3, -0.9, 0.2)02274913
(-0.3, -0.9, 0.2)02274967
(-0.3, -0.9, 0.2)02275017
(-0.3, -0.9, 0.2)02275067
(-0.3, -0.9, 0.2)02275118
(-0.3, -0.9, 0.2)02275168
(-0.3, -0.9, 0.2)02275218
(-0.3, -0.9, 0.2)02275269
(-0.3, -0.9, 0.2)02275320
(-0.3, -0.9, 0.2)02275370
(-0.3, -0.9, 0.2)02275421
(-0.3, -0.9, 0.2)02275473
(-0.3, -0.9, 0.2)02275523
(-0.3, -0.9, 0.2)02275574
(-0.3, -0.9, 0.2)02275624
(-0.3, -0.9, 0.2)02275675
(-0.3, -0.9, 0.2)02275725
(-0.3, -0.9, 0.2)02275775
(-0.3, -0.9, 0.2)02275826
(-0.3, -0.9, 0.2)02275877
(-0.3, -0.9, 0.2)02275927
(-0.3, -0.9, 0.2)02275978
(-0.3, -0.9, 0.2)02280029
(-0.3, -0.9, 0.2)02280079
(-0.3, -0.9, 0.2)02280132
(-0.3, -0.9, 0.2)02280180
(-0.3, -0.9, 0.2)02280230
(-0.3, -0.9, 0.2)02280281
(-0.3, -0.9, 0.2)02280332
(-0.3, -0.9, 0.2)02280382
(-0.3, -0.9, 0.2)02280433
(-0.3, -0.9, 0.2)02280486
(-0.3, -0.9, 0.2)02280535
(-0.3, -0.9, 0.2)02280586
(-0.3, -0.9, 0.2)02280636
(-0.3, -0.9, 0.2)02280686
(-0.3, -0.9, 0.2)02280736
(-0.3, -0.9, 0.2)02280788
(-0.3, -0.9, 0.2)02280838
(-0.3, -0.9, 0.2)02280889
(-0.3, -0.9, 0.2)02280939
(-0.3, -0.9, 0.2)02280990
(-0.3, -0.9, 0.2)02281041
(-0.3, -0.9, 0.2)02281091
(-0.3, -0.9, 0.2)02281142
(-0.3, -0.9, 0.2)02281193
(-0.3, -0.9, 0.2)02281245
(-0.3, -0.9, 0.2)02281296
(-0.3, -0.9, 0.2)02281347
(-0.3, -0.9, 0.2)02281398
(-0.3, -0.9, 0.2)02281449
(-0.3, -0.9, 0.2)02281499
(-0.3, -0.9, 0.2)02281550
(-0.3, -0.9, 0.2)02281600
(-0.3, -0.9, 0.2)02281650
(-0.3, -0.9, 0.2)02281702
(-0.3, -0.9, 0.2)02281752
(-0.3, -0.9, 0.2)02281804
(-0.3, -0.9, 0.2)02281854
(-0.3, -0.9, 0.2)02281906
(-0.3, -0.9, 0.2)02281956
(-0.3, -0.9, 0.2)02282006
(-0.3, -0.9, 0.2)02282056
(-0.3, -0.9, 0.2)02282107
(-0.3, -0.9, 0.2)02282157
(-0.3, -0.9, 0.2)02282207
(-0.3, -0.9, 0.2)02282258
(-0.3, -0.9, 0.2)02282308
(-0.3, -0.9, 0.2)02282359
(-0.3, -0.9, 0.2)02282410
(-0.3, -0.9, 0.2)02282461
(-0.3, -0.9, 0.2)02282511
(-0.3, -0.9, 0.2)02282562
(-0.3, -0.9, 0.2)02282613
(-0.3, -0.9, 0.2)02282664
(-0.3, -0.9, 0.2)02282714
(-0.3, -0.9, 0.2)02282765
(-0.3, -0.9, 0.2)02282815
(-0.3, -0.9, 0.2)02282866
(-0.3, -0.9, 0.2)02282916
(-0.3, -0.9, 0.2)02282967
(-0.3, -0.9, 0.2)02283017
(-0.3, -0.9, 0.2)02283068
(-0.3, -0.9, 0.2)02283118
(-0.3, -0.9, 0.2)02283169
(-0.3, -0.9, 0.2)02283222
(-0.3, -0.9, 0.2)02283272
(-0.3, -0.9, 0.2)02283322
(-0.3, -0.9, 0.2)02283375
(-0.3, -0.9, 0.2)02283424
(-0.3, -0.9, 0.2)02283475
(-0.3, -0.9, 0.2)02283527
(-0.3, -0.9, 0.2)02283576
(-0.3, -0.9, 0.2)02283627
(-0.3, -0.9, 0.2)02283678
(-0.3, -0.9, 0.2)02283728
(-0.3, -0.9, 0.2)02283778
(-0.3, -0.9, 0.2)02283828
(-0.3, -0.9, 0.2)02283878
(-0.3, -0.9, 0.2)02283929
(-0.3, -0.9, 0.2)02283979
(-0.3, -0.9, 0.2)02284030
(-0.3, -0.9, 0.2)02284081
(-0.3, -0.9, 0.2)02284131
(-0.3, -0.9, 0.2)02284183
(-0.3, -0.9, 0.2)02284233
(-0.3, -0.9, 0.2)02284284
(-0.3, -0.9, 0.2)02284335
(-0.3, -0.9, 0.2)02284385
(-0.3, -0.9, 0.2)02284435
(-0.3, -0.9, 0.2)02284487
(-0.3, -0.9, 0.2)02284537
(-0.3, -0.9, 0.2)02284587
(-0.3, -0.9, 0.2)02284638
(-0.3, -0.9, 0.2)02284688
(-0.3, -0.9, 0.2)02284739
(-0.3, -0.9, 0.2)02284789
(-0.3, -0.9, 0.2)02284839
(-0.3, -0.9, 0.2)02284889
(-0.3, -0.9, 0.2)02284940
(-0.3, -0.9, 0.2)02284991
(-0.3, -0.9, 0.2)02285041
(-0.3, -0.9, 0.2)02285092
(-0.3, -0.9, 0.2)02285143
(-0.3, -0.9, 0.2)02285193
(-0.3, -0.9, 0.2)02285244
(-0.3, -0.9, 0.2)02285296
(-0.3, -0.9, 0.2)02285346
(-0.3, -0.9, 0.2)02285397
(-0.3, -0.9, 0.2)02285447
(-0.3, -0.9, 0.2)02285498
(-0.3, -0.9, 0.2)02285548
(-0.3, -0.9, 0.2)02285598
(-0.3, -0.9, 0.2)02285649
(-0.3, -0.9, 0.2)02285700
(-0.3, -0.9, 0.2)02285751
(-0.3, -0.9, 0.2)02285802
(-0.3, -0.9, 0.2)02285852
(-0.3, -0.9, 0.2)02285903
(-0.3, -0.9, 0.2)02285954
(-0.3, -0.9, 0.2)02290005
(-0.3, -0.9, 0.2)02290055
(-0.3, -0.9, 0.2)02290106
(-0.3, -0.9, 0.2)02290156
(-0.3, -0.9, 0.2)02290207
(-0.3, -0.9, 0.2)02290259
(-0.3, -0.9, 0.2)02290309
(-0.3, -0.9, 0.2)02290359
(-0.3, -0.9, 0.2)02290410
(-0.3, -0.9, 0.2)02290460
(-0.3, -0.9, 0.2)02290512
(-0.3, -0.9, 0.2)02290562
(-0.3, -0.9, 0.2)02290612
(-0.3, -0.9, 0.2)02290663
(-0.3, -0.9, 0.2)02290715
(-0.3, -0.9, 0.2)02290766
(-0.3, -0.9, 0.2)02290816
(-0.3, -0.9, 0.2)02290867
(-0.3, -0.9, 0.2)02290918
(-0.3, -0.9, 0.2)02290970
(-0.3, -0.9, 0.2)02291020
(-0.3, -0.9, 0.2)02291070
(-0.3, -0.9, 0.2)02291121
(-0.3, -0.9, 0.2)02291171
(-0.3, -0.9, 0.2)02291222
(-0.3, -0.9, 0.2)02291273
(-0.3, -0.9, 0.2)02291323
(-0.3, -0.9, 0.2)02291376
(-0.3, -0.9, 0.2)02291427
(-0.3, -0.9, 0.2)02291477
(-0.3, -0.9, 0.2)02291528
(-0.3, -0.9, 0.2)02291578
(-0.3, -0.9, 0.2)02291629
(-0.3, -0.9, 0.2)02291680
(-0.3, -0.9, 0.2)02291730
(-0.3, -0.9, 0.2)02291781
(-0.3, -0.9, 0.2)02291831
(-0.3, -0.9, 0.2)02291882
(-0.3, -0.9, 0.2)02291933
(-0.3, -0.9, 0.2)02291983
(-0.3, -0.9, 0.2)02292034
(-0.3, -0.9, 0.2)02292084
(-0.3, -0.9, 0.2)02292134
(-0.3, -0.9, 0.2)02292186
(-0.3, -0.9, 0.2)02292236
(-0.3, -0.9, 0.2)02292287
(-0.3, -0.9, 0.2)02292337
(-0.3, -0.9, 0.2)02292387
(-0.3, -0.9, 0.2)02292440
(-0.3, -0.9, 0.2)02292491
(-0.3, -0.9, 0.2)02292541
(-0.3, -0.9, 0.2)02292591
(-0.3, -0.9, 0.2)02292644
(-0.3, -0.9, 0.2)02292693
(-0.3, -0.9, 0.2)02292744
(-0.3, -0.9, 0.2)02292795
(-0.3, -0.9, 0.2)02292845
(-0.3, -0.9, 0.2)02292896
(-0.3, -0.9, 0.2)02292946
(-0.3, -0.9, 0.2)02292996
(-0.3, -0.9, 0.2)02293047
(-0.3, -0.9, 0.2)02293097
(-0.3, -0.9, 0.2)02293147
(-0.3, -0.9, 0.2)02293198
(-0.3, -0.9, 0.2)02293249
(-0.3, -0.9, 0.2)02293301
(-0.3, -0.9, 0.2)02293351
(-0.3, -0.9, 0.2)02293401
(-0.3, -0.9, 0.2)02293452
(-0.3, -0.9, 0.2)02293502
(-0.3, -0.9, 0.2)02293552
(-0.3, -0.9, 0.2)02293603
(-0.3, -0.9, 0.2)02293654
(-0.3, -0.9, 0.2)02293704
(-0.3, -0.9, 0.2)02293757
(-0.3, -0.9, 0.2)02293807
(-0.3, -0.9, 0.2)02293857
(-0.3, -0.9, 0.2)02293909
(-0.3, -0.9, 0.2)02293959
(-0.3, -0.9, 0.2)02294010
(-0.3, -0.9, 0.2)02294060
(-0.3, -0.9, 0.2)02294110
(-0.3, -0.9, 0.2)02294160
(-0.3, -0.9, 0.2)02294210
(-0.3, -0.9, 0.2)02294261
(-0.3, -0.9, 0.2)02294312
(-0.3, -0.9, 0.2)02294363
(-0.3, -0.9, 0.2)02294414
(-0.3, -0.9, 0.2)02294464
(-0.3, -0.9, 0.2)02294516
(-0.3, -0.9, 0.2)02294567
(-0.3, -0.9, 0.2)02294617
(-0.3, -0.9, 0.2)02294667
(-0.3, -0.9, 0.2)02294719
(-0.3, -0.9, 0.2)02294769
(-0.3, -0.9, 0.2)02294820
(-0.3, -0.9, 0.2)02294870
(-0.3, -0.9, 0.2)02294921
(-0.3, -0.9, 0.2)02294971
(-0.3, -0.9, 0.2)02295022
(-0.3, -0.9, 0.2)02295073
(-0.3, -0.9, 0.2)02295123
(-0.3, -0.9, 0.2)02295174
(-0.3, -0.9, 0.2)02295225
(-0.3, -0.9, 0.2)02295276
(-0.3, -0.9, 0.2)02295326
(-0.3, -0.9, 0.2)02295377
(-0.3, -0.9, 0.2)02295427
(-0.3, -0.9, 0.2)02295478
(-0.3, -0.9, 0.2)02295529
(-0.3, -0.9, 0.2)02295580
(-0.3, -0.9, 0.2)02295630
(-0.3, -0.9, 0.2)02295684
(-0.3, -0.9, 0.2)02295734
(-0.3, -0.9, 0.2)02295785
(-0.3, -0.9, 0.2)02295837
(-0.3, -0.9, 0.2)02295887
(-0.3, -0.9, 0.2)02295937
(-0.3, -0.9, 0.2)02295987
(-0.3, -0.9, 0.2)02300037
(-0.3, -0.9, 0.2)02300088
(-0.3, -0.9, 0.2)02300139
(-0.3, -0.9, 0.2)02300189
(-0.3, -0.9, 0.2)02300240
(-0.3, -0.9, 0.2)02300291
(-0.3, -0.9, 0.2)02300342
(-0.3, -0.9, 0.2)02300392
(-0.3, -0.9, 0.2)02300442
(-0.3, -0.9, 0.2)02300495
(-0.3, -0.9, 0.2)02300545
(-0.3, -0.9, 0.2)02300596
(-0.3, -0.9, 0.2)02300647
(-0.3, -0.9, 0.2)02300697
(-0.3, -0.9, 0.2)02300748
(-0.3, -0.9, 0.2)02300799
(-0.3, -0.9, 0.2)02300849
(-0.3, -0.9, 0.2)02300900
(-0.3, -0.9, 0.2)02300950
(-0.3, -0.9, 0.2)02301001
(-0.3, -0.9, 0.2)02301051
(-0.3, -0.9, 0.2)02301101
(-0.3, -0.9, 0.2)02301152
(-0.3, -0.9, 0.2)02301202
(-0.3, -0.9, 0.2)02301252
(-0.3, -0.9, 0.2)02301304
(-0.3, -0.9, 0.2)02301354
(-0.3, -0.9, 0.2)02301404
(-0.3, -0.9, 0.2)02301455
(-0.3, -0.9, 0.2)02301505
(-0.3, -0.9, 0.2)02301556
(-0.3, -0.9, 0.2)02301606
(-0.3, -0.9, 0.2)02301657
(-0.3, -0.9, 0.2)02301708
(-0.3, -0.9, 0.2)02301758
(-0.3, -0.9, 0.2)02301810
(-0.3, -0.9, 0.2)02301861
(-0.3, -0.9, 0.2)02301911
(-0.3, -0.9, 0.2)02301962
(-0.3, -0.9, 0.2)02302012
(-0.3, -0.9, 0.2)02302062
(-0.3, -0.9, 0.2)02302113
(-0.3, -0.9, 0.2)02302164
(-0.3, -0.9, 0.2)02302214
(-0.3, -0.9, 0.2)02302264
(-0.3, -0.9, 0.2)02302315
(-0.3, -0.9, 0.2)02302366
(-0.3, -0.9, 0.2)02302417
(-0.3, -0.9, 0.2)02302469
(-0.3, -0.9, 0.2)02302520
(-0.3, -0.9, 0.2)02302571
(-0.3, -0.9, 0.2)02302622
(-0.3, -0.9, 0.2)02302674
(-0.3, -0.9, 0.2)02302724
(-0.3, -0.9, 0.2)02302776
(-0.3, -0.9, 0.2)02302827
(-0.3, -0.9, 0.2)02302877
(-0.3, -0.9, 0.2)02302928
(-0.3, -0.9, 0.2)02302978
(-0.3, -0.9, 0.2)02303029
(-0.3, -0.9, 0.2)02303079
(-0.3, -0.9, 0.2)02303131
(-0.3, -0.9, 0.2)02303182
(-0.3, -0.9, 0.2)02303232
(-0.3, -0.9, 0.2)02303283
(-0.3, -0.9, 0.2)02303333
(-0.3, -0.9, 0.2)02303383
(-0.3, -0.9, 0.2)02303434
(-0.3, -0.9, 0.2)02303485
(-0.3, -0.9, 0.2)02303536
(-0.3, -0.9, 0.2)02303587
(-0.3, -0.9, 0.2)02303638
(-0.3, -0.9, 0.2)02303689
(-0.3, -0.9, 0.2)02303740
(-0.3, -0.9, 0.2)02303790
(-0.3, -0.9, 0.2)02303846
(-0.3, -0.9, 0.2)02303894
(-0.3, -0.9, 0.2)02303945
(-0.3, -0.9, 0.2)02303996
(-0.3, -0.9, 0.2)02304050
(-0.3, -0.9, 0.2)02304100
(-0.3, -0.9, 0.2)02304151
(-0.3, -0.9, 0.2)02304202
(-0.3, -0.9, 0.2)02304252
(-0.3, -0.9, 0.2)02304303
(-0.3, -0.9, 0.2)02304353
(-0.3, -0.9, 0.2)02304405
(-0.3, -0.9, 0.2)02304455
(-0.3, -0.9, 0.2)02304505
(-0.3, -0.9, 0.2)02304555
(-0.3, -0.9, 0.2)02304605
(-0.3, -0.9, 0.2)02304656
(-0.3, -0.9, 0.2)02304707
(-0.3, -0.9, 0.2)02304756
(-0.3, -0.9, 0.2)02304807
(-0.3, -0.9, 0.2)02304857
(-0.3, -0.9, 0.2)02304908
(-0.3, -0.9, 0.2)02304958
(-0.3, -0.9, 0.2)02305009
(-0.3, -0.9, 0.2)02305063
(-0.3, -0.9, 0.2)02305112
(-0.3, -0.9, 0.2)02305164
(-0.3, -0.9, 0.2)02305214
(-0.3, -0.9, 0.2)02305264
(-0.3, -0.9, 0.2)02305315
(-0.3, -0.9, 0.2)02305365
(-0.3, -0.9, 0.2)02305416
(-0.3, -0.9, 0.2)02305466
(-0.3, -0.9, 0.2)02305517
(-0.3, -0.9, 0.2)02305570
(-0.3, -0.9, 0.2)02305619
(-0.3, -0.9, 0.2)02305670
(-0.3, -0.9, 0.2)02305725
(-0.3, -0.9, 0.2)02305772
(-0.3, -0.9, 0.2)02305822
(-0.3, -0.9, 0.2)02305872
(-0.3, -0.9, 0.2)02305923
(-0.3, -0.9, 0.2)02305973
(-0.3, -0.9, 0.2)02310024
(-0.3, -0.9, 0.2)02310080
(-0.3, -0.9, 0.2)02310130
(-0.3, -0.9, 0.2)02310180
(-0.3, -0.9, 0.2)02310235
(-0.3, -0.9, 0.2)02310284
(-0.3, -0.9, 0.2)02310335
(-0.3, -0.9, 0.2)02310385
(-0.3, -0.9, 0.2)02310438
(-0.3, -0.9, 0.2)02310489
(-0.3, -0.9, 0.2)02310540
(-0.3, -0.9, 0.2)02310592
(-0.3, -0.9, 0.2)02310642
(-0.3, -0.9, 0.2)02310693
(-0.3, -0.9, 0.2)02310744
(-0.3, -0.9, 0.2)02310795
(-0.3, -0.9, 0.2)02310846
(-0.3, -0.9, 0.2)02310897
(-0.3, -0.9, 0.2)02310947
(-0.3, -0.9, 0.2)02310997
(-0.3, -0.9, 0.2)02311048
(-0.3, -0.9, 0.2)02311101
(-0.3, -0.9, 0.2)02311151
(-0.3, -0.9, 0.2)02311202
(-0.3, -0.9, 0.2)02311253
(-0.3, -0.9, 0.2)02311304
(-0.3, -0.9, 0.2)02311354
(-0.3, -0.9, 0.2)02311405
(-0.3, -0.9, 0.2)02311456
(-0.3, -0.9, 0.2)02311507
(-0.3, -0.9, 0.2)02311559
(-0.3, -0.9, 0.2)02311610
(-0.3, -0.9, 0.2)02311660
(-0.3, -0.9, 0.2)02311710
(-0.3, -0.9, 0.2)02311762
(-0.3, -0.9, 0.2)02311813
(-0.3, -0.9, 0.2)02311864
(-0.3, -0.9, 0.2)02311917
(-0.3, -0.9, 0.2)02311967
(-0.3, -0.9, 0.2)02312017
(-0.3, -0.9, 0.2)02312067
(-0.3, -0.9, 0.2)02312118
(-0.3, -0.9, 0.2)02312169
(-0.3, -0.9, 0.2)02312220
(-0.3, -0.9, 0.2)02312271
(-0.3, -0.9, 0.2)02312321
(-0.3, -0.9, 0.2)02312371
(-0.3, -0.9, 0.2)02312422
(-0.3, -0.9, 0.2)02312472
(-0.3, -0.9, 0.2)02312522
(-0.3, -0.9, 0.2)02312573
(-0.3, -0.9, 0.2)02312623
(-0.3, -0.9, 0.2)02312674
(-0.3, -0.9, 0.2)02312724
(-0.3, -0.9, 0.2)02312774
(-0.3, -0.9, 0.2)02312825
(-0.3, -0.9, 0.2)02312875
(-0.3, -0.9, 0.2)02312927
(-0.3, -0.9, 0.2)02312977
(-0.3, -0.9, 0.2)02313027
(-0.3, -0.9, 0.2)02313080
(-0.3, -0.9, 0.2)02313130
(-0.3, -0.9, 0.2)02313182
(-0.3, -0.9, 0.2)02313234
(-0.3, -0.9, 0.2)02313284
(-0.3, -0.9, 0.2)02313334
(-0.3, -0.9, 0.2)02313384
(-0.3, -0.9, 0.2)02313436
(-0.3, -0.9, 0.2)02313486
(-0.3, -0.9, 0.2)02313537
(-0.3, -0.9, 0.2)02313588
(-0.3, -0.9, 0.2)02313638
(-0.3, -0.9, 0.2)02313691
(-0.3, -0.9, 0.2)02313741
(-0.3, -0.9, 0.2)02313791
(-0.3, -0.9, 0.2)02313842
(-0.3, -0.9, 0.2)02313892
(-0.3, -0.9, 0.2)02313942
(-0.3, -0.9, 0.2)02313993
(-0.3, -0.9, 0.2)02314043
(-0.3, -0.9, 0.2)02314094
(-0.3, -0.9, 0.2)02314145
(-0.3, -0.9, 0.2)02314195
(-0.3, -0.9, 0.2)02314246
(-0.3, -0.9, 0.2)02314297
(-0.3, -0.9, 0.2)02314347
(-0.3, -0.9, 0.2)02314399
(-0.3, -0.9, 0.2)02314450
(-0.3, -0.9, 0.2)02314500
(-0.3, -0.9, 0.2)02314551
(-0.3, -0.9, 0.2)02314602
(-0.3, -0.9, 0.2)02314652
(-0.3, -0.9, 0.2)02314702
(-0.3, -0.9, 0.2)02314753
(-0.3, -0.9, 0.2)02314803
(-0.3, -0.9, 0.2)02314853
(-0.3, -0.9, 0.2)02314904
(-0.3, -0.9, 0.2)02314954
(-0.3, -0.9, 0.2)02315005
(-0.3, -0.9, 0.2)02315058
(-0.3, -0.9, 0.2)02315108
(-0.3, -0.9, 0.2)02315159
(-0.3, -0.9, 0.2)02315211
(-0.3, -0.9, 0.2)02315261
(-0.3, -0.9, 0.2)02315312
(-0.3, -0.9, 0.2)02315363
(-0.3, -0.9, 0.2)02315414
(-0.3, -0.9, 0.2)02315465
(-0.3, -0.9, 0.2)02315516
(-0.3, -0.9, 0.2)02315567
(-0.3, -0.9, 0.2)02315618
(-0.3, -0.9, 0.3)02315668
(-0.4, -0.9, 0.3)02315721
(-0.5, -0.8, 0.3)02315771
(-0.6, -0.7, 0.4)02315821
(-0.6, -0.7, 0.4)02315872
(-0.6, -0.7, 0.4)02315922
(-0.6, -0.6, 0.4)02315975
(-0.6, -0.6, 0.4)02320025
(-0.6, -0.6, 0.4)02320076
(-0.5, -0.1, 0.9)02320128
(-0.6, -0.1, 0.8)02320180
(-0.6, -0.1, 0.8)02320231
(-0.6, -0.1, 0.8)02320283
(-0.7, -0.1, 0.7)02320334
(-0.7, -0.1, 0.7)02320384
(-0.7, -0.1, 0.7)02320434
(-0.7, -0.1, 0.7)02320485
(-0.7, -0.1, 0.7)02320538
(-0.7, -0.1, 0.7)02320588
(-0.7, -0.1, 0.7)02320640
(-0.7, -0.1, 0.7)02320693
(-0.7, -0.1, 0.7)02320743
(-0.7, -0.1, 0.7)02320794
(-0.7, -0.1, 0.7)02320850
(-0.7, -0.1, 0.7)02320900
(-0.7, -0.1, 0.7)02320951
(-0.7, -0.1, 0.7)02321004
(-0.7, -0.1, 0.7)02321055
(-0.7, -0.1, 0.7)02321106
(-0.5, -0.8, 0.4)02321157
(-0.6, -0.8, 0.2)02321207
(-0.6, -0.8, 0.2)02321258
(-0.6, -0.8, 0.2)02321308
(-0.6, -0.8, 0.2)02321359
(-0.6, -0.8, 0.2)02321409
(-0.6, -0.8, 0.2)02321459
(-0.6, -0.8, 0.2)02321510
(-0.6, -0.8, 0.2)02321561
(-0.6, -0.8, 0.2)02321611
(-0.6, -0.8, 0.2)02321663
(-0.6, -0.8, -0.3)02321714
(-0.6, -0.8, -0.2)02321764
(-0.6, -0.8, -0.2)02321815
(-0.6, -0.8, -0.2)02321865
(-0.6, -0.8, -0.2)02321916
(-0.6, -0.8, -0.2)02321968
(-0.6, -0.8, -0.2)02322017
(-0.6, -0.8, -0.2)02322067
(-0.6, -0.8, -0.2)02322118
(-0.6, -0.8, -0.2)02322168
(-0.6, -0.8, -0.2)02322219
(-0.6, -0.8, -0.2)02322269
(-0.6, -0.8, -0.2)02322319
(-0.6, -0.8, -0.2)02322370
(-0.6, -0.8, -0.2)02322420
(-0.6, -0.8, -0.2)02322471
(-0.6, -0.8, -0.2)02322521
(-0.6, -0.8, -0.2)02322572
(-0.6, -0.8, -0.2)02322623
(-0.6, -0.8, -0.2)02322673
(-0.6, -0.8, -0.2)02322723
(-0.6, -0.8, -0.2)02322778
(-0.6, -0.8, -0.2)02322826
(-0.6, -0.8, -0.2)02322877
(-0.6, -0.8, -0.2)02322927
(-0.6, -0.8, -0.2)02322978
(-0.6, -0.8, -0.2)02323029
(-0.6, -0.8, -0.2)02323079
(-0.6, -0.8, -0.2)02323130
(-0.6, -0.8, -0.2)02323181
(-0.6, -0.8, -0.2)02323233
(-0.6, -0.8, -0.2)02323283
(-0.6, -0.8, -0.2)02323334
(-0.6, -0.8, -0.2)02323385
(-0.6, -0.8, -0.2)02323435
(-0.6, -0.8, -0.2)02323485
(-0.6, -0.8, -0.2)02323535
(-0.6, -0.8, -0.2)02323586
(-0.6, -0.8, -0.2)02323636
(-0.6, -0.8, -0.2)02323688
(-0.6, -0.8, -0.2)02323738
(-0.6, -0.8, -0.2)02323789
(-0.6, -0.8, -0.2)02323839
(-0.6, -0.8, -0.2)02323890
(-0.6, -0.8, -0.2)02323941
(-0.6, -0.8, -0.2)02323991
(-0.6, -0.8, -0.2)02324042
(-0.6, -0.8, -0.2)02324094
(-0.6, -0.8, -0.2)02324144
(-0.6, -0.8, -0.2)02324195
(-0.6, -0.8, -0.2)02324246
(-0.6, -0.8, -0.2)02324296
(-0.6, -0.8, -0.2)02324347
(-0.6, -0.8, -0.2)02324397
(-0.6, -0.8, -0.2)02324448
(-0.6, -0.8, -0.2)02324499
(-0.6, -0.8, -0.2)02324550
(-0.6, -0.8, -0.2)02324601
(-0.6, -0.8, -0.2)02324651
(-0.6, -0.8, -0.2)02324701
(-0.6, -0.8, -0.2)02324752
(-0.6, -0.8, -0.2)02324802
(-0.6, -0.8, -0.2)02324853
(-0.6, -0.8, -0.2)02324907
(-0.6, -0.8, -0.2)02324956
(-0.6, -0.8, -0.2)02325006
(-0.6, -0.8, -0.2)02325057
(-0.6, -0.8, -0.2)02325107
(-0.6, -0.8, -0.2)02325157
(-0.6, -0.8, -0.2)02325208
(-0.6, -0.8, -0.2)02325259
(-0.6, -0.8, -0.2)02325309
(-0.6, -0.8, -0.2)02325360
(-0.6, -0.8, -0.2)02325411
(-0.6, -0.8, -0.2)02325463
(-0.6, -0.8, -0.2)02325513
(-0.6, -0.8, -0.2)02325564
(-0.6, -0.8, -0.2)02325615
(-0.6, -0.8, -0.2)02325666
(-0.6, -0.8, -0.2)02325719
(-0.6, -0.8, -0.2)02325769
(-0.6, -0.8, -0.2)02325820
(-0.6, -0.8, -0.2)02325874
(-0.6, -0.8, -0.2)02325924
(-0.6, -0.8, -0.2)02325975
(-0.6, -0.8, -0.2)02330030
(-0.6, -0.8, -0.2)02330079
(-0.6, -0.8, -0.2)02330129
(-0.6, -0.8, -0.2)02330179
(-0.6, -0.8, -0.2)02330230
(-0.6, -0.8, -0.2)02330280
(-0.6, -0.8, -0.2)02330330
(-0.6, -0.8, -0.2)02330381
(-0.6, -0.8, -0.2)02330432
(-0.6, -0.8, -0.2)02330482
(-0.6, -0.8, -0.2)02330532
(-0.6, -0.8, -0.2)02330582
(-0.6, -0.8, -0.2)02330633
(-0.6, -0.8, -0.2)02330684
(-0.6, -0.8, -0.2)02330734
(-0.6, -0.8, -0.2)02330784
(-0.6, -0.8, -0.2)02330836
(-0.6, -0.8, -0.2)02330886
(-0.6, -0.8, -0.2)02330936
(-0.6, -0.8, -0.2)02330988
(-0.6, -0.8, -0.2)02331038
(-0.6, -0.8, -0.2)02331089
(-0.6, -0.8, -0.2)02331141
(-0.6, -0.8, -0.2)02331191
(-0.6, -0.8, -0.2)02331241
(-0.6, -0.8, -0.2)02331292
(-0.6, -0.8, -0.2)02331342
(-0.6, -0.8, -0.2)02331392
(-0.6, -0.8, -0.2)02331443
(-0.6, -0.8, -0.2)02331495
(-0.6, -0.8, -0.2)02331546
(-0.6, -0.8, -0.2)02331597
(-0.6, -0.8, -0.2)02331649
(-0.6, -0.8, -0.2)02331699
(-0.6, -0.8, -0.2)02331750
(-0.6, -0.8, -0.2)02331803
(-0.6, -0.8, -0.2)02331852
(-0.6, -0.8, -0.2)02331903
(-0.6, -0.8, -0.2)02331953
(-0.6, -0.8, -0.2)02332004
(-0.6, -0.8, -0.2)02332055
(-0.6, -0.8, -0.2)02332106
(-0.6, -0.8, -0.2)02332156
(-0.6, -0.8, -0.2)02332206
(-0.6, -0.8, -0.2)02332258
(-0.6, -0.8, -0.2)02332308
(-0.6, -0.8, -0.2)02332359
(-0.6, -0.8, -0.2)02332410
(-0.6, -0.8, -0.2)02332461
(-0.6, -0.8, -0.2)02332511
(-0.6, -0.8, -0.2)02332562
(-0.6, -0.8, -0.2)02332613
(-0.6, -0.8, -0.2)02332664
(-0.6, -0.8, -0.2)02332717
(-0.6, -0.8, -0.2)02332769
(-0.6, -0.8, -0.2)02332820
(-0.6, -0.8, -0.2)02332870
(-0.6, -0.8, -0.2)02332922
(-0.6, -0.8, -0.2)02332971
(-0.6, -0.8, -0.2)02333022
(-0.6, -0.8, -0.2)02333072
(-0.6, -0.8, -0.2)02333123
(-0.6, -0.8, -0.2)02333174
(-0.6, -0.8, -0.2)02333224
(-0.6, -0.8, -0.2)02333275
(-0.6, -0.8, -0.2)02333325
(-0.6, -0.8, -0.2)02333375
(-0.6, -0.8, -0.2)02333427
(-0.6, -0.8, -0.2)02333477
(-0.6, -0.8, -0.2)02333527
(-0.6, -0.8, -0.2)02333579
(-0.6, -0.8, -0.2)02333631
(-0.6, -0.8, -0.2)02333681
(-0.6, -0.8, -0.2)02333732
(-0.6, -0.8, -0.2)02333783
(-0.6, -0.8, -0.2)02333833
(-0.6, -0.8, -0.2)02333883
(-0.6, -0.8, -0.2)02333935
(-0.6, -0.8, -0.2)02333985
(-0.6, -0.8, -0.2)02334036
(-0.6, -0.8, -0.2)02334088
(-0.6, -0.8, -0.2)02334138
(-0.6, -0.8, -0.2)02334189
(-0.6, -0.8, -0.2)02334239
(-0.6, -0.8, -0.2)02334290
(-0.6, -0.8, -0.2)02334341
(-0.6, -0.8, -0.2)02334391
(-0.6, -0.8, -0.2)02334444
(-0.6, -0.8, -0.2)02334493
(-0.6, -0.8, -0.2)02334545
(-0.6, -0.8, -0.2)02334595
(-0.6, -0.8, -0.2)02334646
(-0.6, -0.8, -0.2)02334697
(-0.6, -0.8, -0.2)02334749
(-0.6, -0.8, -0.2)02334799
(-0.6, -0.8, -0.2)02334849
(-0.6, -0.8, -0.2)02334900
(-0.6, -0.8, -0.2)02334951
(-0.6, -0.8, -0.2)02335002
(-0.6, -0.8, -0.2)02335052
(-0.6, -0.8, -0.2)02335104
(-0.6, -0.8, -0.2)02335154
(-0.6, -0.8, -0.2)02335205
(-0.6, -0.8, -0.2)02335257
(-0.6, -0.8, -0.2)02335308
(-0.6, -0.8, -0.2)02335359
(-0.6, -0.8, -0.2)02335410
(-0.6, -0.8, -0.2)02335459
(-0.6, -0.8, -0.2)02335510
(-0.6, -0.8, -0.2)02335562
(-0.6, -0.8, -0.2)02335614
(-0.6, -0.8, -0.2)02335665
(-0.6, -0.8, -0.2)02335715
(-0.6, -0.8, -0.2)02335767
(-0.6, -0.8, -0.2)02335817
(-0.6, -0.8, -0.2)02335867
(-0.6, -0.8, -0.2)02335918
(-0.6, -0.8, -0.2)02335969
(-0.6, -0.8, -0.2)02340020
(-0.6, -0.8, -0.2)02340070
(-0.6, -0.8, -0.2)02340123
(-0.6, -0.8, -0.2)02340173
(-0.6, -0.8, -0.2)02340224
(-0.6, -0.8, -0.2)02340276
(-0.6, -0.8, -0.2)02340325
(-0.6, -0.8, -0.2)02340377
(-0.6, -0.8, -0.2)02340428
(-0.6, -0.8, -0.2)02340480
(-0.6, -0.8, -0.2)02340531
(-0.6, -0.8, -0.2)02340581
(-0.6, -0.8, -0.2)02340633
(-0.6, -0.8, -0.2)02340684
(-0.6, -0.8, -0.2)02340734
(-0.6, -0.8, -0.2)02340785
(-0.6, -0.8, -0.2)02340836
(-0.6, -0.8, -0.2)02340886
(-0.6, -0.8, -0.2)02340937
(-0.6, -0.8, -0.2)02340987
(-0.6, -0.8, -0.2)02341038
(-0.6, -0.8, -0.2)02341088
(-0.6, -0.8, -0.2)02341140
(-0.6, -0.8, -0.2)02341191
(-0.6, -0.8, -0.2)02341242
(-0.6, -0.8, -0.2)02341293
(-0.6, -0.8, -0.2)02341344
(-0.6, -0.8, -0.2)02341394
(-0.6, -0.8, -0.2)02341446
(-0.6, -0.8, -0.2)02341496
(-0.6, -0.8, -0.2)02341546
(-0.6, -0.8, -0.2)02341599
(-0.6, -0.8, -0.2)02341649
(-0.6, -0.8, -0.2)02341700
(-0.6, -0.8, -0.2)02341750
(-0.6, -0.8, -0.2)02341800
(-0.6, -0.8, -0.2)02341851
(-0.6, -0.8, -0.2)02341902
(-0.6, -0.8, -0.2)02341952
(-0.6, -0.8, -0.2)02342003
(-0.6, -0.8, -0.2)02342053
(-0.6, -0.8, -0.2)02342105
(-0.6, -0.8, -0.2)02342155
(-0.6, -0.8, -0.2)02342205
(-0.6, -0.8, -0.2)02342258
(-0.6, -0.8, -0.2)02342307
(-0.6, -0.8, -0.2)02342357
(-0.6, -0.8, -0.2)02342408
(-0.6, -0.8, -0.2)02342459
(-0.6, -0.8, -0.2)02342509
(-0.6, -0.8, -0.2)02342560
(-0.6, -0.8, -0.2)02342613
(-0.6, -0.8, -0.2)02342663
(-0.6, -0.8, -0.2)02342713
(-0.6, -0.8, -0.2)02342765
(-0.6, -0.8, -0.2)02342815
(-0.6, -0.8, -0.2)02342866
(-0.6, -0.8, -0.2)02342916
(-0.6, -0.8, -0.2)02342967
(-0.6, -0.8, -0.2)02343017
(-0.6, -0.8, -0.2)02343068
(-0.6, -0.8, -0.2)02343119
(-0.6, -0.8, -0.2)02343170
(-0.6, -0.8, -0.2)02343221
(-0.6, -0.8, -0.2)02343272
(-0.6, -0.8, -0.2)02343322
(-0.6, -0.8, -0.2)02343374
(-0.6, -0.8, -0.2)02343426
(-0.6, -0.8, -0.2)02343475
(-0.6, -0.8, -0.2)02343526
(-0.6, -0.8, -0.2)02343579
(-0.6, -0.8, -0.2)02343629
(-0.6, -0.8, -0.2)02343679
(-0.6, -0.8, -0.2)02343729
(-0.6, -0.8, -0.2)02343780
(-0.6, -0.8, -0.2)02343831
(-0.6, -0.8, -0.2)02343882
(-0.6, -0.8, -0.2)02343932
(-0.6, -0.8, -0.2)02343984
(-0.6, -0.8, -0.2)02344034
(-0.6, -0.8, -0.2)02344084
(-0.6, -0.8, -0.2)02344135
(-0.6, -0.8, -0.2)02344186
(-0.6, -0.8, -0.2)02344237
(-0.6, -0.8, -0.2)02344287
(-0.6, -0.8, -0.2)02344337
(-0.6, -0.8, -0.2)02344390
(-0.6, -0.8, -0.2)02344439
(-0.6, -0.8, -0.2)02344490
(-0.6, -0.8, -0.2)02344541
(-0.6, -0.8, -0.2)02344591
(-0.6, -0.8, -0.2)02344642
(-0.6, -0.8, -0.2)02344692
(-0.6, -0.8, -0.2)02344742
(-0.6, -0.8, -0.2)02344793
(-0.6, -0.8, -0.2)02344843
(-0.6, -0.8, -0.2)02344894
(-0.6, -0.8, -0.2)02344945
(-0.6, -0.8, -0.2)02344995
(-0.6, -0.8, -0.2)02345048
(-0.6, -0.8, -0.2)02345098
(-0.6, -0.8, -0.2)02345149
(-0.6, -0.8, -0.2)02345202
(-0.6, -0.8, -0.2)02345252
(-0.6, -0.8, -0.2)02345302
(-0.6, -0.8, -0.2)02345354
(-0.6, -0.8, -0.2)02345404
(-0.6, -0.8, -0.2)02345454
(-0.6, -0.8, -0.2)02345505
(-0.6, -0.8, -0.2)02345556
(-0.6, -0.8, -0.2)02345608
(-0.6, -0.8, -0.2)02345658
(-0.6, -0.8, -0.2)02345709
(-0.6, -0.8, -0.2)02345759
(-0.6, -0.8, -0.2)02345809
(-0.6, -0.8, -0.2)02345860
(-0.6, -0.8, -0.2)02345910
(-0.6, -0.8, -0.2)02345960
(-0.6, -0.8, -0.2)02350012
(-0.6, -0.8, -0.2)02350062
(-0.6, -0.8, -0.2)02350113
(-0.6, -0.8, -0.2)02350164
(-0.6, -0.8, -0.2)02350215
(-0.6, -0.8, -0.2)02350265
(-0.6, -0.8, -0.2)02350319
(-0.6, -0.8, -0.2)02350368
(-0.6, -0.8, -0.2)02350419
(-0.6, -0.8, -0.2)02350470
(-0.6, -0.8, -0.2)02350520
(-0.6, -0.8, -0.2)02350571
(-0.6, -0.8, -0.2)02350623
(-0.6, -0.8, -0.2)02350674
(-0.6, -0.8, -0.2)02350724
(-0.6, -0.8, -0.2)02350775
(-0.6, -0.8, -0.2)02350825
(-0.6, -0.8, -0.2)02350876
(-0.6, -0.8, -0.2)02350926
(-0.6, -0.8, -0.2)02350976
(-0.6, -0.8, -0.2)02351026
(-0.6, -0.8, -0.2)02351077
(-0.6, -0.8, -0.2)02351128
(-0.6, -0.8, -0.2)02351179
(-0.6, -0.8, -0.2)02351229
(-0.6, -0.8, -0.2)02351280
(-0.6, -0.8, -0.2)02351331
(-0.6, -0.8, -0.2)02351382
(-0.6, -0.8, -0.2)02351432
(-0.6, -0.8, -0.2)02351483
(-0.6, -0.8, -0.2)02351534
(-0.6, -0.8, -0.2)02351585
(-0.6, -0.8, -0.2)02351639
(-0.6, -0.8, -0.2)02351688
(-0.6, -0.8, -0.2)02351738
(-0.6, -0.8, -0.2)02351789
(-0.6, -0.8, -0.2)02351839
(-0.6, -0.8, -0.2)02351890
(-0.6, -0.8, -0.2)02351941
(-0.6, -0.8, -0.2)02351991
(-0.6, -0.8, -0.2)02352041
(-0.6, -0.8, -0.2)02352092
(-0.6, -0.8, -0.2)02352142
(-0.6, -0.8, -0.2)02352193
(-0.6, -0.8, -0.2)02352243
(-0.6, -0.8, -0.2)02352294
(-0.6, -0.8, -0.2)02352344
(-0.6, -0.8, -0.2)02352395
(-0.6, -0.8, -0.2)02352448
(-0.6, -0.8, -0.2)02352499
(-0.6, -0.8, -0.2)02352549
(-0.6, -0.8, -0.2)02352600
(-0.6, -0.8, -0.2)02352650
(-0.6, -0.8, -0.2)02352701
(-0.6, -0.8, -0.2)02352752
(-0.6, -0.8, -0.2)02352802
(-0.6, -0.8, -0.2)02352853
(-0.6, -0.8, -0.2)02352903
(-0.6, -0.8, -0.2)02352954
(-0.6, -0.8, -0.2)02353005
(-0.6, -0.8, -0.2)02353055
(-0.6, -0.8, -0.2)02353106
(-0.6, -0.8, -0.2)02353157
(-0.6, -0.8, -0.2)02353208
(-0.6, -0.8, -0.2)02353258
(-0.6, -0.8, -0.2)02353309
(-0.6, -0.8, -0.2)02353360
(-0.6, -0.8, -0.2)02353412
(-0.6, -0.8, -0.2)02353462
(-0.6, -0.8, -0.2)02353512
(-0.6, -0.8, -0.2)02353565
(-0.6, -0.8, -0.2)02353615
(-0.6, -0.8, -0.2)02353665
(-0.6, -0.8, -0.2)02353717
(-0.6, -0.8, -0.2)02353767
(-0.6, -0.8, -0.2)02353819
(-0.6, -0.8, -0.2)02353869
(-0.6, -0.8, -0.2)02353919
(-0.6, -0.8, -0.2)02353970
(-0.6, -0.8, -0.2)02354020
(-0.6, -0.8, -0.2)02354072
(-0.6, -0.8, -0.2)02354123
(-0.6, -0.8, -0.2)02354173
(-0.6, -0.8, -0.2)02354224
(-0.6, -0.8, -0.2)02354274
(-0.6, -0.8, -0.2)02354325
(-0.6, -0.8, -0.2)02354377
(-0.6, -0.8, -0.2)02354427
(-0.6, -0.8, -0.2)02354478
(-0.6, -0.8, -0.2)02354531
(-0.6, -0.8, -0.2)02354581
(-0.6, -0.8, -0.2)02354631
(-0.6, -0.8, -0.2)02354682
(-0.6, -0.8, -0.2)02354733
(-0.6, -0.8, -0.2)02354783
(-0.6, -0.8, -0.2)02354833
(-0.6, -0.8, -0.2)02354884
(-0.6, -0.8, -0.2)02354934
(-0.6, -0.8, -0.2)02354985
(-0.6, -0.8, -0.2)02355036
(-0.6, -0.8, -0.2)02355086
(-0.6, -0.8, -0.2)02355137
(-0.6, -0.8, -0.2)02355189
(-0.6, -0.8, -0.2)02355240
(-0.6, -0.8, -0.2)02355290
(-0.6, -0.8, -0.2)02355343
(-0.6, -0.8, -0.2)02355393
(-0.6, -0.8, -0.2)02355443
(-0.6, -0.8, -0.2)02355494
(-0.6, -0.8, -0.2)02355545
(-0.6, -0.8, -0.2)02355595
(-0.6, -0.8, -0.2)02355646
(-0.6, -0.8, -0.2)02355697
(-0.6, -0.8, -0.2)02355747
(-0.6, -0.8, -0.2)02355797
(-0.6, -0.8, -0.2)02355850
(-0.6, -0.8, -0.2)02355900
(-0.6, -0.8, -0.2)02355950
(-0.6, -0.8, -0.2)02360005
(-0.6, -0.8, -0.2)02360055
(-0.6, -0.8, -0.2)02360106
(-0.6, -0.8, -0.2)02360161
(-0.6, -0.8, -0.2)02360210
(-0.6, -0.8, -0.2)02360261
(-0.6, -0.8, -0.2)02360313
(-0.6, -0.8, -0.2)02360363
(-0.6, -0.8, -0.2)02360413
(-0.6, -0.8, -0.2)02360464
(-0.6, -0.8, -0.2)02360515
(-0.6, -0.8, -0.2)02360565
(-0.6, -0.8, -0.2)02360616
(-0.6, -0.8, -0.2)02360667
(-0.6, -0.8, -0.2)02360717
(-0.6, -0.8, -0.2)02360769
(-0.6, -0.8, -0.2)02360820
(-0.6, -0.8, -0.2)02360871
(-0.6, -0.8, -0.2)02360921
(-0.6, -0.8, -0.2)02360972
(-0.6, -0.8, -0.2)02361022
(-0.6, -0.8, -0.2)02361073
(-0.6, -0.8, -0.2)02361124
(-0.6, -0.8, -0.2)02361174
(-0.6, -0.8, -0.2)02361224
(-0.6, -0.8, -0.2)02361275
(-0.6, -0.8, -0.2)02361325
(-0.6, -0.8, -0.2)02361376
(-0.6, -0.8, -0.2)02361428
(-0.6, -0.8, -0.2)02361479
(-0.6, -0.8, -0.2)02361529
(-0.6, -0.8, -0.2)02361580
(-0.6, -0.8, -0.2)02361630
(-0.6, -0.8, -0.2)02361680
(-0.6, -0.8, -0.2)02361731
(-0.6, -0.8, -0.2)02361783
(-0.6, -0.8, -0.2)02361833
(-0.6, -0.8, -0.2)02361883
(-0.6, -0.8, -0.2)02361936
(-0.6, -0.8, -0.2)02361986
(-0.6, -0.8, -0.2)02362037
(-0.6, -0.8, -0.2)02362087
(-0.6, -0.8, -0.2)02362138
(-0.6, -0.8, -0.2)02362188
(-0.6, -0.8, -0.2)02362238
(-0.6, -0.8, -0.2)02362289
(-0.6, -0.8, -0.2)02362339
(-0.6, -0.8, -0.2)02362389
(-0.6, -0.8, -0.2)02362440
(-0.6, -0.8, -0.2)02362491
(-0.6, -0.8, -0.2)02362542
(-0.6, -0.8, -0.2)02362594
(-0.6, -0.8, -0.2)02362645
(-0.6, -0.8, -0.2)02362695
(-0.6, -0.8, -0.2)02362746
(-0.6, -0.8, -0.2)02362796
(-0.6, -0.8, -0.2)02362847
(-0.6, -0.8, -0.2)02362899
(-0.6, -0.8, -0.2)02362949
(-0.6, -0.8, -0.2)02363000
(-0.6, -0.8, -0.2)02363051
(-0.6, -0.8, -0.2)02363101
(-0.6, -0.8, -0.2)02363152
(-0.6, -0.8, -0.2)02363202
(-0.6, -0.8, -0.2)02363253
(-0.6, -0.8, -0.2)02363303
(-0.6, -0.8, -0.2)02363354
(-0.6, -0.8, -0.2)02363405
(-0.6, -0.8, -0.2)02363455
(-0.6, -0.8, -0.2)02363506
(-0.6, -0.8, -0.2)02363557
(-0.6, -0.8, -0.2)02363607
(-0.6, -0.8, -0.2)02363659
(-0.6, -0.8, -0.2)02363712
(-0.6, -0.8, -0.2)02363762
(-0.6, -0.8, -0.2)02363813
(-0.6, -0.8, -0.2)02363864
(-0.6, -0.8, -0.2)02363915
(-0.6, -0.8, -0.2)02363965
(-0.6, -0.8, -0.2)02364016
(-0.6, -0.8, -0.2)02364066
(-0.6, -0.8, -0.2)02364117
(-0.6, -0.8, -0.2)02364168
(-0.6, -0.8, -0.2)02364218
(-0.6, -0.8, -0.2)02364268
(-0.6, -0.8, -0.2)02364319
(-0.6, -0.8, -0.2)02364371
(-0.6, -0.8, -0.2)02364421
(-0.6, -0.8, -0.2)02364474
(-0.6, -0.8, -0.2)02364525
(-0.6, -0.8, -0.2)02364575
(-0.6, -0.8, -0.2)02364627
(-0.6, -0.8, -0.2)02364677
(-0.6, -0.8, -0.2)02364727
(-0.6, -0.8, -0.2)02364777
(-0.6, -0.8, -0.2)02364827
(-0.6, -0.8, -0.2)02364878
(-0.6, -0.8, -0.2)02364928
(-0.6, -0.8, -0.2)02364979
(-0.6, -0.8, -0.2)02365030
(-0.6, -0.8, -0.2)02365081
(-0.6, -0.8, -0.2)02365131
(-0.6, -0.8, -0.2)02365182
(-0.6, -0.8, -0.2)02365232
(-0.6, -0.8, -0.2)02365282
(-0.6, -0.8, -0.2)02365334
(-0.6, -0.8, -0.2)02365384
(-0.6, -0.8, -0.2)02365435
(-0.6, -0.8, -0.2)02365487
(-0.6, -0.8, -0.2)02365536
(-0.6, -0.8, -0.2)02365587
(-0.6, -0.8, -0.2)02365638
(-0.6, -0.8, -0.2)02365688
(-0.6, -0.8, -0.2)02365738
(-0.6, -0.8, -0.2)02365789
(-0.6, -0.8, -0.2)02365840
(-0.6, -0.8, -0.2)02365891
(-0.6, -0.8, -0.2)02365941
(-0.6, -0.8, -0.2)02365993
(-0.6, -0.8, -0.2)02370042
(-0.6, -0.8, -0.2)02370093
(-0.6, -0.8, -0.2)02370143
(-0.6, -0.8, -0.2)02370193
(-0.6, -0.8, -0.2)02370244
(-0.6, -0.8, -0.2)02370295
(-0.6, -0.8, -0.2)02370346
(-0.6, -0.8, -0.2)02370397
(-0.6, -0.8, -0.2)02370447
(-0.6, -0.8, -0.2)02370498
(-0.6, -0.8, -0.2)02370549
(-0.6, -0.8, -0.2)02370599
(-0.6, -0.8, -0.2)02370649
(-0.6, -0.8, -0.2)02370700
(-0.6, -0.8, -0.2)02370750
(-0.6, -0.8, -0.2)02370800
(-0.6, -0.8, -0.2)02370851
(-0.6, -0.8, -0.2)02370901
(-0.6, -0.8, -0.2)02370953
(-0.6, -0.8, -0.2)02371004
(-0.6, -0.8, -0.2)02371054
(-0.6, -0.8, -0.2)02371106
(-0.6, -0.8, -0.2)02371156
(-0.6, -0.8, -0.2)02371207
(-0.6, -0.8, -0.2)02371257
(-0.6, -0.8, -0.2)02371307
(-0.6, -0.8, -0.2)02371358
(-0.6, -0.8, -0.2)02371408
(-0.6, -0.8, -0.2)02371458
(-0.6, -0.8, -0.2)02371509
(-0.6, -0.8, -0.2)02371559
(-0.6, -0.8, -0.2)02371610
(-0.6, -0.8, -0.2)02371660
(-0.6, -0.8, -0.2)02371710
(-0.6, -0.8, -0.2)02371760
(-0.6, -0.8, -0.2)02371810
(-0.6, -0.8, -0.2)02371860
(-0.6, -0.8, -0.2)02371911
(-0.6, -0.8, -0.2)02371963
(-0.6, -0.8, -0.2)02372013
(-0.6, -0.8, -0.2)02372064
(-0.6, -0.8, -0.2)02372116
(-0.6, -0.8, -0.2)02372167
(-0.6, -0.8, -0.2)02372217
(-0.6, -0.8, -0.2)02372267
(-0.6, -0.8, -0.2)02372318
(-0.6, -0.8, -0.2)02372369
(-0.6, -0.8, -0.2)02372419
(-0.6, -0.8, -0.2)02372470
(-0.6, -0.8, -0.2)02372520
(-0.6, -0.8, -0.2)02372570
(-0.6, -0.8, -0.2)02372621
(-0.6, -0.8, -0.2)02372671
(-0.6, -0.8, -0.2)02372722
(-0.6, -0.8, -0.2)02372773
(-0.6, -0.8, -0.2)02372823
(-0.6, -0.8, -0.2)02372873
(-0.6, -0.8, -0.2)02372924
(-0.6, -0.8, -0.2)02372973
(-0.6, -0.8, -0.2)02373024
(-0.6, -0.8, -0.2)02373075
(-0.6, -0.8, -0.2)02373125
(-0.6, -0.8, -0.2)02373175
(-0.6, -0.8, -0.2)02373226
(-0.6, -0.8, -0.2)02373276
(-0.6, -0.8, -0.2)02373327
(-0.6, -0.8, -0.2)02373377
(-0.6, -0.8, -0.2)02373428
(-0.6, -0.8, -0.2)02373478
(-0.6, -0.8, -0.2)02373528
(-0.6, -0.8, -0.2)02373579
(-0.6, -0.8, -0.2)02373630
(-0.6, -0.8, -0.2)02373680
(-0.6, -0.8, -0.2)02373733
(-0.6, -0.8, -0.2)02373783
(-0.6, -0.8, -0.2)02373834
(-0.6, -0.8, -0.2)02373885
(-0.6, -0.8, -0.2)02373935
(-0.6, -0.8, -0.2)02373985
(-0.6, -0.8, -0.2)02374036
(-0.6, -0.8, -0.2)02374086
(-0.6, -0.8, -0.2)02374136
(-0.6, -0.8, -0.2)02374187
(-0.6, -0.8, -0.2)02374237
(-0.6, -0.8, -0.2)02374288
(-0.6, -0.8, -0.2)02374339
(-0.6, -0.8, -0.2)02374389
(-0.6, -0.8, -0.2)02374440
(-0.6, -0.8, -0.2)02374490
(-0.6, -0.8, -0.2)02374541
(-0.6, -0.8, -0.2)02374591
(-0.6, -0.8, -0.2)02374642
(-0.6, -0.8, -0.2)02374694
(-0.6, -0.8, -0.2)02374744
(-0.6, -0.8, -0.2)02374795
(-0.6, -0.8, -0.2)02374845
(-0.6, -0.8, -0.2)02374895
(-0.6, -0.8, -0.2)02374946
(-0.6, -0.8, -0.2)02374997
(-0.6, -0.8, -0.2)02375047
(-0.6, -0.8, -0.2)02375097
(-0.6, -0.8, -0.2)02375148
(-0.6, -0.8, -0.2)02375199
(-0.6, -0.8, -0.2)02375249
(-0.6, -0.8, -0.2)02375300
(-0.6, -0.8, -0.2)02375351
(-0.6, -0.8, -0.2)02375401
(-0.6, -0.8, -0.2)02375452
(-0.6, -0.8, -0.2)02375502
(-0.6, -0.8, -0.2)02375553
(-0.6, -0.8, -0.2)02375604
(-0.6, -0.8, -0.2)02375654
(-0.6, -0.8, -0.2)02375704
(-0.6, -0.8, -0.2)02375755
(-0.6, -0.8, -0.2)02375805
(-0.6, -0.8, -0.2)02375856
(-0.6, -0.8, -0.2)02375906
(-0.6, -0.8, -0.2)02375957
(-0.6, -0.8, -0.2)02380008
(-0.6, -0.8, -0.2)02380059
(-0.6, -0.8, -0.2)02380110
(-0.6, -0.8, -0.2)02380162
(-0.6, -0.8, -0.2)02380211
(-0.6, -0.8, -0.2)02380262
(-0.6, -0.8, -0.2)02380313
(-0.6, -0.8, -0.2)02380363
(-0.6, -0.8, -0.2)02380414
(-0.6, -0.8, -0.2)02380464
(-0.6, -0.8, -0.2)02380515
(-0.6, -0.8, -0.2)02380566
(-0.6, -0.8, -0.2)02380617
(-0.6, -0.8, -0.2)02380667
(-0.6, -0.8, -0.2)02380717
(-0.6, -0.8, -0.2)02380768
(-0.6, -0.8, -0.2)02380820
(-0.6, -0.8, -0.2)02380870
(-0.6, -0.8, -0.2)02380921
(-0.6, -0.8, -0.2)02380974
(-0.6, -0.8, -0.2)02381024
(-0.6, -0.8, -0.2)02381074
(-0.6, -0.8, -0.2)02381125
(-0.6, -0.8, -0.2)02381175
(-0.6, -0.8, -0.2)02381226
(-0.6, -0.8, -0.2)02381276
(-0.6, -0.8, -0.2)02381327
(-0.6, -0.8, -0.2)02381378
(-0.6, -0.8, -0.2)02381428
(-0.6, -0.8, -0.2)02381479
(-0.6, -0.8, -0.2)02381529
(-0.6, -0.8, -0.2)02381579
(-0.6, -0.8, -0.2)02381630
(-0.6, -0.8, -0.2)02381680
(-0.6, -0.8, -0.2)02381731
(-0.6, -0.8, -0.2)02381783
(-0.6, -0.8, -0.2)02381832
(-0.6, -0.8, -0.2)02381883
(-0.6, -0.8, -0.2)02381933
(-0.6, -0.8, -0.2)02381983
(-0.6, -0.8, -0.2)02382034
(-0.6, -0.8, -0.2)02382085
(-0.6, -0.8, -0.2)02382135
(-0.6, -0.8, -0.2)02382186
(-0.6, -0.8, -0.2)02382236
(-0.6, -0.8, -0.2)02382288
(-0.7, -0.7, -0.3)02382339
(-0.7, -0.7, -