(-0.8, -0.5, 0.4)02235960
(-0.7, -0.6, 0.4)02240011
(-0.7, -0.6, 0.4)02240062
(-0.7, -0.6, 0.3)02240113
(-0.7, -0.6, 0.3)02240163
(-0.8, -0.6, 0.1)02240214
(-0.8, -0.6, 0.1)02240264
(-0.8, -0.6, 0.1)02240315
(-0.8, -0.6, 0.1)02240367
(-0.8, -0.6, 0.1)02240418
(-0.8, -0.6, 0.1)02240468
(-0.8, -0.6, 0.1)02240523
(-0.8, -0.6, 0.1)02240573
(-0.8, -0.6, 0.1)02240624
(-0.8, -0.6, 0.1)02240676
(-0.8, -0.6, 0.1)02240726
(-0.8, -0.6, 0.1)02240777
(-0.8, -0.6, 0.1)02240827
(-0.8, -0.6, 0.1)02240877
(-0.8, -0.6, 0.1)02240929
(-0.8, -0.6, 0.1)02240980
(-0.8, -0.6, 0.1)02241033
(-0.8, -0.6, 0.1)02241084
(-0.8, -0.6, 0.1)02241135
(-0.8, -0.6, 0.1)02241187
(-0.8, -0.6, 0.1)02241237
(-0.8, -0.6, 0.1)02241289
(-0.8, -0.6, 0.1)02241343
(-0.8, -0.6, 0.1)02241393
(-0.8, -0.6, 0.1)02241443
(-0.8, -0.6, 0.1)02241494
(-0.8, -0.6, 0.1)02241544
(-0.8, -0.6, 0.1)02241595
(-0.8, -0.6, 0.1)02241647
(-0.8, -0.6, 0.1)02241697
(-0.8, -0.5, 0.1)02241748
(-0.8, -0.5, 0.1)02241799
(-0.8, -0.5, 0.1)02241850
(-0.8, -0.5, 0.1)02241900
(-0.8, -0.5, 0.1)02241951
(-0.8, -0.5, 0.1)02242004
(-0.8, -0.5, 0.1)02242053
(-0.8, -0.5, 0.1)02242104
(-0.8, -0.5, 0.1)02242154
(-0.8, -0.5, 0.1)02242206
(-0.8, -0.5, 0.1)02242256
(-0.8, -0.5, 0.1)02242307
(-0.8, -0.5, 0.1)02242357
(-0.8, -0.5, 0.1)02242408
(-0.8, -0.5, 0.1)02242459
(-0.8, -0.5, 0.1)02242512
(-0.8, -0.5, 0.1)02242562
(-0.8, -0.5, 0.1)02242613
(-0.8, -0.5, 0.1)02242665
(-0.8, -0.5, 0.1)02242716
(-0.8, -0.5, 0.1)02242768
(-0.8, -0.5, 0.1)02242823
(-0.8, -0.5, 0.1)02242872
(-0.8, -0.5, 0.1)02242923
(-0.8, -0.5, 0.1)02242973
(-0.8, -0.5, 0.1)02243025
(-0.8, -0.5, 0.1)02243075
(-0.8, -0.5, 0.1)02243126
(-0.8, -0.5, 0.1)02243176
(-0.8, -0.5, 0.1)02243227
(-0.8, -0.5, 0.1)02243278
(-0.8, -0.5, 0.1)02243332
(-0.8, -0.5, 0.1)02243381
(-0.8, -0.5, 0.1)02243431
(-0.8, -0.5, 0.1)02243484
(-0.8, -0.5, 0.1)02243535
(-0.8, -0.5, 0.1)02243585
(-0.8, -0.5, 0.1)02243637
(-0.7, -0.6, 0.4)02243687
(-0.8, -0.5, -0.3)02243739
(-0.7, -0.2, -0.7)02243790
(-0.9, -0.3, 0.3)02243842
(-0.9, -0.4, 0.2)02243892
(-0.9, -0.4, 0.2)02243944
(-0.9, -0.4, 0.2)02243997
(-0.9, -0.3, 0.2)02244047
(-0.9, -0.3, 0.2)02244097
(-0.9, -0.3, 0.2)02244150
(-0.9, -0.3, 0.2)02244201
(-0.9, -0.3, 0.2)02244252
(-0.9, -0.3, 0.2)02244303
(-0.9, -0.3, 0.1)02244355
(-0.9, -0.3, 0.1)02244405
(-0.9, -0.3, 0.1)02244457
(-0.9, -0.3, 0.1)02244507
(-0.9, -0.3, 0.1)02244558
(-0.9, -0.3, 0.1)02244609
(-0.9, -0.3, 0.1)02244660
(-0.9, -0.3, 0.1)02244710
(-0.9, -0.3, 0.1)02244761
(-0.9, -0.3, 0.1)02244816
(-0.9, -0.3, 0.1)02244866
(-1.0, -0.3, 0.0)02244917
(-0.8, -0.2, -0.6)02244969
(-0.8, -0.2, -0.6)02245019
(-0.7, -0.3, -0.6)02245069
(-0.7, -0.3, -0.6)02245122
(-0.7, -0.3, -0.6)02245172
(-0.7, -0.3, -0.6)02245224
(-0.7, -0.3, -0.6)02245276
(-0.7, -0.3, -0.6)02245326
(-1.0, -0.3, 0.0)02245376
(-1.0, -0.3, 0.1)02245426
(-1.0, -0.3, 0.1)02245477
(-1.0, -0.3, 0.1)02245528
(-1.0, -0.3, 0.1)02245580
(-1.0, -0.3, 0.1)02245633
(-1.0, -0.3, 0.1)02245684
(-1.0, -0.3