(-0.9, 0.0, -0.3)02262345
(-0.9, 0.0, -0.3)02262395
(-0.9, 0.0, -0.3)02262446
(-0.9, 0.0, -0.3)02262498
(-0.9, 0.0, -0.3)02262548
(-0.9, 0.0, -0.3)02262599
(-0.9, 0.0, -0.3)02262649
(-0.9, 0.0, -0.3)02262699
(-0.9, 0.0, -0.3)02262751
(-0.9, 0.0, -0.3)02262802
(-0.9, 0.0, -0.3)02262853
(-0.9, 0.0, -0.3)02262906
(-0.9, 0.0, -0.3)02262957
(-0.9, 0.0, -0.3)02263008
(-0.9, 0.0, -0.3)02263058
(-0.9, 0.0, -0.3)02263109
(-0.9, 0.0, -0.3)02263160
(-0.9, 0.0, -0.3)02263212
(-0.9, 0.0, -0.3)02263264
(-0.9, 0.0, -0.3)02263315
(-0.9, 0.0, -0.3)02263366
(-0.9, 0.0, -0.3)02263419
(-0.9, 0.0, -0.3)02263470
(-0.9, 0.0, -0.3)02263521
(-0.9, 0.0, -0.3)02263571
(-0.9, 0.0, -0.3)02263623
(-0.9, 0.0, -0.3)02263673
(-0.9, 0.0, -0.3)02263723
(-0.9, 0.0, -0.3)02263773
(-0.9, 0.0, -0.3)02263824
(-0.9, 0.0, -0.3)02263876
(-0.9, 0.0, -0.3)02263927
(-0.9, 0.0, -0.3)02263977
(-0.9, 0.0, -0.3)02264029
(-0.9, 0.0, -0.3)02264082
(-0.9, 0.0, -0.3)02264132
(-0.9, 0.0, -0.3)02264182
(-0.9, 0.0, -0.3)02264234
(-0.9, 0.0, -0.3)02264285
(-0.9, 0.0, -0.3)02264336
(-0.9, 0.0, -0.3)02264386
(-0.9, 0.0, -0.3)02264437
(-0.9, 0.0, -0.3)02264489
(-0.9, 0.0, -0.3)02264540
(-0.9, 0.0, -0.3)02264590
(-0.9, 0.0, -0.3)02264640
(-0.9, 0.0, -0.3)02264691
(-0.9, 0.0, -0.3)02264744
(-0.9, 0.0, -0.3)02264794
(-0.9, 0.0, -0.3)02264845
(-0.9, 0.0, -0.3)02264897
(-0.9, 0.0, -0.3)02264948
(-0.9, 0.0, -0.3)02264999
(-0.9, 0.0, -0.3)02265050
(-0.9, 0.0, -0.3)02265100
(-0.9, 0.0, -0.3)02265151
(-0.9, 0.0, -0.3)02265202
(-0.9, 0.0, -0.3)02265253
(-0.9, 0.0, -0.3)02265305
(-0.9, 0.0, -0.3)02265356
(-0.9, 0.0, -0.3)02265409
(-0.9, 0.0, -0.3)02265459
(-0.9, 0.0, -0.3)02265510
(-0.9, 0.0, -0.3)02265563
(-0.9, 0.0, -0.3)02265613
(-0.9, 0.0, -0.4)02265663
(-0.9, 0.0, -0.4)02265719
(-0.4, 0.2, -0.9)02265769
(-1.0, 0.2, -0.2)02265820
(-1.0, 0.1, 0.0)02265873
(-1.0, 0.1, 0.0)02265925
(-1.0, 0.1, -0.2)02265975
(-1.0, 0.1, -0.2)02270026
(-1.0, 0.1, -0.2)02270078
(-1.0, 0.1, -0.2)02270129
(-1.0, 0.1, -0.3)02270179
(-1.0, 0.1, -0.3)02270230
(-1.0, 0.1, -0.3)02270280
(-1.0, 0.1, -0.3)02270331
(-1.0, 0.1, -0.3)02270384
(-1.0, 0.1, -0.3)02270435
(-1.0, 0.1, -0.3)02270487
(-1.0, 0.1, -0.3)02270541
(-1.0, 0.1, -0.3)02270592
(-0.9, 0.1, -0.3)02270644
(-0.9, 0.1, -0.3)02270696
(-0.9, 0.0, -0.3)02270747
(-0.9, 0.0, -0.3)02270797
(-0.9, -0.1, -0.3)02270848
(-0.8, -0.6, -0.3)02270898
(-0.5, -0.8, -0.3)02270948
(-0.9, -0.2, -0.2)02270999
(-0.9, -0.3, -0.4)02271055
(-0.8, -0.5, -0.3)02271105
(-0.9, -0.5, -0.2)02271156
(-0.9, -0.5, -0.2)02271210
(-0.9, -0.5, -0.2)02271260
(-0.9, -0.5, -0.2)02271311
(-0.9, -0.5, -0.2)02271363
(-0.9, -0.5, -0.2)02271414
(-0.9, -0.5, -0.2)02271465
(-0.9, -0.5, -0.2)02271516
(-0.9, -0.5, -0.2)02271568
(-0.9, -0.5, -0.2)02271618
(-0.9, -0.5, -0.2)02271668
(-0.9, -0.5, -0.2)02271721
(-0.9, -0.5, -0.2)02271771
(-0.9, -0.5, -0.2)02271822
(-0.9, -0.5, -0.2)02271876
(-0.9, -0.5, -0.2)02271927
(-0.9, -0.5, -0.2)02271978
(-0.9, -0.5, -0.2)02272032
(-0.9, -0.5, -0.2)02272082
(-0.9, -0.5, -0.2)02272133
(-0.9, -0.5, -0.2)02272187
(-0.9, -0.5, -0.2)02272236
(-0.9, -0.5, -0.2)02272287
(-0.9, -0.5, -0.2)02272338
(-0.9, -0.5, -0.2)02272389
(-0.9, -0.5, -0.2)02272439
(-0.9, -0.5, -0.2)02272490
(-0.9, -0.5, -0.2)02272545
(-0.9, -0.5, -0.2)02272595
(-0.9, -0.5, -0.2)02272646
(-0.9, -0.5, -0.2)02272698
(-0.9, -0.5, -0.2)02272747
(-0.9, -0.5, -0.2)02272797
(-0.9, -0.5, -0.2)02272848
(-0.9, -0.5, -0.2)02272899
(-0.9, -0.5, -0.2)02272950
(-0.9, -0.5, -0.2)02273001
(-0.9, -0.5, -0.2)02273054
(-0.9, -0.5, -0.2)02273105
(-0.9, -0.5, -0.2)02273156
(-0.9, -0.5, -0.2)02273207
(-0.9, -0.5, -0.2)02273257
(-0.9, -0.5, -0.2)02273308
(-0.9, -0.5, -0.2)02273359
(-0.9, -0.5, -0.2)02273410
(-0.9, -0.5, -0.2)02273463
(-0.9, -0.5, -0.2)02273516
(-0.9, -0.5, -0.2)02273568
(-0.9, -0.5, -0.2)02273619
(-0.9, -0.5, -0.2)02273671
(-0.9, -0.5, -0.2)02273723
(-0.9, -0.5, -0.2)02273772
(-0.9, -0.5, -0.2)02273824
(-0.9, -0.5, -0.2)02273877
(-0.9, -0.5, -0.2)02273928
(-0.9, -0.5, -0.2)02273978
(-0.9, -0.5, -0.2)02274029
(-0.9, -0.5, -0.2)02274080
(-0.9, -0.5, -0.2)02274132
(-0.9, -0.5, -0.2)02274182
(-0.9, -0.5, -0.2)02274235
(-0.9, -0.5, -0.2)02274286
(-0.9, -0.5, -0.2)02274337
(-0.9, -0.5, -0.2)02274388
(-0.9, -0.5, -0.2)02274438
(-0.9, -0.5, -0.2)02274488
(-0.9, -0.5, -0.2)02274539
(-0.9, -0.5, -0.2)02274590
(-0.9, -0.5, -0.2)02274642
(-0.9, -0.5, -0.2)02274693
(-0.9, -0.5, -0.2)02274744
(-0.9, -0.5, -0.2)02274795
(-0.9, -0.5, -0.2)02274846
(-0.9, -0.5, -0.2)02274897
(-0.9, -0.5, -0.2)02274948
(-0.9, -0.5, -0.2)02274999
(-0.9, -0.5, -0.2)02275050
(-0.9, -0.5, -0.2)02275100
(-0.9, -0.5, -0.2)02275151
(-0.9, -0.5, -0.2)02275205
(-0.9, -0.5, -0.2)02275255
(-0.9, -0.5, -0.2)02275305
(-0.9, -0.5, -0.2)02275357
(-0.9, -0.5, -0.2)02275408
(-0.9, -0.5, -0.2)02275460
(-0.9, -0.5, -0.2)02275511
(-0.9, -0.5, -0.2)02275562
(-0.9, -0.5, -0.2)02275612
(-0.9, -0.5, -0.2)02275664
(-0.9, -0.5, -0.2)02275717
(-0.9, -0.5, -0.2)02275768
(-0.9, -0.5, -0.2)02275819
(-0.9, -0.5, -0.2)02275870
(-0.9, -0.5, -0.2)02275921
(-0.9, -0.5, -0.2)02275972
(-0.9, -0.5, -0.2)02280022
(-0.9, -0.5, -0.2)02280074
(-0.9, -0.5, -0.2)02280126
(-0.9, -0.5, -0.2)02280176
(-0.9, -0.5, -0.2)02280228
(-0.9, -0.5, -0.2)02280279
(-0.9, -0.5, -0.2)02280329
(-0.9, -0.5, -0.2)02280381
(-0.9, -0.5, -0.2)02280431
(-0.9, -0.5, -0.2)02280481
(-0.9, -0.5, -0.2)02280532
(-0.9, -0.5, -0.2)02280583
(-0.9, -0.5, -0.2)02280633
(-0.9, -0.5, -0.2)02280683
(-0.9, -0.5, -0.2)02280735
(-0.9, -0.5, -0.2)02280785
(-0.9, -0.5, -0.2)02280836
(-0.9, -0.5, -0.2)02280887
(-0.9, -0.5, -0.2)02280938
(-0.9, -0.5, -0.2)02280990
(-0.9, -0.5, -0.2)02281040
(-0.9, -0.5, -0.2)02281094
(-0.9, -0.5, -0.2)02281144
(-0.9, -0.5, -0.2)02281196
(-0.9, -0.5, -0.2)02281249
(-0.9, -0.5, -0.2)02281300
(-0.9, -0.5, -0.2)02281351
(-0.9, -0.5, -0.2)02281401
(-0.9, -0.5, -0.2)02281451
(-0.9, -0.5, -0.2)02281502
(-0.9, -0.5, -0.2)02281553
(-0.9, -0.5, -0.2)02281605
(-0.9, -0.5, -0.2)02281656
(-0.9, -0.5, -0.2)02281707
(-0.9, -0.5, -0.2)02281761
(-0.9, -0.5, -0.2)02281812
(-0.9, -0.5, -0.2)02281862
(-0.9, -0.5, -0.2)02281916
(-0.9, -0.5, -0.2)02281966
(-0.9, -0.5, -0.2)02282017
(-0.9, -0.5, -0.2)02282069
(-0.9, -0.5, -0.2)02282119
(-0.9, -0.5, -0.2)02282170
(-0.9, -0.5, -0.2)02282221
(-0.9, -0.5, -0.2)02282272
(-0.9, -0.5, -0.2)02282323
(-0.9, -0.5, -0.2)02282374
(-0.9, -0.5, -0.2)02282424
(-0.9, -0.5, -0.2)02282476
(-0.9, -0.5, -0.2)02282527
(-0.9, -0.5, -0.2)02282581
(-0.9, -0.5, -0.2)02282631
(-0.9, -0.5, -0.2)02282681
(-0.9, -0.5, -0.2)02282733
(-0.9, -0.5, -0.2)02282783
(-0.9, -0.5, -0.2)02282835
(-0.9, -0.5, -0.2)02282886
(-0.9, -0.5, -0.2)02282937
(-0.9, -0.5, -0.2)02282988
(-0.9, -0.5, -0.2)02283038
(-0.9, -0.5, -0.2)02283089
(-0.9, -0.5, -0.2)02283140
(-0.9, -0.5, -0.2)02283191
(-0.9, -0.5, -0.2)02283246
(-0.9, -0.5, -0.2)02283296
(-0.9, -0.5, -0.2)02283347
(-0.9, -0.5, -0.2)02283399
(-0.9, -0.5, -0.2)02283450
(-0.9, -0.5, -0.2)02283502
(-0.9, -0.5, -0.2)02283553
(-0.9, -0.5, -0.2)02283607
(-0.9, -0.5, -0.2)02283659
(-0.9, -0.5, -0.2)02283709
(-0.9, -0.5, -0.2)02283759
(-0.9, -0.5, -0.2)02283812
(-0.9, -0.5, -0.2)02283862
(-0.9, -0.5, -0.2)02283918
(-0.9, -0.5, -0.2)02283969
(-0.9, -0.5, -0.2)02284019
(-0.9, -0.5, -0.2)02284071
(-0.9, -0.5, -0.2)02284122
(-0.9, -0.5, -0.2)02284172
(-0.9, -0.5, -0.2)02284223
(-0.9, -0.5, -0.2)02284275
(-0.9, -0.5, -0.2)02284325
(-0.9, -0.5, -0.2)02284376
(-0.9, -0.5, -0.2)02284427
(-0.9, -0.5, -0.2)02284478
(-0.9, -0.5, -0.2)02284529
(-0.9, -0.5, -0.2)02284581
(-0.9, -0.5, -0.2)02284632
(-0.9, -0.5, -0.2)02284683
(-0.9, -0.5, -0.2)02284736
(-0.9, -0.5, -0.2)02284786
(-0.9, -0.5, -0.2)02284836
(-0.9, -0.5, -0.2)02284887
(-0.9, -0.5, -0.2)02284939
(-0.9, -0.5, -0.2)02284989
(-0.9, -0.5, -0.2)02285040
(-0.9, -0.5, -0.2)02285091
(-0.9, -0.5, -0.2)02285142
(-0.9, -0.5, -0.2)02285192
(-0.9, -0.5, -0.2)02285244
(-0.9, -0.5, -0.2)02285294
(-0.9, -0.5, -0.2)02285344
(-0.9, -0.5, -0.2)02285398
(-0.9, -0.5, -0.2)02285448
(-0.9, -0.5, -0.2)02285499
(-0.9, -0.5, -0.2)02285549
(-0.9, -0.5, -0.2)02285599
(-0.9, -0.5, -0.2)02285649
(-0.9, -0.5, -0.2)02285699
(-0.9, -0.5, -0.2)02285750
(-0.9, -0.5, -0.2)02285800
(-0.9, -0.5, -0.2)02285851
(-0.9, -0.5, -0.2)02285903
(-0.9, -0.5, -0.2)02285952
(-0.9, -0.5, -0.2)02290003
(-0.9, -0.5, -0.2)02290054
(-0.9, -0.5, -0.2)02290105
(-0.9, -0.5, -0.2)02290156
(-0.9, -0.5, -0.2)02290207
(-0.9, -0.5, -0.2)02290260
(-0.9, -0.5, -0.2)02290311
(-0.9, -0.5, -0.2)02290361
(-0.9, -0.5, -0.2)02290416
(-0.9, -0.5, -0.2)02290466
(-0.9, -0.5, -0.2)02290516
(-0.9, -0.5, -0.2)02290570
(-0.9, -0.5, -0.2)02290621
(-0.9, -0.5, -0.2)02290671
(-0.9, -0.5, -0.2)02290723
(-0.9, -0.5, -0.2)02290774
(-0.9, -0.5, -0.2)02290825
(-0.9, -0.5, -0.2)02290876
(-0.9, -0.5, -0.2)02290928
(-0.9, -0.5, -0.2)02290978
(-0.9, -0.5, -0.2)02291029
(-0.9, -0.5, -0.2)02291082
(-0.9, -0.5, -0.2)02291132
(-0.9, -0.5, -0.2)02291183
(-0.9, -0.5, -0.2)02291234
(-0.9, -0.5, -0.2)02291328
(-0.9, -0.