(-0.9, 0.0, -0.3)02293974
(-0.9, 0.0, -0.3)02294024
(-0.9, 0.0, -0.3)02294075
(-0.9, 0.0, -0.3)02294126
(-0.9, 0.0, -0.3)02294176
(-0.9, 0.0, -0.3)02294227
(-0.9, 0.0, -0.3)02294278
(-0.9, 0.0, -0.3)02294329
(-0.9, 0.0, -0.3)02294383
(-0.9, 0.0, -0.3)02294432
(-0.9, 0.0, -0.3)02294483
(-0.9, 0.0, -0.3)02294534
(-0.9, 0.0, -0.3)02294585
(-0.9, 0.0, -0.3)02294636
(-0.9, 0.0, -0.3)02294686
(-0.9, 0.0, -0.3)02294737
(-0.9, 0.0, -0.3)02294788
(-0.9, 0.0, -0.3)02294839
(-0.9, 0.0, -0.3)02294890
(-0.9, 0.0, -0.3)02294941
(-0.9, 0.0, -0.3)02294994
(-0.9, 0.0, -0.3)02295049
(-0.9, 0.0, -0.3)02295100
(-0.9, 0.0, -0.3)02295151
(-0.9, 0.0, -0.3)02295202
(-0.9, 0.0, -0.3)02295254
(-0.9, 0.0, -0.3)02295305
(-0.9, 0.0, -0.3)02295356
(-0.9, 0.0, -0.3)02295408
(-0.9, 0.0, -0.3)02295458
(-0.9, 0.0, -0.3)02295509
(-0.9, 0.0, -0.3)02295560
(-0.9, 0.0, -0.3)02295610
(-0.9, 0.0, -0.3)02295660
(-0.9, 0.0, -0.3)02295713
(-0.9, 0.0, -0.3)02295763
(-0.9, 0.0, -0.3)02295814
(-0.9, 0.0, -0.3)02295865
(-0.9, 0.0, -0.3)02295916
(-0.9, 0.0, -0.3)02295967
(-0.9, 0.0, -0.3)02300017
(-0.9, 0.0, -0.3)02300068
(-0.9, 0.0, -0.3)02300121
(-0.9, 0.0, -0.3)02300171
(-0.9, 0.0, -0.3)02300225
(-0.9, 0.0, -0.3)02300275
(-0.9, 0.0, -0.3)02300326
(-0.9, 0.0, -0.3)02300380
(-0.9, 0.0, -0.3)02300431
(-0.9, 0.0, -0.3)02300483
(-0.9, 0.0, -0.3)02300535
(-0.9, 0.0, -0.3)02300587
(-0.9, 0.0, -0.3)02300640
(-0.9, 0.0, -0.3)02300691
(-0.9, 0.0, -0.3)02300742
(-0.9, 0.0, -0.3)02300792
(-0.9, 0.0, -0.3)02300842
(-0.9, 0.0, -0.3)02300893
(-0.9, 0.0, -0.3)02300943
(-0.9, 0.0, -0.3)02300994
(-0.9, 0.0, -0.3)02301049
(-0.9, 0.0, -0.3)02301098
(-0.9, 0.0, -0.3)02301149
(-0.9, 0.0, -0.3)02301202
(-0.9, 0.0, -0.3)02301252
(-0.5, -0.1, 0.9)02301302
(-0.8, 0.0, 0.6)02301352
(-0.9, 0.1, 0.4)02301403
(-0.9, 0.1, 0.3)02301453
(-1.0, 0.0, 0.2)02301504
(-1.0, -0.2, 0.0)02301557
(-1.0, -0.3, -0.1)02301607
(-0.9, -0.2, -0.2)02301659
(-0.9, -0.2, -0.3)02301710
(-0.9, -0.2, -0.3)02301761
(-0.9, -0.2, -0.3)02301811
(-0.9, -0.2, -0.3)02301867
(-0.9, -0.2, -0.3)02301917
(-0.8, -0.1, -0.6)02301968
(-0.7, -0.2, -0.7)02302019
(-0.6, -0.3, -0.7)02302069
(-0.6, -0.3, -0.7)02302121
(-0.6, -0.3, -0.7)02302172
(-0.6, -0.3, -0.7)02302222
(-0.5, -0.5, -0.7)02302272
(-0.4, -0.6, -0.7)02302323
(-0.4, -0.6, -0.7)02302375
(0.0, -0.7, -0.7)02302425
(0.3, -0.7, -0.7)02302475
(0.3, -0.7, -0.7)02302526
(0.3, -0.7, -0.7)02302576
(0.3, -0.7, -0.7)02302627
(0.3, -0.7, -0.7)02302677
(0.3, -0.7, -0.7)02302727
(0.3, -0.7, -0.6)02302778
(0.3, -0.9, -0.5)02302828
(0.4, -0.9, -0.1)02302879
(0.4, -0.9, -0.1)02302929
(0.4, -0.9, -0.1)02302980
(0.4, -0.9, -0.3)02303030
(0.4, -0.9, -0.4)02303081
(-0.3, -0.8, -0.5)02303131
(-0.4, -0.8, -0.4)02303183
(-0.4, -0.8, -0.4)02303232
(-0.4, -0.8, -0.4)02303283
(-0.4, -0.8, -0.4)02303334
(-0.5, -0.8, -0.4)02303384
(-0.5, -0.7, -0.4)02303434
(-0.6, -0.7, -0.4)02303485
(-0.6, -0.7, -0.4)02303537
(-0.6, -0.6, -0.4)02303587
(-0.6, -0.6, -0.4)02303638
(-0.6, -0.7, -0.4)02303690
(-0.6, -0.7, -0.3)02303740
(-0.6, -0.7, -0.3)02303790
(-0.7, -0.7, -0.3)02303841
(-0.7, -0.7, -0.3)02303891
(-0.9, -0.3, -0.4)02303944
(-0.9, -0.2, -0.4)02303995
(-0.9, -0.2, -0.4)02304046
(-0.9, -0.2, -0.4)02304099
(-0.8, -0.2, -0.6)02304150
(-0.7, -0.2, -0.7)02304202
(-0.7, -0.2, -0.7)02304252
(-0.7, -0.2, -0.7)02304302
(-0.7, -0.2, -0.7)02304355
(-0.7, -0.2, -0.7)02304406
(-0.7, -0.2, -0.7)02304456
(-0.7, -0.2, -0.7)02304510
(-0.7, -0.3, -0.7)02304560
(-0.6, -0.4, -0.7)02304611
(-0.5, -0.6, -0.6)02304662
(-0.5, -0.7, -0.6)02304713
(-0.5, -0.7, -0.6)02304763
(-0.5, -0.6, -0.6)02304814
(-0.5, -0.6, -0.6)02304865
(-0.5, -0.6, -0.6)02304916
(-0.5, -0.5, -0.7)02304966
(-0.5, -0.5, -0.7)02305021
(-0.5, -0.5, -0.7)02305071
(-0.5, -0.5, -0.7)02305121
(-0.5, -0.5, -0.7)02305171
(-0.5, -0.5, -0.7)02305221
(-0.5, -0.5, -0.7)02305272
(-0.5, -0.6, -0.6)02305322
(-0.5, -0.7, -0.5)02305372
(-0.8, -0.6, 0.0)02305423
(-0.7, -0.5, 0.4)02305475
(-0.7, -0.5, 0.4)02305527
(-0.9, -0.4, -0.1)02305578
(-0.8, -0.4, -0.4)02305629
(-0.5, -0.4, -0.8)02305680
(-0.4, -0.5, -0.8)02305730
(-0.4, -0.5, -0.8)02305781
(-0.4, -0.4, -0.8)02305833
(-0.4, -0.3, -0.9)02305883
(-0.5, -0.2, -0.8)02305934
(-0.5, -0.2, -0.8)02305985
(-0.5, -0.2, -0.8)02310035
(-0.5, -0.2, -0.8)02310088
(-0.5, -0.2, -0.8)02310139
(-0.5, -0.2, -0.8)02310189
(-0.5, -0.2, -0.8)02310239
(-0.5, -0.2, -0.8)02310290
(-0.5, -0.2, -0.8)02310343
(-0.5, -0.2, -0.8)02310393
(-0.5, -0.2, -0.8)02310445
(-0.8, -0.4, -0.5)02310496
(-0.8, -0.4, -0.4)02310548
(-0.8, -0.4, -0.4)02310599
(-0.6, -0.5, -0.7)02310651
(-0.3, -0.6, -0.7)02310701
(-0.3, -0.6, -0.7)02310752
(-0.3, -0.6, -0.7)02310803
(-0.3, -0.6, -0.7)02310853
(-0.3, -0.6, -0.7)02310903
(-0.3, -0.6, -0.7)02310954
(-0.3, -0.6, -0.7)02311006
(-0.3, -0.6, -0.8)02311056
(-0.3, -0.6, -0.8)02311106
(-0.3, -0.6, -0.8)02311158
(-0.3, -0.6, -0.8)02311207
(-0.3, -0.6, -0.8)02311257
(-0.3, -0.6, -0.8)02311308
(-0.3, -0.6, -0.8)02311359
(-0.3, -0.6, -0.8)02311410
(-0.2, -0.6, -0.8)02311461
(-0.2, -0.5, -0.8)02311516
(-0.3, -0.3, -0.9)02311565
(-0.3, -0.3, -0.9)02311615
(-0.3, -0.3, -0.9)02311666
(-0.3, -0.3, -0.9)02311716
(-0.3, -0.3, -0.9)02311767
(-0.3, -0.3, -0.9)02311817
(-0.3, -0.3, -0.9)02311869
(-0.3, -0.3, -0.9)02311920
(-0.6, -0.4, -0.7)02311971
(-0.7, -0.4, -0.6)02312025
(-0.8, -0.4, -0.5)02312075
(-0.9, -0.4, -0.4)02312125
(-0.9, -0.3, -0.1)02312178
(-0.9, -0.3, -0.1)02312229
(-0.9, -0.3, 0.0)02312279
(-0.9, -0.3, 0.0)02312330
(-1.0, -0.3, 0.1)02312381
(-0.8, -0.2, 0.5)02312431
(-0.7, -0.2, 0.7)02312483
(-0.7, -0.2, 0.7)02312533
(-0.7, -0.2, 0.7)02312584
(-0.7, -0.2, 0.7)02312636
(-0.6, -0.2, 0.8)02312690
(0.0, -0.2, 1.0)02312741
(0.1, -0.2, 1.0)02312792
(0.6, -0.1, 0.8)02312843
(0.6, 0.0, 0.8)02312895
(0.2, 0.0, 1.0)02312945
(0.2, 0.0, 1.0)02312997
(0.1, 0.0, 1.0)02313048
(0.1, -0.1, 1.0)02313099
(0.1, -0.1, 1.0)02313149
(0.0, -0.1, 1.0)02313199
(0.0, -0.1, 1.0)02313250
(0.0, -0.1, 1.0)02313300
(-0.1, -0.1, 1.0)02313352
(-0.1, -0.1, 1.0)02313403
(-0.2, -0.1, 1.0)02313454
(-0.2, -0.1, 1.0)02313508
(-0.2, -0.1, 1.0)02313559
(-0.7, -0.2, 0.7)02313609
(-0.8, -0.2, 0.6)02313659
(-0.8, -0.2, 0.5)02313709
(-0.8, -0.2, 0.5)02313760
(-0.9, -0.2, 0.4)02313811
(-0.9, -0.2, 0.4)02313862
(-0.9, -0.2, 0.4)02313912
(-0.9, -0.2, 0.4)02313964
(-0.9, -0.2, 0.3)02314016
(-0.9, -0.2, 0.3)02314067
(-1.0, -0.2, 0.0)02314118
(-1.0, -0.1, 0.0)02314169
(-1.0, -0.1, -0.2)02314220
(-1.0, 0.0, -0.3)02314270
(-0.9, -0.1, -0.4)02314321
(-0.9, -0.1, -0.5)02314372
(-0.9, -0.1, -0.5)02314422
(-0.9, -0.1, -0.5)02314473
(-0.8, -0.1, -0.5)02314527
(-0.8, -0.1, -0.6)02314575
(-0.8, -0.1, -0.6)02314626
(-0.8, -0.1, -0.6)02314678
(-0.7, -0.1, -0.7)02314728
(-0.7, -0.1, -0.7)02314778
(-0.7, -0.1, -0.7)02314829
(-0.7, -0.1, -0.7)02314880
(-0.7, -0.1, -0.7)02314931
(-0.7, -0.1, -0.7)02314981
(-0.7, -0.1, -0.7)02315033
(-0.7, -0.1, -0.7)02315083
(-0.7, -0.1, -0.7)02315134
(-0.7, -0.1, -0.7)02315186
(-0.8, 0.0, -0.7)02315236
(-0.9, -0.1, -0.3)02315287
(-1.0, -0.2, -0.3)02315339
(-0.9, -0.2, -0.3)02315388
(-0.9, -0.3, -0.2)02315439
(-0.9, -0.3, -0.3)02315491
(-1.0, -0.3, 0.0)02315541
(-1.0, -0.3, 0.0)02315593
(-0.9, -0.3, 0.4)02315643
(-0.2, -0.4, 0.9)02315696
(-0.3, -0.4, 0.9)02315747
(-0.3, -0.4, 0.9)02315798
(-0.3, -0.4, 0.9)02315850
(-0.3, -0.4, 0.9)02315901
(-0.3, -0.4, 0.9)02315951
(-0.3, -0.4, 0.9)02320003
(-0.3, -0.4, 0.9)02320053
(-0.3, -0.4, 0.9)02320105
(-0.3, -0.4, 0.9)02320155
(-0.3, -0.4, 0.9)02320206
(-0.3, -0.4, 0.9)02320257
(-0.3, -0.4, 0.9)02320309
(-0.3, -0.4, 0.9)02320360
(-0.3, -0.4, 0.9)02320410
(-0.3, -0.4, 0.9)02320461
(-0.3, -0.4, 0.9)02320511
(-1.0, 0.0, 0.2)02320561
(-0.9, 0.0, 0.5)02320612
(-0.9, 0.0, 0.5)02320667
(-0.9, 0.0, 0.5)02320717
(-0.9, 0.0, 0.5)02320767
(-0.9, 0.0, 0.5)02320818
(-0.9, 0.0, 0.5)02320868
(-0.1, -0.3, 0.9)02320920
(0.0, -0.3, 1.0)02320970
(-0.1, -0.2, 1.0)02321021
(-0.1, -0.2, 1.0)02321071
(-0.1, -0.3, 1.0)02321121
(-0.1, -0.3, 1.0)02321172
(-0.1, -0