(-0.9, 0.0, -0.3)02323625
(-0.9, 0.0, -0.3)02323675
(-0.9, 0.0, -0.3)02323726
(-0.9, 0.0, -0.3)02323776
(-0.9, 0.0, -0.3)02323826
(-0.9, -0.1, -0.4)02323880
(-0.9, -0.1, -0.4)02323930
(-0.9, -0.1, -0.4)02323981
(-0.9, -0.1, -0.4)02324035
(-0.9, -0.1, -0.4)02324086
(-0.9, -0.1, -0.4)02324136
(-0.9, -0.1, -0.4)02324189
(-0.9, -0.1, -0.4)02324240
(-0.9, -0.1, -0.4)02324290
(-0.9, -0.1, -0.4)02324341
(-0.8, -0.2, -0.6)02324394
(-0.2, -0.3, -0.9)02324444
(0.2, -0.2, -1.0)02324495
(0.3, -0.1, -0.9)02324547
(0.4, -0.1, -0.9)02324597
(0.5, -0.2, -0.9)02324647
(0.5, -0.2, -0.9)02324699
(0.3, -0.2, -0.9)02324749
(0.1, -0.3, -1.0)02324799
(-0.2, -0.3, -0.9)02324849
(-0.4, -0.3, -0.8)02324900
(-0.7, -0.3, -0.7)02324951
(-0.8, -0.3, -0.4)02325001
(-0.9, -0.3, 0.0)02325053
(-0.9, -0.4, 0.4)02325104
(-0.7, -0.3, 0.7)02325155
(-0.6, -0.3, 0.7)02325207
(-0.5, -0.1, 0.8)02325257
(-0.4, 0.0, 0.9)02325308
(-0.4, 0.1, 0.9)02325362
(-0.6, 0.1, 0.8)02325413
(-0.9, 0.2, 0.3)02325464
(-0.9, 0.2, 0.3)02325514
(-0.9, 0.2, 0.3)02325565
(-1.0, 0.1, 0.2)02325617
(-1.0, 0.0, 0.1)02325668
(-1.0, -0.1, 0.0)02325719
(-1.0, -0.1, 0.0)02325769
(-1.0, -0.2, 0.0)02325820
(-0.9, -0.4, 0.3)02325871
(-0.7, -0.5, 0.5)02325923
(-0.4, -0.6, 0.7)02325973
(-0.1, -0.6, 0.8)02330026
(0.0, -0.6, 0.8)02330076
(0.1, -0.6, 0.8)02330126
(0.2, -0.5, 0.9)02330176
(0.2, -0.3, 0.9)02330227
(0.3, -0.1, 1.0)02330278
(0.2, 0.2, 1.0)02330329
(0.1, 0.3, 0.9)02330380
(0.0, 0.3, 0.9)02330430
(0.0, 0.3, 0.9)02330481
(-0.1, 0.3, 0.9)02330534
(-0.2, 0.3, 0.9)02330585
(-0.4, 0.3, 0.9)02330635
(-0.5, 0.2, 0.9)02330687
(-0.5, 0.2, 0.9)02330737
(-0.5, 0.2, 0.8)02330788
(-0.7, 0.1, 0.7)02330838
(-0.7, 0.1, 0.7)02330889
(-0.8, 0.2, 0.6)02330940
(-0.8, 0.2, 0.6)02330993
(-0.8, 0.1, 0.6)02331044
(-0.8, 0.1, 0.6)02331097
(0.0, -0.1, 1.0)02331148
(-0.1, -0.2, 1.0)02331200
(-0.2, -0.1, 1.0)02331250
(-0.2, 0.0, 1.0)02331301
(-0.3, 0.2, 0.9)02331352
(-0.3, 0.2, 0.9)02331402
(-0.3, 0.2, 0.9)02331452
(-0.3, 0.2, 0.9)02331503
(-0.3, 0.2, 0.9)02331553
(-0.3, 0.2, 0.9)02331603
(-0.3, 0.2, 0.9)02331654
(-0.3, 0.2, 0.9)02331705
(-0.3, 0.2, 0.9)02331755
(-0.3, 0.2, 0.9)02331806
(-0.3, 0.2, 0.9)02331860
(-0.3, 0.2, 0.9)02331910
(-0.3, 0.2, 0.9)02331960
(-0.3, 0.2, 0.9)02332014
(-0.3, 0.2, 0.9)02332064
(-0.3, 0.2, 0.9)02332114
(-0.3, 0.2, 0.9)02332165
(-0.3, 0.2, 0.9)02332216
(-0.3, 0.2, 0.9)02332267
(-0.3, 0.2, 0.9)02332319
(-0.3, 0.2, 0.9)02332370
(-0.3, 0.2, 0.9)02332422
(-0.3, 0.2, 0.9)02332473
(-0.3, 0.2, 0.9)02332525
(-0.3, 0.2, 0.9)02332575
(-0.3, 0.2, 0.9)02332626
(-0.3, 0.2, 0.9)02332679
(-0.3, 0.2, 0.9)02332728
(-0.7, 0.2, 0.7)02332780
(-0.9, 0.3, 0.2)02332831
(-0.9, 0.3, 0.1)02332881
(-1.0, 0.2, 0.0)02332931
(-1.0, 0.1, -0.1)02332982
(-1.0, 0.1, -0.2)02333034
(-1.0, 0.0, -0.2)02333086
(-1.0, 0.0, -0.2)02333136
(-0.7, -0.3, -0.6)02333187
(-0.6, -0.4, -0.7)02333237
(-0.4, -0.5, -0.8)02333287
(-0.3, -0.6, -0.8)02333339
(-0.3, -0.6, -0.8)02333389
(-0.3, -0.6, -0.8)02333440
(-0.3, -0.6,