(-0.9, 0.0, -0.4)02340881
(-0.9, 0.0, -0.4)02340931
(-0.9, 0.0, -0.4)02340982
(-0.9, 0.0, -0.4)02341033
(-0.9, 0.0, -0.4)02341084
(-0.9, 0.0, -0.4)02341135
(-0.9, 0.0, -0.4)02341186
(-0.9, 0.0, -0.4)02341236
(-0.9, 0.0, -0.4)02341289
(-0.9, 0.0, -0.4)02341340
(-0.9, 0.0, -0.4)02341390
(-0.9, 0.0, -0.4)02341441
(-0.9, 0.0, -0.4)02341491
(-0.9, 0.0, -0.4)02341541
(-0.9, 0.0, -0.4)02341593
(-0.9, 0.0, -0.4)02341645
(-0.9, 0.0, -0.4)02341696
(-0.9, 0.0, -0.4)02341747
(-0.9, 0.0, -0.4)02341798
(-0.9, 0.0, -0.4)02341850
(-0.9, 0.0, -0.4)02341900
(-0.9, 0.0, -0.4)02341954
(-0.9, 0.0, -0.4)02342004
(-0.9, 0.0, -0.4)02342055
(-0.9, 0.0, -0.4)02342107
(-0.9, 0.0, -0.4)02342156
(-0.9, 0.0, -0.4)02342206
(-0.9, 0.0, -0.4)02342257
(-0.9, 0.0, -0.4)02342308
(-0.9, 0.0, -0.4)02342358
(-0.9, 0.0, -0.4)02342409
(-0.9, 0.0, -0.4)02342460
(-0.9, 0.0, -0.4)02342510
(-0.9, 0.0, -0.4)02342561
(-0.9, 0.0, -0.4)02342617
(-0.9, 0.0, -0.4)02342667
(-0.9, 0.0, -0.4)02342718
(-0.9, 0.0, -0.4)02342771
(-0.9, 0.0, -0.4)02342822
(-0.9, 0.0, -0.4)02342872
(-0.9, 0.0, -0.4)02342923
(-0.9, 0.0, -0.4)02342973
(-0.9, 0.0, -0.4)02343024
(-0.9, 0.0, -0.4)02343075
(-0.9, 0.0, -0.4)02343128
(-0.9, 0.0, -0.4)02343179
(-0.9, 0.0, -0.4)02343230
(-0.9, 0.0, -0.4)02343283
(-0.9, 0.0, -0.4)02343332
(-0.9, 0.0, -0.4)02343383
(-0.9, 0.0, -0.4)02343435
(-0.9, 0.0, -0.4)02343485
(-0.9, 0.0, -0.4)02343535
(-0.9, 0.0, -0.4)02343586
(-0.9, 0.0, -0.4)02343637
(-0.9, 0.0, -0.4)02343687
(-0.9, 0.0, -0.4)02343738
(-0.9, 0.0, -0.4)02343789
(-0.9, 0.0, -0.4)02343840
(-0.9, 0.0, -0.4)02343891
(-0.9, 0.0, -0.4)02343944
(-0.9, 0.0, -0.4)02343995
(-0.9, 0.0, -0.4)02344047
(-0.9, 0.0, -0.4)02344099
(-0.9, -0.1, 0.4)02344149
(-0.9, -0.1, 0.3)02344200
(-1.0, 0.0, 0.3)02344252
(-1.0, 0.0, 0.3)02344303
(-1.0, 0.0, 0.1)02344353
(-0.7, 0.1, -0.7)02344404
(-0.6, 0.0, -0.8)02344454
(-0.6, 0.0, -0.8)02344505
(-0.3, -0.3, -0.9)02344557
(-0.3, -0.5, -0.8)02344608
(-0.3, -0.5, -0.8)02344658
(-0.3, -0.5, -0.8)02344708
(-0.3, -0.5, -0.8)02344760
(-0.3, -0.5, -0.8)02344810
(-0.3, -0.5, -0.8)02344860
(-0.2, -0.6, -0.8)02344911
(-0.2, -0.6, -0.8)02344961
(-0.2, -0.6, -0.8)02345011
(-0.2, -0.8, -0.6)02345062
(-0.2, -0.8, -0.6)02345113
(-0.2, -0.8, -0.6)02345164
(-0.2, -0.8, -0.6)02345214
(-0.2, -0.8, -0.6)02345265
(-0.2, -0.8, -0.6)02345315
(-0.2, -0.8, -0.6)02345365
(-0.2, -0.8, -0.6)02345416
(-0.2, -0.8, -0.6)02345467
(-0.2, -0.8, -0.6)02345517
(-0.2, -0.8, -0.6)02345568
(-0.2, -0.8, -0.6)02345619
(-0.2, -0.8, -0.6)02345669
(-0.2, -0.8, -0.6)02345719
(-0.2, -0.8, -0.6)02345771
(-0.2, -0.8, -0.6)02345822
(-0.2, -0.8, -0.6)02345873
(-0.2, -0.8, -0.6)02345926
(-0.3, -0.8, -0.6)02345976
(-0.7, -0.6, 0.3)02350026
(-0.6, -0.2, 0.8)02350082
(0.0, -0.2, 1.0)02350132
(-0.5, 0.1, 0.9)02350183
(-0.8, 0.0, 0.6)02350235
(-1.0, 0.0, 0.2)02350285
(-0.9, -0.1, -0.3)02350336
(-0.8, -0.2, -0.6)02350388
(-0.2, -0.4, -0.9)02350439
(0.0, -0.6, -0.8)02350490
(-0.2, -0.6, -0.8)02350540
(-0.3, -0.5, -0.8)02350591
(-0.3, -0.5, -0.8)02350642
(-0.3, -0.5, -0.8)02350693
(-0.3, -0.5, -0.8)02350749
(-0.3, -0.5, -0.8)02350798
(-0.3, -0.5, -0.8)02350849
(-0.3, -0.5, -0.8)02350900
(-0.3, -0.5, -0.8)02350952
(-0.3, -0.5, -0.8)02351002
(-0.3, -0.5, -0.8)02351053
(-0.2, -0.8, -0.6)02351103
(-0.2, -0.8, -0.6)02351154
(-0.2, -0.8, -0.6)02351204
(-0.2, -0.7, -0.7)02351254
(-0.2, -0.7, -0.7)02351305
(-0.2, -0.7, -0.7)02351355
(-0.2, -0.7, -0.7)02351410
(-0.2, -0.7, -0.7)02351460
(-0.2, -0.7, -0.7)02351511
(0.1, -0.7, -0.7)02351561
(0.1, -0.7, -0.7)02351613
(0.2, -0.8, -0.6)02351663
(0.3, -0.9, -0.3)02351714
(0.4, -0.9, -0.2)02351765
(0.5, -0.9, -0.1)02351815
(0.6, -0.8, 0.0)02351865
(0.5, -0.8, 0.1)02351916
(0.5, -0.8, 0.1)02351966
(0.6, -0.8, 0.0)02352017
(0.6, -0.8, -0.1)02352069
(0.6, -0.8, -0.2)02352119
(0.5, -0.8, -0.2)02352169
(0.5, -0.8, -0.3)02352220
(0.4, -0.8, -0.4)02352270
(0.3, -0.8, -0.5)02352320
(0.2, -0.7, -0.7)02352371
(0.2, -0.7, -0.7)02352421
(0.2, -0.7, -0.7)02352471
(-0.3, -0.7, -0.6)02352522
(-0.3, -0.7, -0.6)02352572
(-0.3, -0.7, -0.6)02352623
(-0.3, -0.7, -0.6)02352673
(-0.3, -0.7, -0.6)02352725
(-0.3, -0.7, -0.6)02352775
(-0.3, -0.7, -0.6)02352825
(-0.3, -0.7, -0.6)02352876
(-0.3, -0.7, -0.6)02352927
(-0.3, -0.7, -0.6)02352977
(-0.3, -0.7, -0.6)02353028
(-0.3, -0.7, -0.7)02353079
(-0.3, -0.7, -0.7)02353130
(-0.3, -0.6, -0.7)02353180
(-0.3, -0.6, -0.7)02353232
(-0.3, -0.6, -0.7)02353282
(-0.3, -0.6, -0.7)02353332
(-0.3, -0.6, -0.7)02353383
(-0.3, -0.7, -0.7)02353433
(-0.2, -0.8, -0.6)02353483
(-0.2, -0.9, -0.4)02353534
(-0.2, -0.9, -0.4)02353584
(-0.3, -0.9, -0.4)02353636
(-0.2, -0.9, -0.3)02353686
(-0.2, -0.9, -0.3)02353737
(-0.1, -0.9, -0.4)02353788
(-0.1, -0.8, -0.6)02353840
(-0.1, -0.8, -0.6)02353892
(-0.1, -0.9, -0.5)02353942
(-0.3, -0.7, -0.6)02353993
(-0.3, -0.7, -0.7)02354045
(-0.3, -0.7, -0.6)02354095
(-0.1, -0.9, -0.4)02354146
(-0.1, -1.0, -0.3)02354196
(-0.1, -1.0, -0.3)02354246
(-0.1, -1.0, -0.3)02354297
(-0.1, -1.0, -0.3)02354347
(-0.1, -1.0, -0.2)02354398
(-0.1, -1.0, -0.2)02354449
(-0.1, -1.0, -0.2)02354501
(-0.1, -1.0, -0.2)02354552
(0.0, -1.0, 0.0)02354602
(0.0, -1.0, 0.0)02354653
(0.0, -1.0, 0.0)02354706
(0.0, -1.0, 0.0)02354755
(0.0, -1.0, 0.0)02354805
(0.0, -1.0, 0.0)02354855
(0.0, -1.0, 0.0)02354905
(0.0, -1.0, 0.0)02354956
(0.0, -1.0, 0.0)02355006
(0.0, -1.0, 0.0)02355056
(0.0, -1.0, 0.0)02355107
(0.0, -1.0, 0.0)02355157
(0.0, -1.0, 0.0)02355208
(0.0, -1.0, 0.0)02355258
(-0.1, -1.0, -0.1)02355309
(0.0, -1.0, 0.0)02355359
(-0.3, -0.9, -0.2)02355409
(-0.3, -0.9, -0.2)02355459
(-0.4, -0.9, -0.3)02355510
(-0.4, -0.9, -0.3)02355560
(-0.4, -0.9, -0.3)02355611
(-0.4, -0.9, -0.3)02355661
(-0.4, -0.9, -0.3)02355712
(-0.2, -0.9, -0.3)02355762
(-0.2, -0.9, -0.3)02355812
(-0.2, -0.9, -0.3)02355863
(-0.2, -0.9, -0.3)02355913
(-0.2, -0.9, -0.3)02355963
(-0.2, -0.9, -0.3)02360017
(-0.2, -0.9, -0.3)02360066
(-0.2, -0.9, -0.3)02360116
(-0.2, -0.9, -0.3)02360167
(-0.2, -0.9, -0.3)02360218
(-0.2, -0.9, -0.3)02360268
(-0.2, -0.9, -0.3)02360318
(-0.2, -0.9, -0.3)02360368
(-0.2, -0.9, -0.3)02360419
(-0.2, -0.9, -0.3)02360469
(-0.2, -0.9, -0.3)02360521
(-0.2, -0.9, -0.3)02360571
(-0.2, -0.9, -0.3)02360622
(-0.2, -0.9, -0.3)02360672
(-0.2, -0.9, -0.3)02360723
(-0.2, -0.9, -0.3)02360773
(-0.2, -0.9, -0.3)02360824
(-0.2, -0.9, -0.3)02360874
(-0.2, -0.9, -0.3)02360924
(-0.2, -0.9, -0.3)02360975
(-0.2, -0.9, -0.3)02361026
(-0.2, -0.9, -0.3)02361076
(-0.2, -0.9, -0.3)02361126
(-0.2, -0.9, -0.3)02361178
(-0.2, -0.9, -0.3)02361228
(-0.2, -0.9, -0.3)02361279
(-0.2, -0.9, -0.3)02361330
(-0.2, -0.9, -0.3)02361381
(-0.2, -0.9, -0.3)02361432
(-0.2, -0.9, -0.3)02361483
(-0.2, -0.9, -0.3)02361533
(-0.2, -0.9, -0.3)02361583
(-0.2, -0.9, -0.3)02361634
(-0.2, -0.9, -0.3)02361685
(-0.2, -0.9, -0.3)02361735
(-0.2, -0.9, -0.3)02361785
(-0.2, -0.9, -0.3)02361838
(-0.2, -0.9, -0.3)02361887
(-0.2, -0.9, -0.3)02361938
(-0.2, -0.9, -0.3)02361993
(-0.2, -0.9, -0.3)02362043
(-0.2, -0.9, -0.3)02362093
(-0.2, -0.9, -0.3)02362146
(-0.2, -0.9, -0.3)02362196
(-0.2, -0.9, -0.3)02362247
(-0.2, -0.9, -0.3)02362298
(-0.2, -0.9, -0.3)02362348
(-0.6, -0.7, 0.4)02362399
(-0.5, -0.6, 0.5)02362450
(0.2, -0.7, 0.6)02362500
(0.1, -0.9, 0.4)02362551
(0.1, -0.8, 0.5)02362602
(0.1, -0.8, 0.5)02362654
(0.1, -0.8, 0.5)02362704
(0.1, -0.8, 0.5)02362754
(0.1, -0.8, 0.5)02362806
(0.1, -0.8, 0.5)02362857
(0.2, -0.8, 0.5)02362907
(0.2, -0.8, 0.6)02362957
(0.2, -0.8, 0.6)02363008
(0.2, -0.8, 0.6)02363059
(0.2, -0.8, 0.6)02363110
(0.2, -0.8, 0.6)02363160
(0.2, -0.8, 0.6)02363211
(0.2, -0.8, 0.6)02363261
(0.2, -0.8, 0.6)02363312
(0.2, -0.8, 0.6)02363361
(0.2, -0.8, 0.6)02363412
(0.2, -0.8, 0.6)02363464
(0.2, -0.8, 0.6)02363514
(0.2, -0.8, 0.6)02363564
(0.2, -0.8, 0.6)02363615
(0.2, -0.8, 0.6)02363665
(0.2, -0.8, 0.6)02363716
(0.2, -0.8, 0.6)02363766
(0.2, -0.8, 0.6)02363817
(0.2, -0.8, 0.6)02363867
(0.2, -0.8, 0.6)02363917
(0.2, -0.8, 0.6)02363967
(0.2, -0.8, 0.6)02364018
(0.2, -0.8, 0.6)0236406