(-0.9, 0.0, -0.3)02391948
(-0.9, 0.0, -0.3)02391998
(-0.9, 0.0, -0.3)02392049
(-0.9, 0.0, -0.3)02392100
(-0.9, 0.0, -0.3)02392150
(-0.9, 0.0, -0.3)02392201
(-0.9, 0.0, -0.3)02392251
(-0.9, 0.0, -0.3)02392302
(-0.9, 0.0, -0.3)02392353
(-0.9, 0.0, -0.3)02392404
(-0.9, 0.0, -0.3)02392455
(-0.9, 0.0, -0.3)02392506
(-0.9, 0.0, -0.3)02392557
(-0.9, 0.0, -0.3)02392607
(-0.9, 0.0, -0.3)02392657
(-0.9, 0.0, -0.3)02392711
(-0.9, 0.0, -0.3)02392762
(-0.9, 0.0, -0.3)02392813
(-0.9, 0.0, -0.3)02392863
(-0.9, 0.0, -0.3)02392914
(-0.9, 0.0, -0.4)02392965
(-0.8, -0.1, -0.5)02393015
(-0.9, -0.1, -0.5)02393067
(-0.9, -0.1, -0.5)02393117
(-0.9, -0.1, -0.5)02393168
(-0.9, -0.1, -0.5)02393219
(-0.9, -0.1, -0.5)02393269
(-0.9, -0.1, -0.5)02393321
(-0.9, -0.1, -0.5)02393375
(-0.9, -0.1, -0.5)02393425
(-0.9, -0.1, -0.5)02393476
(-0.9, -0.1, -0.5)02393527
(-0.9, -0.1, -0.5)02393577
(-0.9, -0.1, -0.5)02393630
(-0.9, -0.1, -0.5)02393683
(-0.9, -0.1, -0.5)02393734
(-0.9, -0.1, -0.5)02393784
(-0.9, -0.1, -0.5)02393835
(-0.9, -0.1, -0.5)02393886
(-0.9, -0.1, -0.5)02393935
(-0.9, -0.1, -0.5)02393987
(-0.9, -0.1, -0.5)02394038
(-0.9, -0.2, 0.3)02394089
(-0.9, -0.1, -0.5)02394141
(-0.9, -0.1, -0.5)02394191
(-0.9, -0.2, 0.5)02394243
(-0.9, -0.3, 0.3)02394294
(-0.9, -0.3, 0.3)02394348
(-0.9, -0.3, 0.3)02394399
(-0.9, -0.3, 0.2)02394450
(-1.0, -0.3, 0.1)02394503
(-1.0, -0.1, 0.1)02394553
(-1.0, -0.1, 0.1)02394605
(-1.0, -0.1, 0.1)02394661
(-1.0, -0.1, 0.1)02394711
(-1.0, -0.1, 0.1)02394763
(-1.0, -0.1, 0.1)02394814
(-1.0, -0.1, 0.1)02394865
(-1.0, -0.1, 0.1)02394916
(-1.0, -0.1, 0.1)02394967
(-1.0, -0.1, 0.1)02395018
(-1.0, -0.1, 0.1)02395069
(-1.0, -0.1, 0.1)02395120
(-1.0, -0.1, 0.1)02395170
(-1.0, -0.1, 0.1)02395222
(-1.0, -0.1, 0.1)02395272
(-1.0, -0.1, 0.1)02395325
(-1.0, -0.1, 0.1)02395376
(-1.0, -0.1, 0.1)02395427
(-1.0, -0.1, 0.1)02395478
(-1.0, -0.1, 0.1)02395528
(-1.0, -0.1, 0.1)02395580
(-1.0, -0.1, 0.1)02395631
(-1.0, -0.1, 0.1)02395681
(-1.0, -0.2, 0.0)02395731
(-1.0, -0.2, 0.0)02395782
(-1.0, -0.2, 0.0)02395832
(-1.0, -0.2, 0.0)02395884
(-1.0, -0.2, 0.0)02395936
(-1.0, -0.2, 0.0)02395986
(-1.0, -0.2, 0.0)02400037
(-1.0, -0.2, 0.0)02400088
(-1.0, -0.2, 0.0)02400140
(-1.0, -0.2, 0.0)02400191
(-1.0, -0.2, 0.0)02400241
(-1.0, -0.2, 0.0)02400294
(-1.0, -0.2, 0.0)02400344
(-1.0, -0.2, 0.0)02400395
(-1.0, -0.2, 0.0)02400450
(-1.0, -0.2, 0.0)02400499
(-1.0, -0.2, 0.0)02400549
(-1.0, -0.2, 0.0)02400600
(-1.0, -0.2, 0.0)02400652
(-1.0, -0.2, 0.0)02400703
(-1.0, -0.2, 0.0)02400753
(-1.0, -0.2, 0.0)02400804
(-1.0, -0.2, 0.0)02400855
(-1.0, -0.2, 0.0)02400905
(-1.0, -0.2, 0.0)02400956
(-1.0, -0.2, 0.0)02401006
(-1.0, -0.2, 0.0)02401056
(-1.0, -0.2, 0.0)02401110
(-1.0, -0.2, 0.0)02401161
(-1.0, -0.2, 0.0)02401211
(-1.0, -0.2, 0.0)02401266
(-1.0, -0.2, 0.0)02401316
(-1.0, -0.2, 0.0)02401366
(-1.0, -0.2, 0.0)02401417
(-1.0, -0.2, 0.0)02401468
(-1.0, -0.2, 0.0)02401519
(-1.0, -0.2, 0.0)02401569
(-1.0, -0.2, 0.0)02401621
(-1.0, -0.2, 0.0)02401672
(-1.0, -0.2, 0.0)02401723
(-1.0, -0.2, 0.0)02401773
(-1.0, -0.2, 0.0)02401824
(-1.0, -0.2, 0.0)02401876
(-1.0, -0.2, 0.0)02401932
(-1.0, -0.2, 0.0)02401983
(-1.0, -0.2, 0.0)02402035
(-1.0, -0.2, 0.0)02402086
(-1.0, -0.2, 0.0)02402136
(-1.0, -0.2, 0.0)02402186
(-1.0, -0.2, 0.0)02402239
(-1.0, -0.2, 0.0)02402290
(-1.0, -0.2, 0.0)02402341
(-1.0, -0.2, 0.0)02402394
(-1.0, -0.2, 0.0)02402445
(-1.0, -0.2, 0.0)02402496
(-1.0, -0.2, 0.0)02402546
(-1.0, -0.2, 0.0)02402597
(-1.0, -0.2, 0.0)02402647
(-1.0, -0.2, 0.0)02402698
(-1.0, -0.2, 0.0)02402749
(-1.0, -0.2, 0.0)02402799
(-1.0, -0.2, 0.0)02402850
(-1.0, -0.2, 0.0)02402901
(-1.0, -0.2, 0.0)02402951
(-1.0, -0.2, 0.0)02403001
(-1.0, -0.2, 0.0)02403052
(-1.0, -0.2, 0.0)02403103
(-1.0, -0.2, 0.0)02403155
(-1.0, -0.2, 0.0)02403208
(-1.0, -0.2, 0.0)02403258
(-1.0, -0.2, 0.0)02403309
(-1.0, -0.2, 0.0)02403360
(-1.0, -0.2, 0.0)02403410
(-1.0, -0.2, 0.0)02403461
(-1.0, -0.2, 0.0)02403511
(-1.0, -0.2, 0.0)02403562
(-1.0, -0.2, 0.0)024036