(-0.9, 0.0, -0.4)02435052
(-0.9, 0.0, -0.4)02435103
(-0.9, 0.0, -0.4)02435154
(-0.9, 0.0, -0.4)02435205
(-1.0, 0.0, -0.2)02435256
(-0.7, -0.1, 0.7)02435308
(-0.7, -0.1, 0.7)02435358
(-0.7, -0.1, 0.7)02435409
(-0.7, -0.1, 0.7)02435461
(-0.7, -0.1, 0.7)02435511
(-0.7, -0.1, 0.7)02435562
(-0.7, -0.1, 0.7)02435615
(-0.7, -0.1, 0.7)02435666
(-0.8, 0.0, 0.7)02435717
(-0.8, 0.2, 0.5)02435768
(-0.8, 0.2, 0.5)02435819
(-0.8, 0.2, 0.5)02435870
(-0.8, 0.2, 0.5)02435922
(-0.8, 0.2, 0.5)02435972
(-0.8, 0.2, 0.5)02440022
(-0.8, 0.2, 0.5)02440073
(-0.8, 0.2, 0.5)02440124
(-0.8, 0.2, 0.5)02440174
(-0.8, 0.2, 0.5)02440225
(-0.9, 0.2, 0.5)02440276
(-0.9, 0.2, 0.5)02440327
(-0.9, 0.2, 0.5)02440378
(-0.9, 0.2, 0.5)02440430
(-0.9, 0.2, 0.5)02440480
(-0.9, 0.2, 0.5)02440531
(-0.9, 0.2, 0.5)02440583
(-0.9, 0.2, 0.5)02440633
(-0.9, 0.2, 0.5)02440683
(-0.9, 0.2, 0.5)02440735
(-0.9, 0.2, 0.5)02440786
(-0.9, 0.2, 0.5)02440837
(-0.9, 0.2, 0.5)02440888
(-0.9, 0.2, 0.5)02440940
(-0.9, 0.2, 0.5)02440991
(-0.9, 0.2, 0.5)02441043
(-0.9, 0.2, 0.5)02441095
(-0.9, 0.2, 0.5)02441145
(-0.9, 0.2, 0.5)02441195
(-0.9, 0.2, 0.5)02441251
(-0.9, 0.2, 0.5)02441299
(-0.9, 0.2, 0.5)02441349
(-0.9, 0.2, 0.5)02441400
(-0.9, 0.2, 0.5)02441450
(-0.9, 0.2, 0.5)02441501
(-0.9, 0.2, 0.5)02441551
(-0.9, 0.2, 0.5)02441602
(-0.9, 0.2, 0.5)02441653
(-0.9, 0.2, 0.5)02441704
(-0.9, 0.2, 0.5)02441756
(-0.9, 0.2, 0.5)02441808
(-0.9, 0.2, 0.5)02441858
(-0.9, 0.2, 0.5)02441910
(-0.9, 0.2, 0.5)02441960
(-0.9, 0.2, 0.5)02442012
(-0.9, 0.2, 0.5)02442063
(-0.9, 0.2, 0.5)02442112
(-0.9, 0.2, 0.5)02442165
(-0.9, 0.2, 0.5)02442215
(-0.9, 0.2, 0.5)02442265
(-0.9, 0.2, 0.5)02442315
(-0.9, 0.2, 0.5)02442367
(-0.9, 0.2, 0.5)02442417
(-0.9, 0.2, 0.5)02442468
(-0.9, 0.2, 0.5)02442519
(-0.9, 0.2, 0.5)02442571
(-0.9, 0.2, 0.5)02442622
(-0.9, 0.2, 0.5)02442673
(-0.9, 0.2, 0.5)02442727
(-0.9, 0.2, 0.5)02442778
(-0.9, 0.2, 0.5)02442828
(-0.9, 0.2, 0.5)02442881
(-0.9, 0.2, 0.5)02442931
(-0.9, 0.2, 0.5)02442982
(-0.9, 0.2, 0.5)02443036
(-0.9, 0.2, 0.5)02443086
(-0.9, 0.2, 0.5)02443137
(-0.9, 0.2, 0.5)02443188
(-0.9, 0.2, 0.5)02443239
(-0.9, 0.2, 0.5)02443290
(-0.9, 0.2, 0.5)02443341
(-0.9, 0.2, 0.5)02443391
(-0.9, 0.2, 0.5)02443442
(-0.9, 0.2, 0.5)02443493
(-0.9, 0.2, 0.5)02443544
(-0.9, 0.2, 0.5)02443595
(-0.9, 0.2, 0.5)02443647
(-0.9, 0.2, 0.5)02443697
(-0.9, 0.2, 0.5)02443748
(-0.9, 0.2, 0.5)02443800
(-0.9, 0.2, 0.5)02443853
(-0.9, 0.2, 0.5)02443903
(-0.9, 0.2, 0.5)02443953
(-0.9, 0.2, 0.5)02444003
(-0.9, 0.2, 0.5)02444054
(-0.9, 0.2, 0.5)02444104
(-0.9, 0.2, 0.5)02444155
(-0.9, 0.2, 0.5)02444206
(-0.9, 0.2, 0.5)02444258
(-0.9, 0.2, 0.5)02444309
(-0.9, 0.2, 0.5)02444361
(-0.9, 0.2, 0.5)02444411
(-0.9, 0.2, 0.5)02444463
(-0.9, 0.2, 0.5)02444516
(-0.9, 0.2, 0.5)02444567
(-0.9, 0.2, 0.5)02444618
(-0.9, 0.2, 0.5)02444669
(-0.9, 0.2, 0.5)02444720
(-0.9, 0.2, 0.5)02444770
(-0.9, 0.2, 0.5)02444821
(-0.9, 0.2, 0.5)02444872
(-0.9, 0.2, 0.5)02444923
(-0.9, 0.2, 0.5)02444974
(-0.9, 0.2, 0.5)02445025
(-0.9, 0.2, 0.5)02445075
(-0.9, 0.2, 0.5)02445126
(-0.9, 0.2, 0.5)02445179
(-0.9, 0.2, 0.5)02445230
(-0.9, 0.2, 0.5)02445282
(-0.9, 0.2, 0.5)02445335
(-0.9, 0.2, 0.5)02445386
(-0.9, 0.2, 0.5)02445437
(-0.9, 0.2, 0.5)02445489
(-0.9, 0.2, 0.5)02445541
(-0.9, 0.4, 0.1)02445592
(-0.9, 0.5, 0.1)02445645
(-0.9, 0.5, 0.1)02445696
(-0.9, 0.5, 0.1)02445747
(-0.9, 0.5, 0.1)02445800
(-0.9, 0.5, 0.1)02445850
(-0.9, 0.5, 0.1)02445901
(-0.9, 0.5, 0.1)02445952
(-0.9, 0.5, 0.1)02450003
(-0.9, 0.5, 0.1)02450053
(-0.9, 0.5, 0.1)02450103
(-0.9, 0.5, 0.1)02450156
(-0.9, 0.5, 0.1)02450206
(-0.9, 0.5, 0.1)02450257
(-0.9, 0.5, 0.1)02450308
(-0.9, 0.5, 0.1)02450359
(-0.9, 0.5, 0.1)02450409
(-0.9, 0.5, 0.1)02450462
(-0.9, 0.5, 0.1)02450511
(-0.9, 0.5, 0.1)02450562
(-0.9, 0.5, 0.1)02450615
(-0.9, 0.5, 0.1)02450665
(-0.9, 0.5, 0.1)02450715
(-0.9, 0.5, 0.1)02450766
(-0.9, 0.5, 0.1)02450817
(-0.9, 0.5, 0.1)02450867
(-0.9, 0.5, 0.1)02450918
(-0.9, 0.5, 0.1)02450968
(-0.9, 0.5, 0.1)02451018
(-0.9, 0.5, 0.1)02451070
(-0.9, 0.5, 0.1)02451123
(-0.9, 0.5, 0.1)02451174
(-0.9, 0.5, 0.1)02451225
(-0.9, 0.5, 0.1)02451277
(-0.9, 0.5, 0.1)02451327
(-0.9, 0.5, 0.1)02451378
(-0.9, 0.5, 0.1)02451429
(-0.9, 0.5, 0.1)02451479
(-0.9, 0.5, 0.1)02451530
(-0.9, 0.5, 0.1)02451583
(-0.9, 0.5, 0.1)02451633
(-0.9, 0.5, 0.1)02451685
(-0.9, 0.5, 0.1)02451737
(-0.9, 0.5, 0.1)02451787
(-0.9, 0.5, 0.1)02451837
(-0.9, 0.5, 0.1)02451887
(-0.9, 0.5, 0.1)02451939
(-0.9, 0.5, 0.1)02451991
(-0.9, 0.5, 0.1)02452042
(-0.9, 0.5, 0.1)02452093
(-0.9, 0.5, 0.1)02452143
(-0.9, 0.5, 0.1)02452195
(-0.9, 0.5, 0.1)02452247
(-0.9, 0.5, 0.1)02452297
(-0.9, 0.5, 0.1)02452348
(-0.9, 0.5, 0.1)02452400
(-0.9, 0.5, 0.1)02452450
(-0.9, 0.5, 0.1)02452502
(-0.9, 0.5, 0.1)02452552
(-0.9, 0.5, 0.1)02452602
(-0.9, 0.5, 0.1)02452653
(-0.9, 0.5, 0.1)02452704
(-0.9, 0.5, 0.1)02452754
(-0.9, 0.5, 0.1)02452804
(-0.9, 0.5, 0.1)02452856
(-0.9, 0.5, 0.1)02452909
(-0.9, 0.5, 0.1)02452959
(-0.9, 0.5, 0.1)02453010
(-0.9, 0.5, 0.1)02453062
(-0.9, 0.5, 0.1)02453112
(-0.9, 0.5, 0.1)02453163
(-0.9, 0.5, 0.1)02453214
(-0.9, 0.5, 0.1)02453264
(-0.9, 0.5, 0.1)02453316
(-0.9, 0.5, 0.1)02453366
(-0.9, 0.5, 0.1)02453416
(-0.9, 0.5, 0.1)02453467
(-0.9, 0.5, 0.1)02453518
(-0.9, 0.5, 0.1)02453568
(-0.9, 0.5, 0.1)02453619
(-0.9, 0.5, 0.1)02453669
(-0.9, 0.5, 0.1)02453722
(-0.9, 0.5, 0.1)02453772
(-0.9, 0.5, 0.1)02453822
(-0.9, 0.5, 0.1)02453874
(-0.9, 0.5, 0.1)02453925
(-0.9, 0.5, 0.1)02453975
(-0.9, 0.5, 0.1)02454027
(-0.9, 0.5, 0.1)02454077
(-0.9, 0.5, 0.1)02454128
(-0.9, 0.5, 0.1)02454178
(-0.9, 0.5, 0.1)02454229
(-0.9, 0.5, 0.1)02454280
(-0.9, 0.5, 0.1)02454331
(-0.9, 0.5, 0.1)02454382
(-0.9, 0.5, 0.1)02454432
(-0.9, 0.5, 0.1)02454483
(-0.9, 0.5, 0.1)02454534
(-0.9, 0.5, 0.1)02454584
(-0.9, 0.5, 0.1)02454636
(-0.9, 0.5, 0.1)02454687
(-0.9, 0.5, 0.1)02454738
(-0.9, 0.5, 0.1)02454788
(-0.9, 0.5, 0.1)02454839
(-0.9, 0.5, 0.1)02454889
(-0.9, 0.5, 0.1)02454940
(-0.9, 0.5, 0.1)02454993
(-0.9, 0.5, 0.1)02455044
(-0.9, 0.5, 0.1)02455094
(-0.9, 0.5, 0.1)02455145
(-0.9, 0.5, 0.1)02455195
(-0.9, 0.5, 0.1)02455247
(-0.9, 0.5, 0.1)02455298
(-0.9, 0.5, 0.1)02455348
(-0.9, 0.5, 0.1)02455399
(-0.9, 0.5, 0.1)02455451
(-0.9, 0.5, 0.1)02455503
(-0.9, 0.5, 0.1)02455554
(-0.9, 0.5, 0.1)02455604
(-0.9, 0.5, 0.1)02455657
(-0.9, 0.5, 0.1)02455707
(-0.9, 0.5, 0.1)02455759
(-0.9, -0.4, -0.1)02455811
(-0.8, -0.5, 0.2)02455863
(-0.9, -0.5, 0.2)02455914
(-0.8, -0.6, 0.3)02455967
(-0.8, -0.5, -0.2)02460017
(-0.6, -0.6, -0.6)02460068
(-0.6, -0.6, -0.5)02460120
(-0.6, -0.6, -0.5)02460170
(-0.6, -0.6, -0.5)02460221
(-0.6, -0.6, -0.5)02460271
(-0.6, -0.6, -0.5)02460322
(-0.6, -0.6, -0.5)02460372
(-0.6, -0.6, -0.5)02460423
(-0.6, -0.6, -0.5)02460475
(-0.6, -0.6, -0.5)02460525
(-0.6, -0.6, -0.5)02460575
(-0.6, -0.6, -0.5)02460629
(-0.6, -0.6, -0.5)02460680
(-0.6, -0.6, -0.5)02460731
(-0.6, -0.6, -0.5)02460782
(-0.6, -0.6, -0.5)02460833
(-0.6, -0.6, -0.5)02460884
(-0.6, -0.6, -0.5)02460935
(-0.6, -0.6, -0.5)02460986
(-0.6, -0.6, -0.5)02461036
(-0.6, -0.6, -0.5)02461087
(-0.6, -0.6, -0.5)02461138
(-0.6, -0.6, -0.5)02461188
(-0.6, -0.6, -0.5)02461239
(-0.6, -0.6, -0.5)02461291
(-0.6, -0.6, -0.5)02461341
(-0.6, -0.6, -0.5)02461392
(-0.6, -0.6, -0.5)02461446
(-0.6, -0.6, -0.5)02461496
(-0.6, -0.6, -0.5)02461547
(-0.6, -0.6, -0.5)02461597
(-0.6, -0.6, -0.5)02461648
(-0.6, -0.6, -0.5)02461699
(-0.6, -0.6, -0.5)02461750
(-0.6, -0.6, -0.5)02461802
(-0.6, -0.6, -0.5)02461852
(-0.6, -0.6, -0.5)02461902
(-0.6, -0.6, -0.5)02461955
(-0.6, -0.6, -0.5)02462005
(-0.6, -0.6, -0.5)02462056
(-0.6, -0.6, -0.5)02462107
(-0.6, -0.6, -0.5)02462158
(-0.6, -0.6, -0.5)02462209
(-0.6, -0.6, -0.5)02462259
(-0.6, -0.6, -0.5)02462309
(-0.6, -0.6, -0.5)02462359
(-0.6, -0.6, -0.5)02462411
(-0.6, -0.6, -0.5)02462462
(-0.6, -0.6, -0.5)02462513
(-0.6, -0.6, -0.5)02462563
(-0.6, -0.6, -0.5)02462613
(-0.6, -0.6, -0.5)02462665
(-0.6, -0.6, -0.5)02462715
(-0.6, -0.6, -0.5)02462766
(-0.6, -0.6, -0.5)02462818
(-0.6, -0.6, -0.5)02462868
(-0.6, -0.6, -0.5)02462920
(-0.6, -0.6, -0.5)02462974
(-0.6, -0.6, -0.5)02463024
(-0.6, -0.6, -0.5)02463075
(-0.6, -0.6, -0.5)02463126
(-0.6, -0.6, -0.5)02463177
(-0.6, -0.6, -0.5)02463227
(-0.6, -0.6, -0.5)02463277
(-0.6, -0.6, -0.5)02463327
(-0.6, -0.6, -0.5)02463378
(-0.6, -0.6, -0.5)02463428
(-0.6, -0.6, -0.5)02463478
(-0.6, -0.6, -0.5)02463529
(-0.6, -0.6, -0.5)02463580
(-0.6, -0.6, -0.5)02463632
(-0.6, -0.6, -0.5)02463683
(-0.6, -0.6, -0.5)02463733
(-0.6, -0.6, -0.5)02463784
(-0.6, -0.6, -0.5)02463835
(-0.6, -0.6, -0.5)02463887
(-0.6, -0.6, -0.5)02463938
(-0.6, -0.6, -0.5)02463988
(-0.6, -0.6, -0.5)02464039
(-0.6, -0.6, -0.5)02464090
(-0.6, -0.6, -0.5)02464142
(-0.6, -0.6, -0.5)02464193
(-0.6, -0.6, -0.5)02464244
(-0.6, -0.6, -0.5)02464294
(-0.6, -0.6, -0.5)02464347
(-0.6, -0.6, -0.5)02464396
(-0.6, -0.6, -0.5)02464447
(-0.6, -0.6, -0.5)02464499
(-0.6, -0.6, -0.5)02464549
(-0.6, -0.6, -0.5)02464600
(-0.6, -0.6, -0.5)02464651
(-0.6, -0.6, -0.5)02464701
(-0.6, -0.6, -0.5)02464752
(-0.6, -0.6, -0.5)02464803
(-0.6, -0.6, -0.5)02464854
(-0.6, -0.6, -0.5)02464904
(-0.6, -0.6, -0.5)02464955
(-0.6, -0.6, -0.5)02465006
(-0.6, -0.6, -0.5)02465057
(-0.6, -0.6, -0.5)02465107
(-0.6, -0.6, -0.5)02465158
(-0.6, -0.6, -0.5)02465208
(-0.6, -0.6, -0.5)02465260
(-0.6, -0.6, -0.5)02465311
(-0.6, -0.6, -0.5)02465361
(-0.6, -0.6, -0.5)02465412
(-0.6, -0.6, -0.5)02465463
(-0.6, -0.6, -0.5)02465513
(-0.6, -0.6, -0.5)02465564
(-0.6, -0.6, -0.5)02465615
(-0.6, -0.6, -0.5)02465666
(-0.6, -0.6, -0.5)02465716
(-0.6, -0.6, -0.5)02465766
(-0.6, -0.6, -0.5)02465817
(-0.6, -0.6, -0.5)02465868
(-0.6, -0.6, -0.5)02465918
(-0.6, -0.6, -0.5)02465969
(-0.6, -0.6, -0.5)02470020
(-0.6, -0.6, -0.5)02470071
(-0.6, -0.6, -0.5)02470121
(-0.6, -0.6, -0.5)02470174
(-0.6, -0.6, -0.5)02470223
(-0.6, -0.6, -0.5)02470273
(-0.6, -0.6, -0.5)02470326
(-0.6, -0.6, -0.5)02470376
(-0.6, -0.6, -0.5)02470427
(-0.6, -0.6, -0.5)02470478
(-0.6, -0.6, -0.5)02470530
(-0.6, -0.6, -0.5)02470579
(-0.6, -0.6, -0.5)02470631
(-0.6, -0.6, -0.5)02470682
(-0.6, -0.6, -0.5)02470732
(-0.6, -0.6, -0.5)02470783
(-0.6, -0.6, -0.5)02470833
(-0.6, -0.6, -0.5)02470885
(-0.6, -0.6, -0.5)02470936
(-0.6, -0.6, -0.5)02470987
(-0.6, -0.6, -0.5)02471037
(-0.6, -0.6, -0.5)02471087
(-0.6, -0.6, -0.5)02471138
(-0.6, -0.6, -0.5)02471189
(-0.6, -0.6, -0.5)02471238
(-0.6, -0.6, -0.5)02471289
(-0.6, -0.6, -0.5)02471341
(-0.6, -0.6, -0.5)02471391
(-0.6, -0.6, -0.5)02471442
(-0.6, -0.6, -0.5)02471492
(-0.6, -0.6, -0.5)02471542
(-0.6, -0.6, -0.5)02471593
(-0.6, -0.6, -0.5)02471643
(-0.6, -0.6, -0.5)02471694
(-0.6, -0.6, -0.5)02471745
(-0.6, -0.6, -0.5)02471795
(-0.6, -0.6, -0.5)02471846
(-0.6, -0.6, -0.5)02471896
(-0.6, -0.6, -0.5)02471946
(-0.6, -0.6, -0.5)02471998
(-0.6, -0.6, -0.5)02472048
(-0.6, -0.6, -0.5)02472098
(-0.6, -0.6, -0.5)02472149
(-0.6, -0.6, -0.5)02472199
(-0.6, -0.6, -0.5)02472250
(-0.6, -0.6, -0.5)02472302
(-0.6, -0.6, -0.5)02472353
(-0.6, -0.6, -0.5)02472403
(-0.6, -0.6, -0.5)02472453
(-0.6, -0.6, -0.5)02472505
(-0.6, -0.6, -0.5)02472555
(-0.6, -0.6, -0.5)02472606
(-0.6, -0.6, -0.5)02472656
(-0.6, -0.6, -0.5)02472707
(-0.6, -0.6, -0.5)02472758
(-0.6, -0.6, -0.5)02472811
(-0.6, -0.6, -0.5)02472861
(-0.6, -0.6, -0.5)02472911
(-0.6, -0.6, -0.5)02472964
(-0.6, -0.6, -0.5)02473014
(-0.6, -0.6, -0.5)02473065
(-0.6, -0.6, -0.5)02473116
(-0.6, -0.6, -0.5)02473166
(-0.6, -0.6, -0.5)02473216
(-0.6, -0.6, -0.5)02473267
(-0.6, -0.6, -0.5)02473318
(-0.6, -0.6, -0.5)02473368
(-0.6, -0.6, -0.5)02473419
(-0.6, -0.6, -0.5)02473471
(-0.6, -0.6, -0.5)02473520
(-0.6, -0.6, -0.5)02473570
(-0.6, -0.6, -0.5)02473621
(-0.6, -0.6, -0.5)02473672
(-0.6, -0.6, -0.5)02473723
(-0.6, -0.6, -0.5)02473774
(-0.6, -0.6, -0.5)02473824
(-0.6, -0.6, -0.5)02473875
(-0.6, -0.6, -0.5)02473925
(-0.6, -0.6, -0.5)02473978
(-0.6, -0.6, -0.5)02474027
(-0.6, -0.6, -0.5)02474077
(-0.6, -0.6, -0.5)02474133
(-0.6, -0.6, -0.5)02474183
(-0.6, -0.6, -0.5)02474233
(-0.6, -0.6, -0.5)02474283
(-0.6, -0.6, -0.5)02474336
(-0.6, -0.6, -0.5)02474387
(-0.6, -0.6, -0.5)02474438
(-0.6, -0.6, -0.5)02474489
(-0.6, -0.6, -0.5)02474541
(-0.6, -0.6, -0.5)02474591
(-0.6, -0.6, -0.5)02474646
(-0.6, -0.6, -0.5)02474695
(-0.6, -0.6, -0.5)02474746
(-0.6, -0.6, -0.5)02474797
(-0.6, -0.6, -0.5)02474847
(-0.6, -0.6, -0.5)02474898
(-0.6, -0.6, -0.5)02474948
(-0.6, -0.6, -0.5)02475000
(-0.6, -0.6, -0.5)02475050
(-0.6, -0.6, -0.5)02475101
(-0.6, -0.6, -0.5)02475154
(-0.6, -0.6, -0.5)02475204
(-0.6, -0.6, -0.5)02475254
(-0.6, -0.6, -0.5)02475307
(-0.6, -0.6, -0.5)02475356
(-0.6, -0.6, -0.5)02475407
(-0.6, -0.6, -0.5)02475457
(-0.6, -0.6, -0.5)02475508
(-0.6, -0.6, -0.5)02475559
(-0.6, -0.6, -0.5)02475609
(-0.6, -0.6, -0.5)02475660
(-0.6, -0.6, -0.5)02475711
(-0.6, -0.6, -0.5)02475761
(-0.6, -0.6, -0.5)02475812
(-0.6, -0.6, -0.5)02475862
(-0.6, -0.6, -0.5)02475914
(-0.6, -0.6, -0.5)02475965
(-0.6, -0.6, -0.5)02480016
(-0.6, -0.6, -0.5)02480066
(-0.6, -0.6, -0.5)02480116
(-0.6, -0.6, -0.5)02480167
(-0.6, -0.6, -0.5)02480217
(-0.6, -0.6, -0.5)02480268
(-0.6, -0.6, -0.5)02480319
(-0.6, -0.6, -0.5)02480370
(-0.6, -0.6, -0.5)02480421
(-0.6, -0.6, -0.5)02480472
(-0.6, -0.6, -0.5)02480522
(-0.6, -0.6, -0.5)02480573
(-0.6, -0.6, -0.5)02480623
(-0.6, -0.6, -0.5)02480673
(-0.6, -0.6, -0.5)02480724
(-0.6, -0.6, -0.5)02480778
(-0.6, -0.6, -0.5)02480827
(-0.6, -0.6, -0.5)02480877
(-0.6, -0.6, -0.5)02480928
(-0.6, -0.6, -0.5)02480980
(-0.6, -0.6, -0.5)02481030
(-0.6, -0.6, -0.5)02481080
(-0.6, -0.6, -0.5)02481133
(-0.6, -0.6, -0.5)02481183
(-0.6, -0.6, -0.5)02481234
(-0.6, -0.6, -0.5)02481286
(-0.6, -0.6, -0.5)02481337
(-0.6, -0.6, -0.5)02481389
(-0.6, -0.6, -0.5)02481440
(-0.6, -0.6, -0.5)02481490
(-0.6, -0.6, -0.5)02481541
(-0.6, -0.6, -0.5)02481591
(-0.6, -0.6, -0.5)02481646
(-0.6, -0.6, -0.5)02481697
(-0.6, -0.6, -0.5)02481749
(-0.6, -0.6, -0.5)02481800
(-0.6, -0.6, -0.5)02481850
(-0.6, -0.6, -0.5)02481901
(-0.6, -0.6, -0.5)02481952
(-0.6, -0.6, -0.5)02482003
(-0.6, -0.6, -0.5)02482054
(-0.6, -0.6, -0.5)02482105
(-0.6, -0.6, -0.5)02482155
(-0.6, -0.6, -0.5)02482206
(-0.6, -0.6, -0.5)02482258
(-0.6, -0.6, -0.5)02482309
(-0.6, -0.6, -0.5)02482360
(-0.6, -0.6, -0.5)02482411
(-0.6, -0.6, -0.5)02482462
(-0.6, -0.6, -0.5)02482512
(-0.6, -0.6, -0.5)02482562
(-0.6, -0.6, -0.5)02482612
(-0.6, -0.6, -0.5)02482663
(-0.6, -0.6, -0.5)02482714
(-0.6, -0.6, -0.5)02482765
(-0.6, -0.6, -0.5)02482818
(-0.6, -0.6, -0.5)02482869
(-0.6, -0.6, -0.5)02482919
(-0.6, -0.6, -0.5)02482973
(-0.6, -0.6, -0.5)02483022
(-0.6, -0.6, -0.5)02483073
(-0.6, -0.6, -0.5)02483123
(-0.6, -0.6, -0.5)02483174
(-0.6, -0.6, -0.5)02483224
(-0.6, -0.6, -0.5)02483275
(-0.6, -0.6, -0.5)02483326
(-0.6, -0.6, -0.5)02483376
(-0.6, -0.6, -0.5)02483426
(-0.6, -0.6, -0.5)02483479
(-0.6, -0.6, -0.5)02483528
(-0.6, -0.6, -0.5)02483579
(-0.6, -0.6, -0.5)02483631
(-0.6, -0.6, -0.5)02483681
(-0.6, -0.6, -0.5)02483732
(-0.6, -0.6, -0.5)02483783
(-0.6, -0.6, -0.5)02483833
(-0.6, -0.6, -0.5)02483884
(-0.6, -0.6, -0.5)02483934
(-0.6, -0.6, -0.5)02483984
(-0.6, -0.6, -0.5)02484034
(-0.6, -0.6, -0.5)02484085
(-0.6, -0.6, -0.5)02484136
(-0.6, -0.6, -0.5)02484186
(-0.6, -0.6, -0.5)02484237
(-0.6, -0.6, -0.5)02484291
(-0.6, -0.6, -0.5)02484341
(-0.6, -0.6, -0.5)02484392
(-0.6, -0.6, -0.5)02484443
(-0.6, -0.6, -0.5)02484493
(-0.6, -0.6, -0.5)02484543
(-0.6, -0.6, -0.5)02484596
(-0.6, -0.6, -0.5)02484646
(-0.6, -0.6, -0.5)02484697
(-0.6, -0.6, -0.5)02484747
(-0.6, -0.6, -0.5)02484798
(-0.6, -0.6, -0.5)02484848
(-0.6, -0.6, -0.5)02484898
(-0.6, -0.6, -0.5)02484949
(-0.6, -0.6, -0.5)02484999
(-0.6, -0.6, -0.5)02485049
(-0.6, -0.6, -0.5)02485101
(-0.6, -0.6, -0.5)02485152
(-0.6, -0.6, -0.5)02485203
(-0.6, -0.6, -0.5)02485258
(-0.6, -0.6, -0.5)02485308
(-0.6, -0.6, -0.5)02485359
(-0.6, -0.6, -0.5)02485410
(-0.6, -0.6, -0.5)02485461
(-0.6, -0.6, -0.5)02485511
(-0.6, -0.6, -0.5)02485563
(-0.6, -0.6, -0.5)02485614
(-0.6, -0.6, -0.5)02485665
(-0.6, -0.6, -0.5)02485715
(-0.6, -0.6, -0.5)02485765
(-0.6, -0.6, -0.5)02485816
(-0.6, -0.6, -0.5)02485866
(-0.6, -0.6, -0.5)02485919
(-0.6, -0.6, -0.5)02485970
(-0.6, -0.6, -0.5)02490020
(-0.6, -0.6, -0.5)02490070
(-0.6, -0.6, -0.5)02490121
(-0.6, -0.6, -0.5)02490171
(-0.6, -0.6, -0.5)02490222
(-0.6, -0.6, -0.5)02490273
(-0.6, -0.6, -0.5)02490324
(-0.6, -0.6, -0.5)02490374
(-0.6, -0.6, -0.5)02490426
(-0.6, -0.6, -0.5)02490476
(-0.6, -0.6, -0.5)02490528
(-0.6, -0.6, -0.5)02490580
(-0.6, -0.6, -0.5)02490631
(-0.6, -0.6, -0.5)02490682
(-0.6, -0.6, -0.5)02490735
(-0.6, -0.6, -0.5)02490785
(-0.6, -0.6, -0.5)02490836
(-0.6, -0.6, -0.5)02490887
(-0.6, -0.6, -0.5)02490938
(-0.6, -0.6, -0.5)02490989
(-0.6, -0.6, -0.5)02491039
(-0.6, -0.6, -0.5)02491089
(-0.6, -0.6, -0.5)02491140
(-0.6, -0.6, -0.5)02491191
(-0.6, -0.6, -0.5)02491242
(-0.6, -0.6, -0.5)02491293
(-0.6, -0.6, -0.5)02491344
(-0.6, -0.6, -0.5)02491394
(-0.6, -0.6, -0.5)02491445
(-0.6, -0.6, -0.5)02491496
(-0.6, -0.6, -0.5)02491546
(-0.6, -0.6, -0.5)02491596
(-0.6, -0.6, -0.5)02491647
(-0.6, -0.6, -0.5)02491697
(-0.6, -0.6, -0.5)02491748
(-0.6, -0.6, -0.5)02491798
(-0.6, -0.6, -0.5)02491850
(-0.6, -0.6, -0.5)02491901
(-0.6, -0.6, -0.5)02491951
(-0.6, -0.6, -0.5)02492002
(-0.6, -0.6, -0.5)02492053
(-0.6, -0.6, -0.5)02492104
(-0.6, -0.6, -0.5)02492154
(-0.6, -0.6, -0.5)02492205
(-0.6, -0.6, -0.5)02492256
(-0.6, -0.6, -0.5)02492306
(-0.6, -0.6, -0.5)02492357
(-0.6, -0.6, -0.5)02492408
(-0.6, -0.6, -0.5)02492458
(-0.6, -0.6, -0.5)02492509
(-0.6, -0.6, -0.5)02492561
(-0.6, -0.6, -0.5)02492611
(-0.6, -0.6, -0.5)02492662
(-0.6, -0.6, -0.5)02492715
(-0.6, -0.6, -0.5)02492765
(-0.6, -0.6, -0.5)02492816
(-0.6, -0.6, -0.5)02492867
(-0.6, -0.6, -0.5)02492917
(-0.6, -0.6, -0.5)02492967
(-0.6, -0.6, -0.5)02493019
(-0.6, -0.6, -0.5)02493069
(-0.6, -0.6, -0.5)02493120
(-0.6, -0.6, -0.5)02493171
(-0.6, -0.6, -0.5)02493222
(-0.6, -0.6, -0.5)02493273
(-0.6, -0.6, -0.5)02493323
(-0.6, -0.6, -0.5)02493374
(-0.6, -0.6, -0.5)02493424
(-0.6, -0.6, -0.5)02493475
(-0.6, -0.6, -0.5)02493527
(-0.6, -0.6, -0.5)02493577
(-0.6, -0.6, -0.5)02493627
(-0.6, -0.6, -0.5)02493679
(-0.6, -0.6, -0.5)02493730
(-0.6, -0.6, -0.5)02493781
(-0.6, -0.6, -0.5)02493832
(-0.6, -0.6, -0.5)02493882
(-0.6, -0.6, -0.5)02493932
(-0.6, -0.6, -0.5)02493983
(-0.6, -0.6, -0.5)02494036
(-0.6, -0.6, -0.5)02494086
(-0.6, -0.6, -0.5)02494137
(-0.6, -0.6, -0.5)02494191
(-0.6, -0.6, -0.5)02494241
(-0.6, -0.6, -0.5)02494291
(-0.6, -0.6, -0.5)02494343
(-0.6, -0.6, -0.5)02494394
(-0.6, -0.6, -0.5)02494444
(-0.6, -0.6, -0.5)02494495
(-0.6, -0.6, -0.5)02494545
(-0.6, -0.6, -0.5)02494596
(-0.6, -0.6, -0.5)02494648
(-0.6, -0.6, -0.5)02494698
(-0.6, -0.6, -0.5)02494749
(-0.6, -0.6, -0.5)02494800
(-0.6, -0.6, -0.5)02494852
(-0.6, -0.6, -0.5)02494902
(-0.6, -0.6, -0.5)02494953
(-0.6, -0.6, -0.5)02495004
(-0.6, -0.6, -0.5)02495054
(-0.6, -0.6, -0.5)02495105
(-0.6, -0.6, -0.5)02495155
(-0.6, -0.6, -0.5)02495206
(-0.6, -0.6, -0.5)02495258
(-0.6, -0.6, -0.5)02495309
(-0.6, -0.6, -0.5)02495360
(-0.6, -0.6, -0.5)02495410
(-0.6, -0.6, -0.5)02495462
(-0.6, -0.6, -0.5)02495514
(-0.6, -0.6, -0.5)02495564
(-0.6, -0.6, -0.5)02495614
(-0.6, -0.6, -0.5)02495666
(-0.6, -0.6, -0.5)02495717
(-0.6, -0.6, -0.5)02495767
(-0.6, -0.6, -0.5)02495818
(-0.6, -0.6, -0.5)02495868
(-0.6, -0.6, -0.5)02495919
(-0.6, -0.6, -0.5)02495970
(-0.6, -0.6, -0.5)02500020
(-0.6, -0.6, -0.5)02500070
(-0.6, -0.6, -0.5)02500121
(-0.6, -0.6, -0.5)02500171
(-0.6, -0.6, -0.5)02500221
(-0.6, -0.6, -0.5)02500273
(-0.6, -0.6, -0.5)02500325
(-0.6, -0.6, -0.5)02500375
(-0.6, -0.6, -0.5)02500425
(-0.6, -0.6, -0.5)02500476
(-0.6, -0.6, -0.5)02500526
(-0.6, -0.6, -0.5)02500576
(-0.6, -0.6, -0.5)02500628
(-0.6, -0.6, -0.5)02500679
(-0.6, -0.6, -0.5)02500729
(-0.6, -0.6, -0.5)02500780
(-0.6, -0.6, -0.5)02500834
(-0.6, -0.6, -0.5)02500884
(-0.6, -0.6, -0.5)02500934
(-0.6, -0.6, -0.5)02500985
(-0.6, -0.6, -0.5)02501036
(-0.6, -0.6, -0.5)02501086
(-0.6, -0.6, -0.5)02501136
(-0.6, -0.6, -0.5)02501187
(-0.6, -0.6, -0.5)02501238
(-0.6, -0.6, -0.5)02501288
(-0.6, -0.6, -0.5)02501339
(-0.6, -0.6, -0.5)02501390
(-0.6, -0.6, -0.5)02501442
(-0.6, -0.6, -0.5)02501493
(-0.6, -0.6, -0.5)02501542
(-0.6, -0.6, -0.5)02501593
(-0.6, -0.6, -0.5)02501646
(-0.6, -0.6, -0.5)02501696
(-0.6, -0.6, -0.5)02501747
(-0.6, -0.6, -0.5)02501798
(-0.6, -0.6, -0.5)02501850
(-0.6, -0.6, -0.5)02501901
(-0.6, -0.6, -0.5)02501952
(-0.6, -0.6, -0.5)02502002
(-0.6, -0.6, -0.5)02502053
(-0.6, -0.6, -0.5)02502103
(-0.6, -0.6, -0.5)02502154
(-0.6, -0.6, -0.5)02502205
(-0.6, -0.6, -0.5)02502255
(-0.6, -0.6, -0.5)02502306
(-0.6, -0.6, -0.5)02502356
(-0.6, -0.6, -0.5)02502407
(-0.6, -0.6, -0.5)02502459
(-0.6, -0.6, -0.5)02502509
(-0.6, -0.6, -0.5)02502560
(-0.6, -0.6, -0.5)02502610
(-0.6, -0.6, -0.5)02502660
(-0.6, -0.6, -0.5)02502711
(-0.6, -0.6, -0.5)02502762
(-0.6, -0.6, -0.5)02502813
(-0.6, -0.6, -0.5)02502864
(-0.6, -0.6, -0.5)02502914
(-0.6, -0.6, -0.5)02502965
(-0.6, -0.6, -0.5)02503016
(-0.6, -0.6, -0.5)02503066
(-0.6, -0.6, -0.5)02503120
(-0.6, -0.6, -0.5)02503170
(-0.6, -0.6, -0.5)02503220
(-0.6, -0.6, -0.5)02503271
(-0.6, -0.6, -0.5)02503321
(-0.6, -0.6, -0.5)02503372
(-0.6, -0.6, -0.5)02503424
(-0.6, -0.6, -0.5)02503474
(-0.6, -0.6, -0.5)02503525
(-0.6, -0.6, -0.5)02503576
(-0.6, -0.6, -0.5)02503627
(-0.6, -0.6, -0.5)02503678
(-0.6, -0.6, -0.5)02503728
(-0.6, -0.6, -0.5)02503779
(-0.6, -0.6, -0.5)02503829
(-0.6, -0.6, -0.5)02503880
(-0.6, -0.6, -0.5)02503931
(-0.6, -0.6, -0.5)02503981
(-0.6, -0.6, -0.5)02504032
(-0.6, -0.6, -0.5)02504082
(-0.6, -0.6, -0.5)02504133
(-0.6, -0.6, -0.5)02504183
(-0.6, -0.6, -0.5)02504233
(-0.6, -0.6, -0.5)02504283
(-0.6, -0.6, -0.5)02504336
(-0.6, -0.6, -0.5)02504387
(-0.6, -0.6, -0.5)02504438
(-0.6, -0.6, -0.5)02504495
(-0.6, -0.6, -0.5)02504545
(-0.6, -0.6, -0.5)02504596
(-0.6, -0.6, -0.5)02504647
(-0.6, -0.6, -0.5)02504700
(-0.6, -0.6, -0.5)02504750
(-0.6, -0.6, -0.5)02504801
(-0.6, -0.6, -0.5)02504854
(-0.6, -0.6, -0.5)02504904
(-0.6, -0.6, -0.5)02504954
(-0.6, -0.6, -0.5)02505004
(-0.6, -0.6, -0.5)02505056
(-0.6, -0.6, -0.5)02505107
(-0.6, -0.6, -0.5)02505158
(-0.6, -0.6, -0.5)02505210
(-0.6, -0.6, -0.5)02505261
(-0.6, -0.6, -0.5)02505311
(-0.6, -0.6, -0.5)02505363
(-0.6, -0.6, -0.5)02505417
(-0.6, -0.6, -0.5)02505466
(-0.6, -0.6, -0.5)02505517
(-0.6, -0.6, -0.5)02505568
(-0.6, -0.6, -0.5)02505618
(-0.6, -0.6, -0.5)02505669
(-0.6, -0.6, -0.5)02505719
(-0.6, -0.6, -0.5)02505772
(-0.6, -0.6, -0.5)02505821
(-0.6, -0.6, -0.5)02505873
(-0.6, -0.6, -0.5)02505927
(-0.6, -0.6, -0.5)02505977
(-0.6, -0.6, -0.5)02510027
(-0.6, -0.6, -0.5)02510078
(-0.6, -0.6, -0.5)02510129
(-0.6, -0.6, -0.5)02510179
(-0.6, -0.6, -0.5)02510230
(-0.6, -0.6, -0.5)02510281
(-0.6, -0.6, -0.5)02510332
(-0.6, -0.6, -0.5)02510382
(-0.6, -0.6, -0.5)02510432
(-0.6, -0.6, -0.5)02510482
(-0.6, -0.6, -0.5)02510534
(-0.6, -0.6, -0.5)02510585
(-0.6, -0.6, -0.5)02510636
(-0.6, -0.6, -0.5)02510686
(-0.6, -0.6, -0.5)02510739
(-0.6, -0.6, -0.5)02510790
(-0.6, -0.6, -0.5)02510840
(-0.6, -0.6, -0.5)02510890
(-0.6, -0.6, -0.5)02510946
(-0.6, -0.6, -0.5)02510996
(-0.6, -0.6, -0.5)02511046
(-0.6, -0.6, -0.5)02511097
(-0.6, -0.6, -0.5)02511148
(-0.6, -0.6, -0.5)02511199
(-0.6, -0.6, -0.5)02511249
(-0.6, -0.6, -0.5)02511299
(-0.6, -0.6, -0.5)02511350
(-0.6, -0.6, -0.5)02511401
(-0.6, -0.6, -0.5)02511452
(-0.6, -0.6, -0.5)02511502
(-0.6, -0.6, -0.5)02511553
(-0.6, -0.6, -0.5)02511607
(-0.6, -0.6, -0.5)02511657
(-0.6, -0.6, -0.5)02511708
(-0.6, -0.6, -0.5)02511758
(-0.6, -0.6, -0.5)02511809
(-0.6, -0.6, -0.5)02511861
(-0.6, -0.6, -0.5)02511912
(-0.6, -0.6, -0.5)02511963
(-0.6, -0.6, -0.5)02512014
(-0.6, -0.6, -0.5)02512065
(-0.6, -0.6, -0.5)02512116
(-0.6, -0.6, -0.5)02512167
(-0.6, -0.6, -0.5)02512218
(-0.6, -0.6, -0.5)02512270
(-0.6, -0.6, -0.5)02512320
(-0.6, -0.6, -0.5)02512371
(-0.6, -0.6, -0.5)02512423
(-0.6, -0.6, -0.5)02512473
(-0.6, -0.6, -0.5)02512525
(-0.6, -0.6, -0.5)02512575
(-0.6, -0.6, -0.5)02512625
(-0.6, -0.6, -0.5)02512676
(-0.6, -0.6, -0.5)02512726
(-0.6, -0.6, -0.5)02512776
(-0.6, -0.6, -0.5)02512827
(-0.6, -0.6, -0.5)02512877
(-0.6, -0.6, -0.5)02512928
(-0.6, -0.6, -0.5)02512979
(-0.6, -0.6, -0.5)02513029
(-0.6, -0.6, -0.5)02513081
(-0.6, -0.6, -0.5)02513132
(-0.6, -0.6, -0.5)02513183
(-0.6, -0.6, -0.5)02513234
(-0.6, -0.6, -0.5)02513284
(-0.6, -0.6, -0.5)02513335
(-0.6, -0.6, -0.5)02513385
(-0.6, -0.6, -0.5)02513436
(-0.6, -0.6, -0.5)02513487
(-0.6, -0.6, -0.5)02513539
(-0.6, -0.6, -0.5)02513590
(-0.6, -0.6, -0.5)02513640
(-0.6, -0.6, -0.5)02513691
(-0.6, -0.6, -0.5)02513741
(-0.6, -0.6, -0.5)02513792
(-0.6, -0.6, -0.5)02513842
(-0.6, -0.6, -0.5)02513895
(-0.6, -0.6, -0.5)02513946
(-0.6, -0.6, -0.5)02513996
(-0.6, -0.6, -0.5)02514047
(-0.6, -0.6, -0.5)02514097
(-0.6, -0.6, -0.5)02514148
(-0.6, -0.6, -0.5)02514198
(-0.6, -0.6, -0.5)02514249
(-0.6, -0.6, -0.5)02514300
(-0.6, -0.6, -0.5)02514350
(-0.6, -0.6, -0.5)02514402
(-0.6, -0.6, -0.5)02514452
(-0.6, -0.6, -0.5)02514502
(-0.6, -0.6, -0.5)02514554
(-0.6, -0.6, -0.5)02514604
(-0.6, -0.6, -0.5)02514654
(-0.6, -0.6, -0.5)02514707
(-0.6, -0.6, -0.5)02514757
(-0.6, -0.6, -0.5)02514808
(-0.6, -0.6, -0.5)02514859
(-0.6, -0.6, -0.5)02514909
(-0.6, -0.6, -0.5)02514961
(-0.6, -0.6, -0.5)02515012
(-0.6, -0.6, -0.5)02515063
(-0.6, -0.6, -0.5)02515113
(-0.6, -0.6, -0.5)02515164
(-0.6, -0.6, -0.5)02515215
(-0.6, -0.6, -0.5)02515265
(-0.6, -0.6, -0.5)02515315
(-0.6, -0.6, -0.5)02515367
(-0.6, -0.6, -0.5)02515417
(-0.6, -0.6, -0.5)02515468
(-0.6, -0.6, -0.5)02515519
(-0.6, -0.6, -0.5)02515569
(-0.6, -0.6, -0.5)02515620
(-0.6, -0.6, -0.5)02515671
(-0.6, -0.6, -0.5)02515721
(-0.6, -0.6, -0.5)02515771
(-0.6, -0.6, -0.5)02515822
(-0.6, -0.6, -0.5)02515873
(-0.6, -0.6, -0.5)02515923
(-0.6, -0.6, -0.5)02515974
(-0.6, -0.6, -0.5)02520025
(-0.6, -0.6, -0.5)02520076
(-0.6, -0.6, -0.5)02520127
(-0.6, -0.6, -0.5)02520179
(-0.6, -0.6, -0.5)02520230
(-0.6, -0.6, -0.5)02520280
(-0.6, -0.6, -0.5)02520330
(-0.6, -0.6, -0.5)02520381
(-0.6, -0.6, -0.5)02520431
(-0.6, -0.6, -0.5)02520482
(-0.6, -0.6, -0.5)02520532
(-0.6, -0.6, -0.5)02520583
(-0.6, -0.6, -0.5)02520635
(-0.6, -0.6, -0.5)02520686
(-0.6, -0.6, -0.5)02520736
(-0.6, -0.6, -0.5)02520786
(-0.6, -0.6, -0.5)02520837
(-0.6, -0.6, -0.5)02520887
(-0.6, -0.6, -0.5)02520937
(-0.6, -0.6, -0.5)02520988
(-0.6, -0.6, -0.5)02521040
(-0.6, -0.6, -0.5)02521091
(-0.6, -0.6, -0.5)02521141
(-0.6, -0.6, -0.5)02521191
(-0.6, -0.6, -0.5)02521242
(-0.6, -0.6, -0.5)02521293
(-0.6, -0.6, -0.5)02521345
(-0.6, -0.6, -0.5)02521396
(-0.6, -0.6, -0.5)02521446
(-0.6, -0.6, -0.5)02521500
(-0.6, -0.6, -0.5)02521549
(-0.6, -0.6, -0.5)02521600
(-0.6, -0.6, -0.5)02521651
(-0.6, -0.6, -0.5)02521701
(-0.6, -0.6, -0.5)02521752
(-0.6, -0.6, -0.5)02521802
(-0.6, -0.6, -0.5)02521854
(-0.6, -0.6, -0.5)02521905
(-0.6, -0.6, -0.5)02521955
(-0.6, -0.6, -0.5)02522005
(-0.6, -0.6, -0.5)02522055
(-0.6, -0.6, -0.5)02522106
(-0.6, -0.6, -0.5)02522159
(-0.6, -0.6, -0.5)02522208
(-0.6, -0.6, -0.5)02522259
(-0.6, -0.6, -0.5)02522309
(-0.6, -0.6, -0.5)02522361
(-0.6, -0.6, -0.5)02522412
(-0.6, -0.6, -0.5)02522462
(-0.6, -0.6, -0.5)02522514
(-0.6, -0.6, -0.5)02522564
(-0.6, -0.6, -0.5)02522614
(-0.6, -0.6, -0.5)02522667
(-0.6, -0.6, -0.5)02522717
(-0.6, -0.6, -0.5)02522768
(-0.6, -0.6, -0.5)02522818
(-0.6, -0.6, -0.5)02522870
(-0.6, -0.6, -0.5)02522920
(-0.6, -0.6, -0.5)02522971
(-0.6, -0.6, -0.5)02523026
(-0.6, -0.6, -0.5)02523075
(-0.6, -0.6, -0.5)02523126
(-0.6, -0.6, -0.5)02523177
(-0.6, -0.6, -0.5)02523228
(-0.6, -0.6, -0.5)02523278
(-0.6, -0.6, -0.5)02523329
(-0.6, -0.6, -0.5)02523381
(-0.6, -0.6, -0.5)02523430
(-0.6, -0.6, -0.5)02523481
(-0.6, -0.6, -0.5)02523535
(-0.6, -0.6, -0.5)02523584
(-0.6, -0.6, -0.5)02523634
(-0.6, -0.6, -0.5)02523687
(-0.6, -0.6, -0.5)02523737
(-0.6, -0.6, -0.5)02523787
(-0.6, -0.6, -0.5)02523839
(-0.6, -0.6, -0.5)02523890
(-0.6, -0.6, -0.5)02523941
(-0.6, -0.6, -0.5)02523992
(-0.6, -0.6, -0.5)02524045
(-0.6, -0.6, -0.5)02524096
(-0.6, -0.6, -0.5)02524146
(-0.6, -0.6, -0.5)02524199
(-0.6, -0.6, -0.5)02524249
(-0.6, -0.6, -0.5)02524299
(-0.6, -0.6, -0.5)02524349
(-0.6, -0.6, -0.5)02524400
(-0.6, -0.6, -0.5)02524451
(-0.6, -0.6, -0.5)02524501
(-0.6, -0.6, -0.5)02524552
(-0.6, -0.6, -0.5)02524602
(-0.6, -0.6, -0.5)02524653
(-0.6, -0.6, -0.5)02524705
(-0.6, -0.6, -0.5)02524755
(-0.6, -0.6, -0.5)02524806
(-0.6, -0.6, -0.5)02524857
(-0.6, -0.6, -0.5)02524908
(-0.6, -0.6, -0.5)02524959
(-0.6, -0.6, -0.5)02525011
(-0.6, -0.6, -0.5)02525062
(-0.6, -0.6, -0.5)02525112
(-0.6, -0.6, -0.5)02525163
(-0.6, -0.6, -0.5)02525216
(-0.6, -0.6, -0.5)02525265
(-0.6, -0.6, -0.5)02525315
(-0.6, -0.6, -0.5)02525367
(-0.6, -0.6, -0.5)02525417
(-0.6, -0.6, -0.5)02525468
(-0.6, -0.6, -0.5)02525519
(-0.6, -0.6, -0.5)02525570
(-0.6, -0.6, -0.5)02525620
(-0.6, -0.6, -0.5)02525671
(-0.6, -0.6, -0.5)02525725
(-0.6, -0.6, -0.5)02525775
(-0.6, -0.6, -0.5)02525825
(-0.6, -0.6, -0.5)02525877
(-0.6, -0.6, -0.5)02525928
(-0.6, -0.6, -0.5)02525978
(-0.6, -0.6, -0.5)02530029
(-0.6, -0.6, -0.5)02530079
(-0.6, -0.6, -0.5)02530130
(-0.6, -0.6, -0.5)02530181
(-0.6, -0.6, -0.5)02530231
(-0.6, -0.6, -0.5)02530282
(-0.6, -0.6, -0.5)02530332
(-0.6, -0.6, -0.5)02530383
(-0.6, -0.6, -0.5)02530433
(-0.6, -0.6, -0.5)02530484
(-0.6, -0.6, -0.5)02530534
(-0.6, -0.6, -0.5)02530584
(-0.6, -0.6, -0.5)02530636
(-0.6, -0.6, -0.5)02530686
(-0.6, -0.6, -0.5)02530738
(-0.6, -0.6, -0.5)02530788
(-0.6, -0.6, -0.5)02530838
(-0.6, -0.6, -0.5)02530891
(-0.6, -0.6, -0.5)02530941
(-0.6, -0.6, -0.5)02530991
(-0.6, -0.6, -0.5)02531046
(-0.6, -0.6, -0.5)02531096
(-0.6, -0.6, -0.5)02531147
(-0.6, -0.6, -0.5)02531198
(-0.6, -0.6, -0.5)02531248
(-0.6, -0.6, -0.5)02531299
(-0.6, -0.6, -0.5)02531349
(-0.6, -0.6, -0.5)02531401
(-0.6, -0.6, -0.5)02531452
(-0.6, -0.6, -0.5)02531502
(-0.6, -0.6, -0.5)02531554
(-0.6, -0.6, -0.5)02531604
(-0.6, -0.6, -0.5)02531654
(-0.6, -0.6, -0.5)02531705
(-0.6, -0.6, -0.5)02531756
(-0.6, -0.6, -0.5)02531806
(-0.6, -0.6, -0.5)02531858
(-0.6, -0.6, -0.5)02531909
(-0.6, -0.6, -0.5)02531962
(-0.6, -0.6, -0.5)02532012
(-0.6, -0.6, -0.5)02532063
(-0.6, -0.6, -0.5)02532114
(-0.6, -0.6, -0.5)02532165
(-0.6, -0.6, -0.5)02532215
(-0.6, -0.6, -0.5)02532265
(-0.6, -0.6, -0.5)02532316
(-0.6, -0.6, -0.5)02532366
(-0.6, -0.6, -0.5)02532417
(-0.6, -0.6, -0.5)02532468
(-0.6, -0.6, -0.5)02532520
(-0.6, -0.6, -0.5)02532569
(-0.6, -0.6, -0.5)02532621
(-0.6, -0.6, -0.5)02532673
(-0.6, -0.6, -0.5)02532724
(-0.6, -0.6, -0.5)02532774
(-0.6, -0.6, -0.5)02532825
(-0.6, -0.6, -0.5)02532876
(-0.6, -0.6, -0.5)02532927
(-0.6, -0.6, -0.5)02532978
(-0.6, -0.6, -0.5)02533029
(-0.6, -0.6, -0.5)02533080
(-0.6, -0.6, -0.5)02533130
(-0.6, -0.6, -0.5)02533180
(-0.6, -0.6, -0.5)02533231
(-0.6, -0.6, -0.5)02533282
(-0.6, -0.6, -0.5)02533335
(-0.6, -0.6, -0.5)02533385
(-0.6, -0.6, -0.5)02533435
(-0.6, -0.6, -0.5)02533487
(-0.6, -0.6, -0.5)02533537
(-0.6, -0.6, -0.5)02533587
(-0.6, -0.6, -0.5)02533638
(-0.6, -0.6, -0.5)02533688
(-0.6, -0.6, -0.5)02533739
(-0.6, -0.6, -0.5)02533790
(-0.6, -0.6, -0.5)02533840
(-0.6, -0.6, -0.5)02533890
(-0.6, -0.6, -0.5)02533941
(-0.6, -0.6, -0.5)02533991
(-0.6, -0.6, -0.5)02534042
(-0.6, -0.6, -0.5)02534092
(-0.6, -0.6, -0.5)02534145
(-0.6, -0.6, -0.5)02534196
(-0.6, -0.6, -0.5)02534246
(-0.6, -0.6, -0.5)02534297
(-0.6, -0.6, -0.5)02534347
(-0.6, -0.6, -0.5)02534398
(-0.6, -0.6, -0.5)02534449
(-0.6, -0.6, -0.5)02534500
(-0.6, -0.6, -0.5)02534550
(-0.6, -0.6, -0.5)02534601
(-0.6, -0.6, -0.5)02534652
(-0.6, -0.6, -0.5)02534703
(-0.6, -0.6, -0.5)02534753
(-0.6, -0.6, -0.5)02534803
(-0.6, -0.6, -0.5)02534853
(-0.6, -0.6, -0.5)02534904
(-0.6, -0.6, -0.5)02534955
(-0.6, -0.6, -0.5)02535004
(-0.6, -0.6, -0.5)02535054
(-0.6, -0.6, -0.5)02535105
(-0.6, -0.6, -0.5)02535156
(-0.6, -0.6, -0.5)02535206
(-0.6, -0.6, -0.5)02535256
(-0.6, -0.6, -0.5)02535307
(-0.6, -0.6, -0.5)02535358
(-0.6, -0.6, -0.5)02535409
(-0.6, -0.6, -0.5)02535461
(-0.6, -0.6, -0.5)02535511
(-0.6, -0.6, -0.5)02535563
(-0.6, -0.6, -0.5)02535615
(-0.6, -0.6, -0.5)02535665
(-0.6, -0.6, -0.5)02535716
(-0.6, -0.6, -0.5)02535766
(-0.6, -0.6, -0.5)02535817
(-0.6, -0.6, -0.5)02535867
(-0.6, -0.6, -0.5)02535918
(-0.6, -0.6, -0.5)02535969
(-0.6, -0.6, -0.5)02540019
(-0.6, -0.6, -0.5)02540070
(0.0, -0.6, -0.8)02540122
(0.2, -0.6, -0.7)02540172
(0.2, -0.6, -0.7)02540223
(0.2, -0.6, -0.7)02540277
(0.2, -0.6, -0.7)02540327
(0.2, -0.6, -0.7)02540378
(0.2, -0.6, -0.7)02540429
(0.2, -0.6, -0.7)02540480
(0.2, -0.6, -0.7)02540531
(0.2, -0.6, -0.7)02540581
(0.2, -0.6, -0.7)02540632
(0.2, -0.6, -0.7)02540682
(0.2, -0.6, -0.7)02540733
(0.2, -0.6, -0.7)02540783
(0.2, -0.6, -0.7)02540834
(0.2, -0.6, -0.7)02540885
(0.2, -0.6, -0.7)02540936
(0.2, -0.6, -0.7)02540986
(0.2, -0.6, -0.7)02541036
(0.2, -0.6, -0.7)02541088
(0.2, -0.6, -0.7)02541138
(0.2, -0.6, -0.7)02541189
(0.2, -0.6, -0.7)02541239
(0.2, -0.6, -0.7)02541289
(0.2, -0.6, -0.7)02541341
(0.2, -0.6, -0.7)02541391
(0.2, -0.6, -0.7)02541443
(0.2, -0.6, -0.7)02541493
(0.2, -0.6, -0.7)02541545
(0.2, -0.6, -0.7)02541598
(0.2, -0.6, -0.7)02541648
(0.2, -0.6, -0.7)02541698
(0.2, -0.6, -0.7)02541750
(0.2, -0.6, -0.7)02541800
(0.2, -0.6, -0.7)02541850
(0.2, -0.6, -0.7)02541900
(0.2, -0.6, -0.7)02541950
(0.2, -0.6, -0.7)02542000
(0.2, -0.6, -0.7)02542051
(0.2, -0.6, -0.7)02542101
(0.2, -0.6, -0.7)02542151
(0.2, -0.6, -0.7)02542202
(0.2, -0.6, -0.7)02542254
(0.2, -0.6, -0.7)02542304
(0.2, -0.6, -0.7)02542354
(0.2, -0.6, -0.7)02542407
(0.2, -0.6, -0.7)02542457
(0.2, -0.6, -0.7)02542507
(0.2, -0.6, -0.7)02542558
(0.2, -0.6, -0.7)02542608
(0.2, -0.6, -0.7)02542658
(0.2, -0.6, -0.7)02542709
(0.2, -0.6, -0.7)02542760
(0.2, -0.6, -0.7)02542810
(0.2, -0.6, -0.7)02542862
(0.2, -0.6, -0.7)02542914
(0.2, -0.6, -0.7)02542964
(0.2, -0.6, -0.7)02543015
(0.2, -0.6, -0.7)02543067
(0.2, -0.6, -0.7)02543116
(0.2, -0.6, -0.7)02543167
(0.2, -0.6, -0.7)02543217
(0.2, -0.6, -0.7)02543268
(0.2, -0.6, -0.7)02543318
(0.2, -0.6, -0.7)02543368
(0.2, -0.6, -0.7)02543420
(0.2, -0.6, -0.7)02543471
(0.2, -0.6, -0.7)02543522
(0.2, -0.6, -0.7)02543574
(0.2, -0.6, -0.7)02543624
(0.2, -0.6, -0.7)02543675
(0.2, -0.6, -0.7)02543728
(0.2, -0.6, -0.7)02543778
(0.2, -0.6, -0.7)02543829
(0.2, -0.6, -0.7)02543879
(0.2, -0.6, -0.7)02543930
(0.2, -0.6, -0.7)02543981
(0.2, -0.6, -0.7)02544031
(0.2, -0.6, -0.7)02544082
(0.2, -0.6, -0.7)02544132
(0.2, -0.6, -0.7)02544183
(0.2, -0.6, -0.7)02544236
(0.2, -0.6, -0.7)02544286
(0.2, -0.6, -0.7)02544337
(0.2, -0.6, -0.7)02544388
(0.2, -0.6, -0.7)02544438
(0.2, -0.6, -0.7)02544489
(0.2, -0.6, -0.7)02544541
(0.2, -0.6, -0.7)02544591
(0.2, -0.6, -0.7)02544642
(0.2, -0.6, -0.7)02544693
(0.2, -0.6, -0.7)02544743
(0.2, -0.6, -0.7)02544793
(0.2, -0.6, -0.7)02544844
(0.2, -0.6, -0.7)02544894
(0.2, -0.6, -0.7)02544946
(0.2, -0.6, -0.7)02544996
(0.2, -0.6, -0.7)02545046
(0.2, -0.6, -0.7)02545097
(0.2, -0.6, -0.7)02545147
(0.2, -0.6, -0.7)02545201
(0.2, -0.6, -0.7)02545251
(0.2, -0.6, -0.7)02545301
(0.2, -0.6, -0.7)02545354
(0.2, -0.6, -0.7)02545404
(0.2, -0.6, -0.7)02545454
(0.2, -0.6, -0.7)02545504
(0.2, -0.6, -0.7)02545555
(0.2, -0.6, -0.7)02545605
(0.2, -0.6, -0.7)02545656
(0.2, -0.6, -0.7)02545706
(0.2, -0.6, -0.7)02545756
(0.2, -0.6, -0.7)02545807
(0.2, -0.6, -0.7)02545858
(0.2, -0.6, -0.7)02545908
(0.2, -0.6, -0.7)02545958
(0.2, -0.6, -0.7)02550009
(0.2, -0.6, -0.7)02550059
(0.2, -0.6, -0.7)02550110
(0.2, -0.6, -0.7)02550161
(0.2, -0.6, -0.7)02550211
(0.2, -0.6, -0.7)02550262
(0.2, -0.6, -0.7)02550313
(0.2, -0.6, -0.7)02550364
(0.2, -0.6, -0.7)02550414
(0.2, -0.6, -0.7)02550465
(0.2, -0.6, -0.7)02550517
(0.2, -0.6, -0.7)02550567
(0.2, -0.6, -0.7)02550618
(0.2, -0.6, -0.7)02550670
(0.2, -0.6, -0.7)02550720
(0.2, -0.6, -0.7)02550770
(0.2, -0.6, -0.7)02550821
(0.2, -0.6, -0.7)02550871
(0.2, -0.6, -0.7)02550922
(0.2, -0.6, -0.7)02550972
(0.2, -0.6, -0.7)02551023
(0.2, -0.6, -0.7)02551073
(0.2, -0.6, -0.7)02551123
(0.2, -0.6, -0.7)02551173
(0.2, -0.6, -0.7)02551223
(0.2, -0.6, -0.7)02551274
(0.2, -0.6, -0.7)02551325
(0.2, -0.6, -0.7)02551375
(0.2, -0.6, -0.7)02551426
(0.2, -0.6, -0.7)02551476
(0.2, -0.6, -0.7)02551529
(0.2, -0.6, -0.7)02551578
(0.2, -0.6, -0.7)02551628
(0.2, -0.6, -0.7)02551679
(0.2, -0.6, -0.7)02551729
(0.2, -0.6, -0.7)02551779
(0.2, -0.6, -0.7)02551830
(0.2, -0.6, -0.7)02551880
(0.2, -0.6, -0.7)02551931
(0.2, -0.6, -0.7)02551981
(0.2, -0.6, -0.7)02552032
(0.2, -0.6, -0.7)02552082
(0.2, -0.6, -0.7)02552133
(0.2, -0.6, -0.7)02552184
(0.2, -0.6, -0.7)02552234
(0.2, -0.6, -0.7)02552284
(0.2, -0.6, -0.7)02552336
(0.2, -0.6, -0.7)02552386
(0.2, -0.6, -0.7)02552437
(0.2, -0.6, -0.7)02552487
(0.2, -0.6, -0.7)02552537
(0.2, -0.6, -0.7)02552587
(0.2, -0.6, -0.7)02552637
(0.2, -0.6, -0.7)02552688
(0.2, -0.6, -0.7)02552738
(0.2, -0.6, -0.7)02552789
(0.2, -0.6, -0.7)02552840
(0.2, -0.6, -0.7)02552890
(0.2, -0.6, -0.7)02552941
(0.2, -0.6, -0.7)02552993
(0.2, -0.6, -0.7)02553044
(0.2, -0.6, -0.7)02553094
(0.2, -0.6, -0.7)02553146
(0.2, -0.6, -0.7)02553196
(0.2, -0.6, -0.7)02553246
(0.2, -0.6, -0.7)02553297
(0.2, -0.6, -0.7)02553347
(0.2, -0.6, -0.7)02553398
(0.2, -0.6, -0.7)02553448
(0.2, -0.6, -0.7)02553498
(0.2, -0.6, -0.7)02553549
(0.2, -0.6, -0.7)02553599
(0.2, -0.6, -0.7)02553651
(0.2, -0.6, -0.7)02553701
(0.2, -0.6, -0.7)02553751
(0.2, -0.6, -0.7)02553805
(0.2, -0.6, -0.7)02553855
(0.2, -0.6, -0.7)02553905
(0.2, -0.6, -0.7)02553956
(0.2, -0.6, -0.7)02554006
(0.2, -0.6, -0.7)02554057
(0.2, -0.6, -0.7)02554107
(0.2, -0.6, -0.7)02554157
(0.2, -0.6, -0.7)02554208
(0.2, -0.6, -0.7)02554258
(0.2, -0.6, -0.7)02554309
(0.2, -0.6, -0.7)02554359
(0.2, -0.6, -0.7)02554409
(0.2, -0.6, -0.7)02554462
(0.2, -0.6, -0.7)02554511
(0.2, -0.6, -0.7)02554562
(0.2, -0.6, -0.7)02554614
(0.2, -0.6, -0.7)02554664
(0.2, -0.6, -0.7)02554714
(0.2, -0.6, -0.7)02554764
(0.2, -0.6, -0.7)02554816
(0.2, -0.6, -0.7)02554867
(0.2, -0.6, -0.7)02554917
(0.2, -0.6, -0.7)02554969
(0.2, -0.6, -0.7)02555018
(0.2, -0.6, -0.7)02555069
(0.2, -0.6, -0.7)02555119
(0.2, -0.6, -0.7)02555169
(0.2, -0.6, -0.7)02555220
(0.2, -0.6, -0.7)02555272
(0.2, -0.6, -0.7)02555322
(0.2, -0.6, -0.7)02555372
(0.2, -0.6, -0.7)02555423
(0.2, -0.6, -0.7)02555474
(0.2, -0.6, -0.7)02555525
(0.2, -0.6, -0.7)02555576
(0.2, -0.6, -0.7)02555627
(0.2, -0.6, -0.7)02555677
(0.2, -0.6, -0.7)02555729
(0.2, -0.6, -0.7)02555781
(0.2, -0.6, -0.7)02555831
(0.2, -0.6, -0.7)02555882
(0.2, -0.6, -0.7)02555932
(0.2, -0.6, -0.7)02555984
(0.2, -0.6, -0.7)02560034
(0.2, -0.6, -0.7)02560084
(0.2, -0.6, -0.7)02560135
(0.2, -0.6, -0.7)02560185
(0.2, -0.6, -0.7)02560235
(0.2, -0.6, -0.7)02560286
(0.2, -0.6, -0.7)02560336
(0.2, -0.6, -0.7)02560388
(0.2, -0.6, -0.7)02560440
(0.2, -0.6, -0.7)02560489
(0.2, -0.6, -0.7)02560540
(0.2, -0.6, -0.7)02560590
(0.2, -0.6, -0.7)02560640
(0.2, -0.6, -0.7)02560691
(0.2, -0.6, -0.7)02560742
(0.2, -0.6, -0.7)02560793
(0.2, -0.6, -0.7)02560843
(0.2, -0.6, -0.7)02560893
(0.2, -0.6, -0.7)02560944
(0.2, -0.6, -0.7)02560995
(0.2, -0.6, -0.7)02561046
(0.2, -0.6, -0.7)02561097
(0.2, -0.6, -0.7)02561147
(0.2, -0.6, -0.7)02561198
(0.2, -0.6, -0.7)02561249
(0.2, -0.6, -0.7)02561299
(0.2, -0.6, -0.7)02561350
(0.2, -0.6, -0.7)02561403
(0.2, -0.6, -0.7)02561453
(0.2, -0.6, -0.7)02561503
(0.2, -0.6, -0.7)02561553
(0.2, -0.6, -0.7)02561603
(0.2, -0.6, -0.7)02561654
(0.2, -0.6, -0.7)02561704
(0.2, -0.6, -0.7)02561754
(0.2, -0.6, -0.7)02561805
(0.2, -0.6, -0.7)02561856
(0.2, -0.6, -0.7)02561906
(0.2, -0.6, -0.7)02561956
(0.2, -0.6, -0.7)02562007
(0.2, -0.6, -0.7)02562057
(0.2, -0.6, -0.7)02562107
(0.2, -0.6, -0.7)02562158
(0.2, -0.6, -0.7)02562208
(0.2, -0.6, -0.7)02562259
(0.2, -0.6, -0.7)02562311
(0.2, -0.6, -0.7)02562361
(0.2, -0.6, -0.7)02562412
(0.2, -0.6, -0.7)02562462
(0.2, -0.6, -0.7)02562513
(0.2, -0.6, -0.7)02562564
(0.2, -0.6, -0.7)02562614
(0.2, -0.6, -0.7)02562665
(0.2, -0.6, -0.7)02562717
(0.2, -0.6, -0.7)02562767
(0.2, -0.6, -0.7)02562817
(0.2, -0.6, -0.7)02562869
(0.2, -0.6, -0.7)02562919
(0.2, -0.6, -0.7)02562971
(0.2, -0.6, -0.7)02563023
(0.2, -0.6, -0.7)02563073
(0.2, -0.6, -0.7)02563124
(0.2, -0.6, -0.7)02563174
(0.2, -0.6, -0.7)02563225
(0.2, -0.6, -0.7)02563275
(0.2, -0.6, -0.7)02563326
(0.2, -0.6, -0.7)02563376
(0.2, -0.6, -0.7)02563427
(0.2, -0.6, -0.7)02563477
(0.2, -0.6, -0.7)02563527
(0.2, -0.6, -0.7)02563578
(0.2, -0.6, -0.7)02563628
(0.2, -0.6, -0.7)02563679
(0.2, -0.6, -0.7)02563729
(0.2, -0.6, -0.7)02563780
(0.2, -0.6, -0.7)02563831
(0.2, -0.6, -0.7)02563880
(0.2, -0.6, -0.7)02563931
(0.2, -0.6, -0.7)02563981
(0.2, -0.6, -0.7)02564031
(0.2, -0.6, -0.7)02564082
(0.2, -0.6, -0.7)02564132
(0.2, -0.6, -0.7)02564184
(0.2, -0.6, -0.7)02564235
(0.2, -0.6, -0.7)02564285
(0.2, -0.6, -0.7)02564337
(0.2, -0.6, -0.7)02564387
(0.2, -0.6, -0.7)02564438
(0.2, -0.6, -0.7)02564489
(0.2, -0.6, -0.7)02564539
(0.2, -0.6, -0.7)02564590
(0.2, -0.6, -0.7)02564641
(0.2, -0.6, -0.7)02564690
(0.2, -0.6, -0.7)02564741
(0.2, -0.6, -0.7)02564791
(0.2, -0.6, -0.7)02564842
(0.2, -0.6, -0.7)02564892
(0.2, -0.6, -0.7)02564942
(0.2, -0.6, -0.7)02564993
(0.2, -0.6, -0.7)02565043
(0.2, -0.6, -0.7)02565094
(0.2, -0.6, -0.7)02565146
(0.2, -0.6, -0.7)02565196
(0.2, -0.6, -0.7)02565248
(0.2, -0.6, -0.7)02565299
(0.2, -0.6, -0.7)02565349
(0.2, -0.6, -0.7)02565399
(0.2, -0.6, -0.7)02565453
(0.2, -0.6, -0.7)02565502
(0.2, -0.6, -0.7)02565553
(0.2, -0.6, -0.7)02565603
(0.2, -0.6, -0.7)02565653
(0.2, -0.6, -0.7)02565704
(0.2, -0.6, -0.7)02565754
(0.2, -0.6, -0.7)02565805
(0.2, -0.6, -0.7)02565855
(0.2, -0.6, -0.7)02565906
(0.2, -0.6, -0.7)02565956
(0.2, -0.6, -0.7)02570006
(0.2, -0.6, -0.7)02570056
(0.2, -0.6, -0.7)02570107
(0.2, -0.6, -0.7)02570157
(0.2, -0.6, -0.7)02570208
(0.2, -0.6, -0.7)02570260
(0.2, -0.6, -0.7)02570310
(0.2, -0.6, -0.7)02570360
(0.2, -0.6, -0.7)02570411
(0.2, -0.6, -0.7)02570462
(0.2, -0.6, -0.7)02570512
(0.2, -0.6, -0.7)02570563
(0.2, -0.6, -0.7)02570613
(0.2, -0.6, -0.7)02570664
(0.2, -0.6, -0.7)02570715
(0.2, -0.6, -0.7)02570766
(0.2, -0.6, -0.7)02570817
(0.2, -0.6, -0.7)02570867
(0.2, -0.6, -0.7)02570922
(0.2, -0.6, -0.7)02570972
(0.2, -0.6, -0.7)02571022
(0.2, -0.6, -0.7)02571074
(0.2, -0.6, -0.7)02571125
(0.2, -0.6, -0.7)02571175
(0.2, -0.6, -0.7)02571226
(0.2, -0.6, -0.7)02571276
(0.2, -0.6, -0.7)02571326
(0.2, -0.6, -0.7)02571377
(0.2, -0.6, -0.7)02571427
(0.2, -0.6, -0.7)02571478
(0.2, -0.6, -0.7)02571528
(0.2, -0.6, -0.7)02571579
(0.2, -0.6, -0.7)02571629
(0.2, -0.6, -0.7)02571680
(0.2, -0.6, -0.7)02571731
(0.2, -0.6, -0.7)02571781
(0.2, -0.6, -0.7)02571832
(0.2, -0.6, -0.7)02571883
(0.2, -0.6, -0.7)02571932
(0.2, -0.6, -0.7)02571982
(0.2, -0.6, -0.7)02572033
(0.2, -0.6, -0.7)02572084
(0.2, -0.6, -0.7)02572134
(0.2, -0.6, -0.7)02572184
(0.2, -0.6, -0.7)02572235
(0.2, -0.6, -0.7)02572286
(0.2, -0.6, -0.7)02572337
(0.2, -0.6, -0.7)02572388
(0.2, -0.6, -0.7)02572438
(0.2, -0.6, -0.7)02572488
(0.2, -0.6, -0.7)02572539
(0.2, -0.6, -0.7)02572589
(0.2, -0.6, -0.7)02572639
(0.2, -0.6, -0.7)02572690
(0.2, -0.6, -0.7)02572741
(0.2, -0.6, -0.7)02572792
(0.2, -0.6, -0.7)02572842
(0.2, -0.6, -0.7)02572893
(0.2, -0.6, -0.7)02572944
(0.2, -0.6, -0.7)02572994
(0.2, -0.6, -0.7)02573046
(0.2, -0.6, -0.7)02573096
(0.2, -0.6, -0.7)02573147
(0.2, -0.6, -0.7)02573200
(0.2, -0.6, -0.7)02573250
(0.2, -0.6, -0.7)02573301
(0.2, -0.6, -0.7)02573352
(0.2, -0.6, -0.7)02573402
(0.2, -0.6, -0.7)02573454
(0.2, -0.6, -0.7)02573504
(0.2, -0.6, -0.7)02573554
(0.2, -0.6, -0.7)02573605
(0.2, -0.6, -0.7)02573655
(0.2, -0.6, -0.7)02573707
(0.2, -0.6, -0.7)02573758
(0.2, -0.6, -0.7)02573809
(0.2, -0.6, -0.7)02573862
(0.2, -0.6, -0.7)02573913
(0.2, -0.6, -0.7)02573963
(0.2, -0.6, -0.7)02574014
(0.2, -0.6, -0.7)02574065
(0.2, -0.6, -0.7)02574115
(0.2, -0.6, -0.7)02574166
(0.2, -0.6, -0.7)02574218
(0.2, -0.6, -0.7)02574268
(0.2, -0.6, -0.7)02574320
(0.2, -0.6, -0.7)02574371
(0.2, -0.6, -0.7)02574422
(0.2, -0.6, -0.7)02574472
(0.2, -0.6, 