(-0.9, 0.0, -0.4)08064837
(-0.9, 0.0, -0.5)08064888
(-0.7, 0.1, -0.7)08064939
(-0.7, 0.1, -0.7)08064989
(-0.7, 0.1, -0.7)08065039
(-0.5, 0.2, -0.8)08065090
(-0.2, -0.2, -1.0)08065140
(-0.4, -0.9, 0.0)08065191
(-0.5, -0.9, 0.2)08065241
(-0.5, -0.9, 0.2)08065293
(-0.5, -0.9, 0.2)08065344
(-0.5, -0.9, 0.2)08065394
(-0.5, -0.9, 0.2)08065444
(-0.5, -0.9, 0.2)08065494
(-0.5, -0.9, 0.2)08065545
(-0.5, -0.9, 0.2)08065595
(-0.6, -0.7, -0.2)08065646
(-0.6, -0.6, -0.5)08065696
(-0.4, -0.6, -0.7)08065747
(-0.3, -0.6, -0.7)08065797
(-0.3, -0.6, -0.7)08065848
(-0.3, -0.6, -0.8)08065899
(-0.3, -0.6, -0.8)08065950
(-0.3, -0.6, -0.8)08070000
(-0.3, -0.6, -0.8)08070051
(-0.3, -0.6, -0.8)08070102
(-0.3, -0.7, -0.7)08070152
(-0.3, -0.7, -0.7)08070204
(-0.3, -0.7, -0.7)08070254
(-0.3, -0.7, -0.7)08070305
(-0.3, -0.7, -0.7)08070355
(-0.3, -0.6, -0.7)08070406
(-0.3, -0.6, -0.7)08070457
(-0.3, -0.6, -0.7)08070507
(-0.3, -0.6, -0.7)08070558
(-0.2, -0.6, -0.7)08070608
(-0.5, -0.8, -0.4)08070660
(-0