(-0.2, -0.6, -0.8)08101525
(0.0, -0.6, -0.8)08101575
(0.3, -0.5, -0.8)08101626
(0.3, -0.5, -0.8)08101676
(0.3, -0.5, -0.8)08101727
(0.3, -0.5, -0.8)08101776
(0.3, -0.5, -0.8)08101827
(0.3, -0.5, -0.8)08101877
(0.3, -0.5, -0.8)08101928
(0.3, -0.5, -0.8)08101980
(0.3, -0.5, -0.8)08102030
(0.3, -0.5, -0.8)08102081
(0.3, -0.5, -0.8)08102132
(0.3, -0.5, -0.8)08102183
(0.3, -0.5, -0.8)08102233
(0.3, -0.5, -0.8)08102283
(0.3, -0.5, -0.8)08102334
(0.3, -0.5, -0.8)08102384
(0.3, -0.5, -0.8)08102434
(0.3, -0.5, -0.8)08102485
(0.3, -0.4, -0.9)08102536
(0.2, -0.4, -0.9)08102587
(0.2, -0.4, -0.9)08102638
(0.2, -0.4, -0.9)08102689
(0.2, -0.4, -0.9)08102739
(0.2, -0.4, -0.9)08102790
(-0.1, -0.3, -0.9)08102841
(-0.2, -0.3, -0.9)08102891
(-0.3, -0.3, -0.9)08102942
(-0.3, -0.3, -0.9)08102993
(-0.4, -0.3, -0.9)08103043
(-0.5, -0.3, -0.8)08103096
(-0.6, -0.2, -0.8)08103146
(-0.6, -0.2, -0.8)08103197
(-0.6, -0.2, -0.8)08103248
(-0.6, -0.2, -0.8)08103299
(-0.6, -0.2, -0.8)08103351
(-0.6, -0.2, -0.8)08103400
(-0.7, -0.2, -0.7)08103451
(-0.7, -0.1, -0.7)08103501
(-0.7, -0.1, -0.7)08103551
(-0.7, -0.1, -0.7)08103602
(-0.7, -0.1, -0.7)08103653
(-0.7, -0.1, -0.7)08103704
(-0.7, -0.1, -0.7)08103755
(-0.7, -0.1, -0.7)08103806
(-0.7, -0.1, -0.7)08103857
(-0.6, -0.1, -0.8)08103911
(-0.6, -0.1, -0.8)08103961
(-0.6, -0.1, -0.8)08104012
(-0.6, -0.1, -0.8)08104062
(-0.6, -0.1, -0.8)08104112
(-0.6, -0.1, -0.8)08104163
(-0.6, -0.1, -0.8)08104214
(-0.6, -0.1, -0.8)08104265
(-0.6, -0.1, -0.8)08104315
(-0.6, -0.1, -0.8)08104366
(-0.6, -0.1, -0.8)08104416
(-0.5, -0.5, -0.7)08104469
(-0.1, -0.5, -0.9)08104518
(-0.1, -0.5, -0.9)08104569
(0.8, -0.3, -0.4)08104619
(0.9, 0.0, 0.4)08104670
(1.0, 0.1, 0.3)08104720
(1.0, 0.1, 0.2)08104770
(1.0, 0.0, 0.1)08104820
(0.7, -0.3, -0.7)08104872
(0.7, -0.5, -0.5)08104922
(0.8, -0.5, -0.5)08104972
(0.8, -0.5, -0.5)08105023
(0.8, -0.4, -0.4)08105074
(0.8, -0.4, -0.4)08105124
(0.9, 0.3, 0.1)08105174
(0.9, 0.3, -0.2)08105225
(0.9, 0.3, -0.3)08105277