(-0.9, 0.0, -0.3)08113379
(-0.8, 0.0, -0.6)08113429
(-0.4, 0.2, -0.9)08113480
(-0.4, 0.2, -0.9)08113531
(-0.4, 0.2, -0.9)08113582
(-0.4, 0.2, -0.9)08113633
(-0.4, 0.2, -0.9)08113684
(-0.2, -0.4, -0.9)08113734
(-0.2, -0.5, -0.9)08113785
(-0.2, -0.5, -0.9)08113838
(-0.2, -0.4, -0.9)08113889
(-0.2, -0.4, -0.9)08113939
(-0.2, -0.3, -0.9)08113990
(-0.2, -0.3, -0.9)08114040
(-0.2, -0.3, -0.9)08114092
(-0.2, -0.3, -0.9)08114142
(-0.2, -0.3, -0.9)08114192
(-0.2, -0.3, -0.9)08114243
(-0.2, -0.3, -0.9)08114294
(-0.2, -0.3, -0.9)08114345
(-0.4, -0.3, -0.9)08114395
(-0.5, -0.2, -0.8)08114445
(-0.6, -0.2, -0.8)08114496
(-0.7, -0.1, -0.7)08114547
(-0.7, -0.1, -0.7)08114598
(-0.7, -0.1, -0.7)08114649
(-0.7, -0.1, -0.7)08114700
(-0.7, -0.1, -0.7)08114751
(-0.7, -0.1, -0.7)08114801
(-0.7, -0.1, -0.7)08114851
(-0.7, -0.1, -0.7)08114902
(-0.8, -0.1, -0.6)08114953
(-0.8, 0.0, -0.6)08115003
(-0.8, 0.0, -0.6)08115055
(-0.8, 0.0, -0.6)08115105
(-0.8, 0.0, -0.6)08115156
(-0.8, 0.0, -0.6)08115208
(-0.8, 0.0, -0.6)08115258
(-0.8, 0.0, -0.6)08115308
(-0.8, 0.0, -0.6)08115359
(-0.8, 0.0, -0.6)08115410
(-0.8, 0.0, -0.6)08115461
(-0.8, 0.0, -0.6)08115512
(-0.8, 0.0, -0.6)08115563
(-0.8, 0.0, -0.6)08115613
(-0.8, 0.0, -0.6)08115664
(-0.8, 0.0, -0.6)08115715
(-0.8, 0.0, -0.6)08115766
(-0.8, 0.0, -0.6)08115816
(-0.7, 0.0, -0.7)08115868
(-0.6, 0.0, -0.8)08115918
(-0.6, 0.0, -0.8)08115969
(-0.6, 0.0, -0.8)08120020
(-0.6, 0.0, -0.8)08120070
(-0.6, 0.0, -0.8)08120121
(-0.6, 0.0, -0.8)08120171
(-0.6, 0.0, -0.8)08120221
(-0.6, 0.0, -0.8)08120272
(-0.6, 0.0, -0.8)08120323
(-0.6, 0.0, -0.8)08120373
(-0.6, 0.0, -0.8)08120424
(-0.6, 0.0, -0.8)08120475
(-0.6, 0.0, -0.8)08120525
(-0.4, -0.1, -0.9)08120576
(-0.4, -0.1, -0.9)08120626
(-0.2, -0.4, -0.9)08120677
(-0.1, -0.5, -0.9)08120727
(-0.1, -0.5, -0.9)08120777
(-0.1, -0.5, -0.9)08120828
(-0.1, -0.5, -0.9)08120879
(-0.7, -0.3, -0.6)08120931
(-0.6, -0.5, -0.5)08120982
(-0.6, -0.5, -0.5)08121033
(-0.6, -0.5, -0.5)08121083
(-0.6, -0.5, -0.5)08121135
(-0.6, -0.5, -0.5)08121185
(-0.6, -0.5, -0.5)08121235
(-0.6, -0.5, -0.5)08121286
(-0.6, -0.5, -0.5)08121337
(-0.6, -0.5, -0.5)08121388
(-0.6, -0.5, -0.5)08121438
(-0.6, -0.5, -0.5)08121489
(-0.6, -0.5, -0.5)08121541
(-0.6, -0.5, -0.5)08121592
(-0.6, -0.5, -0.5)08121644
(-0.6, -0.5, -0.5)08121695
(-0.6, -0.5, -0.5)08121746
(-0.6, -0.5, -0.5)08121803
(-0.6, -0.5, -0.5)08121854
(-0.6, -0.5, -0.5)08121904
(-0.6, -0.5, -0.5)08121955
(-0.6, -0.5, -0.5)08122005
(-0.6, -0.4, -0.7)08122055
(-0.6, -0.4, -0.7)08122106
(-0.6, -0.4, -0.7)08122157
(-0.6, -0.4, -0.7)08122207
(-0.6, -0.4, -0.7)08122257
(-0.6, -0.4, -0.7)08122308
(-0.6, -0.4, -0.7)08122359
(-0.6, -0.4, -0.7)08122410
(-0.6, -0.4, -0.7)08122460
(-0.6, -0.4, -0.7)08122511
(-0.6, -0.4, -0.7)08122562
(-0.6, -0.4, -0.7)08122613
(-0.6, -0.4, -0.7)08122663
(-0.6, -0.4, -0.7)08122714
(-0.6, -0.4, -0.7)08122764
(-0.6, -0.4, -0.7)08122815
(-0.6, -0.4, -0.7)08122865
(-0.6, -0.4, -0.7)08122915
(-0.6, -0.4, -0.7)08122967
(-0.6, -0.4, -0.7)08123017
(-0.6, -0.4, -0.6)08123072
(-0.6, -0.4, -0.6)08123122
(-0.6, -0.4, -0.6)08123172
(-0.6, -0.4, -0.6)08123223
(-0.6, -0.4, -0.6)08123273
(-0.6, -0.4, -0.6)08123324
(-0.6, -0.4, -0.6)08123375
(-0.6, -0.4, -0.6)08123425
(-0.6, -0.4, -0.6)08123476
(-0.6, -0.4, -0.6)08123527
(-0.6, -0.4, -0.6)08123577
(-0.6, -0.4, -0.6)08123628
(-0.6, -0.4, -0.6)08123679
(-0.6, -0.4, -0.6)08123730
(-0.6, -0.4, -0.6)08123781
(-0.6, -0.4, -0.6)08123831
(-0.6, -0.4, -0.6)08123883
(-0.6, -0.4, -0.6)08123933
(-0.6, -0.4, -0.6)08123984
(-0.6, -0.4, -0.6)08124035
(-0.6, -0.4, -0.6)08124086
(-0.6, -0.4, -0.6)08124137
(-0.6, -0.4, -0.6)08124190
(-0.6, -0.4, -0.6)08124241
(-0.6, -0.4, -0.6)08124292
(-0.6, -0.4, -0.6)08124342
(-0.6, -0.4, -0.6)08124392
(-0.6, -0.4, -0.6)08124444
(-0.6, -0.4, -0.6)08124494
(-0.6, -0.4, -0.6)08124544
(-0.6, -0.4, -0.6)08124595
(-0.6, -0.4, -0.6)08124646
(-0.6, -0.4, -0.6)08124697
(-0.6, -0.4, -0.6)08124748
(-0.6, -0.4, -0.6)08124799
(-0.6, -0.4, -0.6)08124849
(-0.6, -0.4, -0.6)08124900
(-0.6, -0.4, -0.6)08124950
(-0.6, -0.4, -0.6)08125000
(-0.6, -0.4, -0.6)08125051
(-0.6, -0.4, -0.6)08125102
(-0.6, -0.4, -0.6)08125154
(-0.6, -0.4, -0.6)08125205
(-0.6, -0.4, -0.6)08125257
(-0.6, -0.4, -0.6)08125309
(-0.6, -0.4, -0.6)08125359
(-0.6, -0.4, -0.6)08125410
(-0.6, -0.4, -0.6)08125461
(-0.6, -0.4, -0.6)08125511
(-0.6, -0.4, -0.6)08125562
(-0.6, -0.4, -0.6)08125612
(-0.6, -0.4, -0.6)08125663
(-0.6, -0.4, -0.6)08125714
(-0.6, -0.4, -0.6)08125765
(-0.6, -0.4, -0.6)08125816
(-0.6, -0.4, -0.6)08125869
(-0.6, -0.4, -0.6)08125920
(-0.6, -0.4, -0.6)08125970
(-0.6, -0.4, -0.6)08130021
(-0.6, -0.4, -0.6)08130072
(-0.6, -0.4, -0.6)08130122
(-0.6, -0.4, -0.6)08130173
(-0.6, -0.4, -0.6)08130224
(-0.6, -0.4, -0.6)08130275
(-0.6, -0.4, -0.6)08130325
(-0.6, -0.4, -0.6)08130377
(-0.6, -0.4, -0.6)08130430
(-0.6, -0.4, -0.6)08130480
(-0.6, -0.4, -0.6)08130531
(-0.6, -0.4, -0.6)08130582
(-0.6, -0.4, -0.6)08130633
(-0.6, -0.4, -0.6)08130683
(-0.6,