(-0.1, -1.0, -0.2)08181359
(0.0, -1.0, -0.1)08181409
(0.0, -1.0, -0.1)08181460
(-0.1, -1.0, -0.2)08181511
(-0.1, -1.0, -0.2)08181561
(-0.1, -1.0, -0.2)08181612
(0.0, -1.0, 0.0)08181663
(0.0, -1.0, 0.0)08181713
(0.0, -1.0, 0.0)08181764
(0.0, -1.0, 0.0)08181814
(0.0, -1.0, 0.0)08181865
(0.0, -1.0, 0.0)08181915
(0.0, -1.0, 0.0)08181966
(0.0, -1.0, 0.0)08182018
(-0.6, -0.8, 0.0)08182068
(-0.7, -0.7, 0.2)08182118
(-0.8, -0.6, -0.1)08182170
(-0.8, -0.6, -0.2)08182221
(-0.8, -0.6, -0.1)08182271
(-0.8, -0.6, -0.1)08182321
(-0.8, -0.6, 0.1)08182372
(-0.8, -0.6, 0.2)08182423
(-0.8, -0.6, 0.2)08182473
(-0.8, -0.6, 0.2)08182524
(-0.8, -0.6, 0.2)08182576
(-0.8, -0.6, 0.2)08182627
(-0.8, -0.6, 0.2)08182677
(-0.8, -0.6, 0.2)08182728
(-0.8, -0.6, 0.2)08182779
(-0.8, -0.6, 0.2)08182832
(-0.8, -0.6, 0.2)08182882
(-0.8, -0.6, 0.2)08182934
(-0.8, -0.6, 0.2)08182985
(-0.8, -0.6, 0.2)08183035
(-0.8, -0.6, 0.2)08183086
(-0.8, -0.6, 0.2)08183137
(-0.8, -0.6, 0.2)08183187
(-0.8, -0.6, 0.2)08183237