(0.0, -1.0, 0.0)11495222
(0.0, -1.0, 0.0)11495274
(0.0, -1.0, 0.0)11495326
(0.0, -1.0, 0.0)11495377
(0.0, -1.0, 0.0)11495428
(0.0, -1.0, 0.0)11495480
(0.0, -1.0, 0.0)11495531
(0.0, -1.0, 0.0)11495581
(0.0, -1.0, 0.0)11495631
(0.0, -1.0, 0.0)11495683
(0.0, -1.0, 0.0)11495733
(0.0, -1.0, 0.0)11495783
(0.0, -1.0, 0.0)11495834
(0.0, -1.0, 0.0)11495885
(0.0, -1.0, 0.0)11495935
(0.0, -1.0, 0.0)11495985
(0.0, -1.0, 0.0)11500037
(0.0, -1.0, 0.0)11500088
(0.0, -1.0, 0.0)11500138
(0.0, -1.0, 0.0)11500189
(0.0, -1.0, 0.0)11500240
(0.0, -1.0, 0.0)11500290
(0.0, -1.0, 0.0)11500340
(0.0, -1.0, 0.0)11500392
(0.0, -1.0, 0.0)11500444
(0.0, -1.0, 0.0)11500494
(0.0, -1.0, 0.0)11500545
(0.0, -1.0, 0.0)11500597
(0.0, -1.0, 0.0)11500647
(0.0, -1.0, 0.0)11500699
(0.0, -1.0, 0.0)11500749
(0.0, -1.0, 0.0)11500799
(0.0, -1.0, 0.0)11500849
(0.0, -1.0, 0.0)11500899
(0.0, -1.0, 0.0)11500951
(0.0, -1.0, 0.0)11501001
(0.0, -1.0, 0.0)11501053
(0.0, -1.0, 0.0)11501103
(0.0, -1.0, 0.0)11501153
(0.0, -1.0, 0.0)11501203
(0.0, -1.0, 0.0)11501253
(0.0, -1.0, 0.0)11501303
(0.0, -1.0, 0.0)11501353
(0.0, -1.0, 0.0)11501405
(0.0, -1.0, 0.0)11501457
(0.0, -1.0, 0.0)11501507
(0.0, -1.0, 0.0)11501558
(0.0, -1.0, 0.0)11501610
(0.0, -1.0, 0.0)11501662
(0.0, -1.0, 0.0)11501712
(0.0, -1.0, 0.0)11501763
(0.0, -1.0, 0.0)11501815
(0.0, -1.0, 0.0)11501865
(0.0, -1.0, 0.0)11501915
(0.0, -1.0, 0.0)11501969
(0.0, -1.0, 0.0)11502020
(0.0, -1.0, 0.0)11502072
(0.0, -1.0, 0.0)11502124
(0.0, -1.0, 0.0)11502175
(0.0, -1.0, 0.0)11502229
(0.0, -1.0, 0.0)11502282
(0.0, -1.0, 0.0)11502334
(0.0, -1.0, 0.0)11502386
(0.0, -1.0, 0.0)11502436
(0.0, -1.0, 0.0)11502488
(0.0, -1.0, 0.0)11502539
(0.0, -1.0, 0.0)11502589
(0.0, -1.0, 0.0)11502639
(0.0, -1.0, 0.0)11502691
(0.0, -1.0, 0.0)11502741
(0.0, -1.0, 0.0)11502793
(0.0, -1.0, 0.0)11502843
(0.0, -1.0, 0.0)11502893
(0.0, -1.0, 0.0)11502943
(0.0, -1.0, 0.0)11502993
(0.0, -1.0, 0.0)11503046
(0.0, -1.0, 0.0)11503098
(0.0, -1.0, 0.0)11503150
(0.0, -1.0, 0.0)11503201
(0.0, -1.0, 0.0)11503253
(0.0, -1.0, 0.0)11503305
(0.0, -1.0, 0.0)11503357
(0.0, -1.0, 0.0)11503408
(0.0, -1.0, 0.0)11503458
(0.0, -1.0, 0.0)11503508
(0.0, -1.0, 0.0)11503560
(0.0, -1.0, 0.0)11503610
(0.0, -1.0, 0.0)11503662
(0.0, -1.0, 0.0)11503714
(0.0, -1.0, 0.0)11503764
(0.0, -1.0, 0.0)11503815
(0.0, -1.0, 0.0)11503867
(0.0, -1.0, 0.0)11503917
(0.0, -1.0, 0.0)11503969
(0.0, -1.0, 0.0)11504019
(0.0, -1.0, 0.0)11504069
(0.0, -1.0, 0.0)11504121
(0.0, -1.0, 0.0)11504171
(0.0, -1.0, 0.0)11504222
(0.0, -1.0, 0.0)11504273
(0.0, -1.0, 0.0)11504324
(0.0, -1.0, 0.0)11504374
(0.0, -1.0, 0.0)11504426
(0.0, -1.0, 0.0)11504476
(0.0, -1.0, 0.0)11504528
(0.0, -1.0, 0.0)11504578
(0.0, -1.0, 0.0)11504628
(0.0, -1.0, 0.0)11504678
(0.0, -1.0, 0.0)11504728
(0.0, -1.0, 0.0)11504778
(0.0, -1.0, 0.0)11504828
(0.0, -1.0, 0.0)11504880
(0.0, -1.0, 0.0)11504931
(0.0, -1.0, 0.0)11504985
(0.0, -1.0, 0.0)11505038
(0.0, -1.0, 0.0)11505090
(0.0, -1.0, 0.0)11505140
(0.0, -1.0, 0.0)11505190
(0.0, -1.0, 0.0)11505242
(0.0, -1.0, 0.0)11505292
(0.0, -1.0, 0.0)11505342
(0.0, -1.0, 0.0)11505392
(0.0, -1.0, 0.0)11505442
(0.0, -1.0, 0.0)11505494
(0.0, -1.0, 0.0)11505544
(0.0, -1.0, 0.0)11505595
(0.0, -1.0, 0.0)11505647
(0.0, -1.0, 0.0)11505697
(0.0, -1.0, 0.0)11505749
(0.0, -1.0, 0.0)11505801
(0.0, -1.0, 0.0)11505852
(0.0, -1.0, 0.0)11505904
(0.0, -1.0, 0.0)11505954
(0.0, -1.0, 0.0)11510006
(0.0, -1.0, 0.0)11510057
(0.0, -1.0, 0.0)11510108
(0.0, -1.0, 0.0)11510158
(0.0, -1.0, 0.0)11510209
(0.0, -1.0, 0.0)11510259
(0.0, -1.0, 0.0)11510311
(0.0, -1.0, 0.0)11510363
(0.0, -1.0, 0.0)11510413
(0.0, -1.0, 0.0)11510463
(0.0, -1.0, 0.0)11510515
(0.0, -1.0, 0.0)11510565
(0.0, -1.0, 0.0)11510616
(0.0, -1.0, 0.0)11510666
(0.0, -1.0, 0.0)11510716
(0.0, -1.0, 0.0)11510767
(0.0, -1.0, 0.0)11510818
(0.0, -1.0, 0.0)11510870
(0.0, -1.0, 0.0)11510920
(0.0, -1.0, 0.0)11510970
(0.0, -1.0, 0.0)11511020
(0.0, -1.0, 0.0)11511070
(0.0, -1.0, 0.0)11511122
(0.0, -1.0, 0.0)11511172
(0.0, -1.0, 0.0)11511222
(0.0, -1.0, 0.0)11511273
(0.0, -1.0, 0.0)11511324
(0.0, -1.0, 0.0)11511374
(0.0, -1.0, 0.0)11511424
(0.0, -1.0, 0.0)11511474
(0.0, -1.0, 0.0)11511524
(0.0, -1.0, 0.0)11511576
(0.0, -1.0, 0.0)11511627
(0.0, -1.0, 0.0)11511679
(0.0, -1.0, 0.0)11511729
(0.0, -1.0, 0.0)11511781
(0.0, -1.0, 0.0)11511833
(0.0, -1.0, 0.0)11511884
(0.0, -1.0, 0.0)11511935
(0.0, -1.0, 0.0)11511986
(0.0, -1.0, 0.0)11512037
(0.0, -1.0, 0.0)11512088
(0.0, -1.0, 0.0)11512140
(0.0, -1.0, 0.0)11512190
(0.0, -1.0, 0.0)11512242
(0.0, -1.0, 0.0)11512292
(0.0, -1.0, 0.0)11512343
(0.0, -1.0, 0.0)11512395
(0.0, -1.0, 0.0)11512445
(0.0, -1.0, 0.0)11512495
(0.0, -1.0, 0.0)11512547
(0.0, -1.0, 0.0)11512597
(0.0, -1.0, 0.0)11512649
(0.0, -1.0, 0.0)11512699
(0.0, -1.0, 0.0)11512750
(0.0, -1.0, 0.0)11512800
(0.0, -1.0, 0.0)11512852
(0.0, -1.0, 0.0)11512904
(0.0, -1.0, 0.0)11512957
(0.0, -1.0, 0.0)11513011
(0.0, -1.0, 0.0)11513064
(0.0, -1.0, 0.0)11513116
(0.0, -1.0, 0.0)11513168
(0.0, -1.0, 0.0)11513219
(0.0, -1.0, 0.0)11513271
(0.0, -1.0, 0.0)11513322
(0.0, -1.0, 0.0)11513373
(0.0, -1.0, 0.0)11513424
(0.0, -1.0, 0.0)11513474
(0.0, -1.0, 0.0)11513524
(0.0, -1.0, 0.0)11513574
(0.0, -1.0, 0.0)11513626
(0.0, -1.0, 0.0)11513676
(0.0, -1.0, 0.0)11513727
(0.0, -1.0, 0.0)11513778
(0.0, -1.0, 0.0)11513830
(0.0, -1.0, 0.0)11513883
(0.0, -1.0, 0.0)11513933
(0.0, -1.0, 0.0)11513985
(0.0, -1.0, 0.0)11514037
(0.0, -1.0, 0.0)11514088
(0.0, -1.0, 0.0)11514138
(0.0, -1.0, 0.0)11514190
(0.0, -1.0, 0.0)11514240
(0.0, -1.0, 0.0)11514292
(0.0, -1.0, 0.0)11514344
(0.0, -1.0, 0.0)11514395
(0.0, -1.0, 0.0)11514447
(0.0, -1.0, 0.0)11514498
(0.0, -1.0, 0.0)11514548
(0.0, -1.0, 0.0)11514599
(0.0, -1.0, 0.0)11514649
(0.0, -1.0, 0.0)11514700
(0.0, -1.0, 0.0)11514752
(0.0, -1.0, 0.0)11514804
(0.0, -1.0, 0.0)11514854
(0.0, -1.0, 0.0)11514906
(0.0, -1.0, 0.0)11514957
(0.0, -1.0, 0.0)11515009
(0.0, -1.0, 0.0)11515059
(0.0, -1.0, 0.0)11515111
(0.0, -1.0, 0.0)11515161
(0.0, -1.0, 0.0)11515211
(0.0, -1.0, 0.0)11515264
(0.0, -1.0, 0.0)11515316
(0.0, -1.0, 0.0)11515366
(0.0, -1.0, 0.0)11515418
(0.0, -1.0, 0.0)11515468
(0.0, -1.0, 0.0)11515519
(0.0, -1.0, 0.0)11515570
(0.0, -1.0, 0.0)11515621
(0.0, -1.0, 0.0)11515675
(0.0, -1.0, 0.0)11515726
(0.0, -1.0, 0.0)11515778
(0.0, -1.0, 0.0)11515830
(0.0, -1.0, 0.0)11515882
(0.0, -1.0, 0.0)11515935
(0.0, -1.0, 0.0)11515986
(0.0, -1.0, 0.0)11520040
(0.0, -1.0, 0.0)11520090
(0.0, -1.0, 0.0)11520142
(0.0, -1.0, 0.0)11520192
(0.0, -1.0, 0.0)11520242
(0.0, -1.0, 0.0)11520293
(0.0, -1.0, 0.0)11520345
(0.0, -1.0, 0.0)11520397
(0.0, -1.0, 0.0)11520447
(0.0, -1.0, 0.0)11520498
(0.0, -1.0, 0.0)11520549
(0.0, -1.0, 0.0)11520602
(0.0, -1.0, 0.0)11520652
(0.0, -1.0, 0.0)11520702
(0.0, -1.0, 0.0)11520754
(0.0, -1.0, 0.0)11520804
(0.0, -1.0, 0.0)11520854
(0.0, -1.0, 0.0)11520905
(0.0, -1.0, 0.0)11520955
(0.0, -1.0, 0.0)11521006
(0.0, -1.0, 0.0)11521057
(0.0, -1.0, 0.0)11521109
(0.0, -1.0, 0.0)11521159
(0.0, -1.0, 0.0)11521210
(0.0, -1.0, 0.0)11521261
(0.0, -1.0, 0.0)11521311
(0.0, -1.0, 0.0)11521361
(0.0, -1.0, 0.0)11521413
(0.0, -1.0, 0.0)11521464
(0.0, -1.0, 0.0)11521514
(0.0, -1.0, 0.0)11521564
(0.0, -1.0, 0.0)11521614
(0.0, -1.0, 0.0)11521666
(0.0, -1.0, 0.0)11521718
(0.0, -1.0, 0.0)11521769
(0.0, -1.0, 0.0)11521819
(0.0, -1.0, 0.0)11521870
(0.0, -1.0, 0.0)11521922
(0.0, -1.0, 0.0)11521972
(0.0, -1.0, 0.0)11522023
(0.0, -1.0, 0.0)11522077
(0.0, -1.0, 0.0)11522127
(0.0, -1.0, 0.0)11522177
(0.0, -1.0, 0.0)11522227
(0.0, -1.0, 0.0)11522278
(0.0, -1.0, 0.0)11522328
(0.0, -1.0, 0.0)11522380
(0.0, -1.0, 0.0)11522435
(0.0, -1.0, 0.0)11522485
(0.0, -1.0, 0.0)11522535
(0.0, -1.0, 0.0)11522589
(0.0, -1.0, 0.0)11522642
(0.0, -1.0, 0.0)11522694
(0.0, -1.0, 0.0)11522744
(0.0, -1.0, 0.0)11522795
(0.0, -1.0, 0.0)11522845
(0.0, -1.0, 0.0)11522897
(0.0, -1.0, 0.0)11522947
(0.0, -1.0, 0.0)11522997
(0.0, -1.0, 0.0)11523049
(0.0, -1.0, 0.0)11523101
(0.0, -1.0, 0.0)11523153
(0.0, -1.0, 0.0)11523204
(0.0, -1.0, 0.0)11523254
(0.0, -1.0, 0.0)11523304
(0.0, -1.0, 0.0)11523356
(0.0, -1.0, 0.0)11523409
(0.0, -1.0, 0.0)11523459
(0.0, -1.0, 0.0)11523511
(0.0, -1.0, 0.0)11523561
(0.0, -1.0, 0.0)11523611
(0.0, -1.0, 0.0)11523663
(0.0, -1.0, 0.0)11523716
(0.0, -1.0, 0.0)11523767
(0.0, -1.0, 0.0)11523818
(0.0, -1.0, 0.0)11523868
(0.0, -1.0, 0.0)11523922
(0.0, -1.0, 0.0)11523975
(0.0, -1.0, 0.0)11524025
(0.0, -1.0, 0.0)11524075
(0.0, -1.0, 0.0)11524125
(0.0, -1.0, 0.0)11524175
(0.0, -1.0, 0.0)11524227
(0.0, -1.0, 0.0)11524279
(0.0, -1.0, 0.0)11524330
(0.0, -1.0, 0.0)11524380
(0.0, -1.0, 0.0)11524434
(0.0, -1.0, 0.0)11524484
(0.0, -1.0, 0.0)11524535
(0.0, -1.0, 0.0)11524585
(0.0, -1.0, 0.0)11524637
(0.0, -1.0, 0.0)11524691
(0.0, -1.0, 0.0)11524744
(0.0, -1.0, 0.0)11524795
(0.0, -1.0, 0.0)11524847
(0.0, -1.0, 0.0)11524898
(0.0, -1.0, 0.0)11524948
(0.0, -1.0, 0.0)11525001
(0.0, -1.0, 0.0)11525053
(0.0, -1.0, 0.0)11525104
(0.0, -1.0, 0.0)11525154
(0.0, -1.0, 0.0)11525204
(0.0, -1.0, 0.0)11525254
(0.0, -1.0, 0.0)11525304
(0.0, -1.0, 0.0)11525355
(0.0, -1.0, 0.0)11525406
(0.0, -1.0, 0.0)11525456
(0.0, -1.0, 0.0)11525508
(0.0, -1.0, 0.0)11525560
(0.0, -1.0, 0.0)11525613
(0.0, -1.0, 0.0)11525667
(0.0, -1.0, 0.0)11525717
(0.0, -1.0, 0.0)11525768
(0.0, -1.0, 0.0)11525819
(0.0, -1.0, 0.0)11525872
(0.0, -1.0, 0.0)11525923
(0.0, -1.0, 0.0)11525974
(0.0, -1.0, 0.0)11530024
(0.0, -1.0, 0.0)11530075
(0.0, -1.0, 0.0)11530125
(0.0, -1.0, 0.0)11530177
(0.0, -1.0, 0.0)11530227
(0.0, -1.0, 0.0)11530279
(0.0, -1.0, 0.0)11530330
(0.0, -1.0, 0.0)11530382
(0.0, -1.0, 0.0)11530432
(0.0, -1.0, 0.0)11530482
(0.0, -1.0, 0.0)11530532
(0.0, -1.0, 0.0)11530582
(0.0, -1.0, 0.0)11530634
(0.0, -1.0, 0.0)11530684
(0.0, -1.0, 0.0)11530735
(0.0, -1.0, 0.0)11530785
(0.0, -1.0, 0.0)11530835
(0.0, -1.0, 0.0)11530888
(0.0, -1.0, 0.0)11530942
(0.0, -1.0, 0.0)11530994
(0.0, -1.0, 0.0)11531047
(0.0, -1.0, 0.0)11531097
(0.0, -1.0, 0.0)11531147
(0.0, -1.0, 0.0)11531198
(0.0, -1.0, 0.0)11531248
(0.0, -1.0, 0.0)11531302
(0.0, -1.0, 0.0)11531355
(0.0, -1.0, 0.0)11531405
(0.0, -1.0, 0.0)11531455
(0.0, -1.0, 0.0)11531507
(0.0, -1.0, 0.0)11531557
(0.0, -1.0, 0.0)11531609
(0.0, -1.0, 0.0)11531661
(0.0, -1.0, 0.0)11531712
(0.0, -1.0, 0.0)11531762
(0.0, -1.0, 0.0)11531814
(0.0, -1.0, 0.0)11531866
(0.0, -1.0, 0.0)11531919
(0.0, -1.0, 0.0)11531969
(0.0, -1.0, 0.0)11532023
(0.0, -1.0, 0.0)11532076
(0.0, -1.0, 0.0)11532126
(0.0, -1.0, 0.0)11532178
(0.0, -1.0, 0.0)11532228
(0.0, -1.0, 0.0)11532280
(0.0, -1.0, 0.0)11532331
(0.0, -1.0, 0.0)11532383
(0.0, -1.0, 0.0)11532434
(0.0, -1.0, 0.0)11532485
(0.0, -1.0, 0.0)11532535
(0.0, -1.0, 0.0)11532586
(0.0, -1.0, 0.0)11532638
(0.0, -1.0, 0.0)11532690
(0.0, -1.0, 0.0)11532740
(0.0, -1.0, 0.0)11532791
(0.0, -1.0, 0.0)11532843
(0.0, -1.0, 0.0)11532894
(0.0, -1.0, 0.0)11532944
(0.0, -1.0, 0.0)11532994
(0.0, -1.0, 0.0)11533045
(0.0, -1.0, 0.0)11533097
(0.0, -1.0, 0.0)11533147
(0.0, -1.0, 0.0)11533200
(0.0, -1.0, 0.0)11533252
(0.0, -1.0, 0.0)11533303
(0.0, -1.0, 0.0)11533354
(0.0, -1.0, 0.0)11533406
(0.0, -1.0, 0.0)11533459
(0.0, -1.0, 0.0)11533510
(0.0, -1.0, 0.0)11533562
(0.0, -1.0, 0.0)11533612
(0.0, -1.0, 0.0)11533664
(0.0, -1.0, 0.0)11533715
(0.0, -1.0, 0.0)11533765
(0.0, -1.0, 0.0)11533817
(0.0, -1.0, 0.0)11533867
(0.0, -1.0, 0.0)11533919
(0.0, -1.0, 0.0)11533969
(0.0, -1.0, 0.0)11534019
(0.0, -1.0, 0.0)11534072
(0.0, -1.0, 0.0)11534122
(0.0, -1.0, 0.0)11534174
(0.0, -1.0, 0.0)11534226
(0.0, -1.0, 0.0)11534278
(0.0, -1.0, 0.0)11534329
(0.0, -1.0, 0.0)11534379
(0.0, -1.0, 0.0)11534431
(0.0, -1.0, 0.0)11534481
(0.0, -1.0, 0.0)11534533
(0.0, -1.0, 0.0)11534584
(0.0, -1.0, 0.0)11534634
(0.0, -1.0, 0.0)11534686
(0.0, -1.0, 0.0)11534737
(0.0, -1.0, 0.0)11534788
(0.0, -1.0, 0.0)11534838
(0.0, -1.0, 0.0)11534890
(0.0, -1.0, 0.0)11534941
(0.0, -1.0, 0.0)11534995
(0.0, -1.0, 0.0)11535045
(0.0, -1.0, 0.0)11535096
(0.0, -1.0, 0.0)11535147
(0.0, -1.0, 0.0)11535197
(0.0, -1.0, 0.0)11535250
(0.0, -1.0, 0.0)11535300
(0.0, -1.0, 0.0)11535350
(0.0, -1.0, 0.0)11535400
(0.0, -1.0, 0.0)11535452
(0.0, -1.0, 0.0)11535505
(0.0, -1.0, 0.0)11535555
(0.0, -1.0, 0.0)11535607
(0.0, -1.0, 0.0)11535659
(0.0, -1.0, 0.0)11535710
(0.0, -1.0, 0.0)11535760
(0.0, -1.0, 0.0)11535814
(0.0, -1.0, 0.0)11535864
(0.0, -1.0, 0.0)11535916
(0.0, -1.0, 0.0)11535966
(0.0, -1.0, 0.0)11540017
(0.0, -1.0, 0.0)11540067
(0.0, -1.0, 0.0)11540118
(0.0, -1.0, 0.0)11540171
(0.0, -1.0, 0.0)11540224
(0.0, -1.0, 0.0)11540278
(0.0, -1.0, 0.0)11540331
(0.0, -1.0, 0.0)11540384
(0.0, -1.0, 0.0)11540434
(0.0, -1.0, 0.0)11540485
(0.0, -1.0, 0.0)11540538
(0.0, -1.0, 0.0)11540591
(0.0, -1.0, 0.0)11540641
(0.0, -1.0, 0.0)11540693
(0.0, -1.0, 0.0)11540746
(0.0, -1.0, 0.0)11540796
(0.0, -1.0, 0.0)11540848
(0.0, -1.0, 0.0)11540898
(0.0, -1.0, 0.0)11540948
(0.0, -1.0, 0.0)11541002
(0.0, -1.0, 0.0)11541055
(0.0, -1.0, 0.0)11541109
(0.0, -1.0, 0.0)11541162
(0.0, -1.0, 0.0)11541215
(0.0, -1.0, 0.0)11541269
(0.0, -1.0, 0.0)11541320
(0.0, -1.0, 0.0)11541372
(0.0, -1.0, 0.0)11541422
(0.0, -1.0, 0.0)11541476
(0.0, -1.0, 0.0)11541527
(0.0, -1.0, 0.0)11541577
(0.0, -1.0, 0.0)11541627
(0.0, -1.0, 0.0)11541679
(0.0, -1.0, 0.0)11541731
(0.0, -1.0, 0.0)11541782
(0.0, -1.0, 0.0)11541834
(0.0, -1.0, 0.0)11541886
(0.0, -1.0, 0.0)11541938
(0.0, -1.0, 0.0)11541989
(0.0, -1.0, 0.0)11542041
(0.0, -1.0, 0.0)11542093
(0.0, -1.0, 0.0)11542144
(0.0, -1.0, 0.0)11542196
(0.0, -1.0, 0.0)11542248
(0.0, -1.0, 0.0)11542300
(0.0, -1.0, 0.0)11542352
(0.0, -1.0, 0.0)11542403
(0.0, -1.0, 0.0)11542455
(0.0, -1.0, 0.0)11542505
(0.0, -1.0, 0.0)11542557
(0.0, -1.0, 0.0)11542607
(0.0, -1.0, 0.0)11542657
(0.0, -1.0, 0.0)11542710
(0.0, -1.0, 0.0)11542760
(0.0, -1.0, 0.0)11542810
(0.0, -1.0, 0.0)11542862
(0.0, -1.0, 0.0)11542912
(0.0, -1.0, 0.0)11542962
(0.0, -1.0, 0.0)11543014
(0.0, -1.0, 0.0)11543064
(0.0, -1.0, 0.0)11543116
(0.0, -1.0, 0.0)11543166
(0.0, -1.0, 0.0)11543217
(0.0, -1.0, 0.0)11543269
(0.0, -1.0, 0.0)11543319
(0.0, -1.0, 0.0)11543371
(0.0, -1.0, 0.0)11543421
(0.0, -1.0, 0.0)11543473
(0.0, -1.0, 0.0)11543524
(0.0, -1.0, 0.0)11543576
(0.0, -1.0, 0.0)11543628
(0.0, -1.0, 0.0)11543679
(0.0, -1.0, 0.0)11543733
(0.0, -1.0, 0.0)11543784
(0.0, -1.0, 0.0)11543834
(0.0, -1.0, 0.0)11543888
(0.0, -1.0, 0.0)11543938
(0.0, -1.0, 0.0)11543988
(0.0, -1.0, 0.0)11544040
(0.0, -1.0, 0.0)11544093
(0.0, -1.0, 0.0)11544143
(0.0, -1.0, 0.0)11544193
(0.0, -1.0, 0.0)11544246
(0.0, -1.0, 0.0)11544296
(0.0, -1.0, 0.0)11544348
(0.0, -1.0, 0.0)11544398
(0.0, -1.0, 0.0)11544448
(0.0, -1.0, 0.0)11544502
(0.0, -1.0, 0.0)11544555
(0.0, -1.0, 0.0)11544605
(0.0, -1.0, 0.0)11544657
(0.0, -1.0, 0.0)11544710
(0.0, -1.0, 0.0)11544760
(0.0, -1.0, 0.0)11544812
(0.0, -1.0, 0.0)11544864
(0.0, -1.0, 0.0)11544915
(0.0, -1.0, 0.0)11544967
(0.0, -1.0, 0.0)11545017
(0.0, -1.0, 0.0)11545067
(0.0, -1.0, 0.0)11545119
(0.0, -1.0, 0.0)11545171
(0.0, -1.0, 0.0)11545221
(0.0, -1.0, 0.0)11545272
(0.0, -1.0, 0.0)11545324
(0.0, -1.0, 0.0)11545374
(0.0, -1.0, 0.0)11545426
(0.0, -1.0, 0.0)11545477
(0.0, -1.0, 0.0)11545527
(0.0, -1.0, 0.0)11545577
(0.0, -1.0, 0.0)11545627
(0.0, -1.0, 0.0)11545677
(0.0, -1.0, 0.0)11545728
(0.0, -1.0, 0.0)11545779
(0.0, -1.0, 0.0)11545829
(0.0, -1.0, 0.0)11545881
(0.0, -1.0, 0.0)11545931
(0.0, -1.0, 0.0)11545983
(0.0, -1.0, 0.0)11550035
(0.0, -1.0, 0.0)11550085
(0.0, -1.0, 0.0)11550136
(0.0, -1.0, 0.0)11550187
(0.0, -1.0, 0.0)11550238
(0.0, -1.0, 0.0)11550288
(0.0, -1.0, 0.0)11550338
(0.0, -1.0, 0.0)11550388
(0.0, -1.0, 0.0)11550440
(0.0, -1.0, 0.0)11550493
(0.0, -1.0, 0.0)11550543
(0.0, -1.0, 0.0)11550593
(0.0, -1.0, 0.0)11550643
(0.0, -1.0, 0.0)11550693
(0.0, -1.0, 0.0)11550745
(0.0, -1.0, 0.0)11550795
(0.0, -1.0, 0.0)11550845
(0.0, -1.0, 0.0)11550895
(0.0, -1.0, 0.0)11550945
(0.0, -1.0, 0.0)11550997
(0.0, -1.0, 0.0)11551049
(0.0, -1.0, 0.0)11551101
(0.0, -1.0, 0.0)11551154
(0.0, -1.0, 0.0)11551206
(0.0, -1.0, 0.0)11551257
(0.0, -1.0, 0.0)11551307
(0.0, -1.0, 0.0)11551359
(0.0, -1.0, 0.0)11551411
(0.0, -1.0, 0.0)11551461
(0.0, -1.0, 0.0)11551511
(0.0, -1.0, 0.0)11551561
(0.0, -1.0, 0.0)11551613
(0.0, -1.0, 0.0)11551663
(0.0, -1.0, 0.0)11551713
(0.0, -1.0, 0.0)11551763
(0.0, -1.0, 0.0)11551814
(0.0, -1.0, 0.0)11551865
(0.0, -1.0, 0.0)11551915
(0.0, -1.0, 0.0)11551966
(0.0, -1.0, 0.0)11552018
(0.0, -1.0, 0.0)11552070
(0.0, -1.0, 0.0)11552123
(0.0, -1.0, 0.0)11552175
(0.0, -1.0, 0.0)11552226
(0.0, -1.0, 0.0)11552276
(0.0, -1.0, 0.0)11552327
(0.0, -1.0, 0.0)11552378
(0.0, -1.0, 0.0)11552430
(0.0, -1.0, 0.0)11552480
(0.0, -1.0, 0.0)11552532
(0.0, -1.0, 0.0)11552585
(0.0, -1.0, 0.0)11552637
(0.0, -1.0, 0.0)11552687
(0.0, -1.0, 0.0)11552737
(0.0, -1.0, 0.0)11552787
(0.0, -1.0, 0.0)11552839
(0.0, -1.0, 0.0)11552891
(0.0, -1.0, 0.0)11552942
(0.0, -1.0, 0.0)11552996
(0.0, -1.0, 0.0)11553047
(0.0, -1.0, 0.0)11553099
(0.0, -1.0, 0.0)11553153
(0.0, -1.0, 0.0)11553206
(0.0, -1.0, 0.0)11553256
(0.0, -1.0, 0.0)11553308
(0.0, -1.0, 0.0)11553358
(0.0, -1.0, 0.0)11553408
(0.0, -1.0, 0.0)11553461
(0.0, -1.0, 0.0)11553513
(0.0, -1.0, 0.0)11553564
(0.0, -1.0, 0.0)11553616
(0.0, -1.0, 0.0)11553668
(0.0, -1.0, 0.0)11553718
(0.0, -1.0, 0.0)11553770
(0.0, -1.0, 0.0)11553821
(0.0, -1.0, 0.0)11553875
(0.0, -1.0, 0.0)11553928
(0.0, -1.0, 0.0)11553978
(0.0, -1.0, 0.0)11554028
(0.0, -1.0, 0.0)11554082
(0.0, -1.0, 0.0)11554132
(0.0, -1.0, 0.0)11554182
(0.0, -1.0, 0.0)11554234
(0.0, -1.0, 0.0)11554287
(0.0, -1.0, 0.0)11554338
(0.0, -1.0, 0.0)11554389
(0.0, -1.0, 0.0)11554440
(0.0, -1.0, 0.0)11554492
(0.0, -1.0, 0.0)11554542
(0.0, -1.0, 0.0)11554594
(0.0, -1.0, 0.0)11554645
(0.0, -1.0, 0.0)11554695
(0.0, -1.0, 0.0)11554747
(0.0, -1.0, 0.0)11554797
(0.0, -1.0, 0.0)11554849
(0.0, -1.0, 0.0)11554901
(0.0, -1.0, 0.0)11554952
(0.0, -1.0, 0.0)11555002
(0.0, -1.0, 0.0)11555054
(0.0, -1.0, 0.0)11555106
(0.0, -1.0, 0.0)11555157
(0.0, -1.0, 0.0)11555208
(0.0, -1.0, 0.0)11555260
(0.0, -1.0, 0.0)11555311
(0.0, -1.0, 0.0)11555361
(0.0, -1.0, 0.0)11555411
(0.0, -1.0, 0.0)11555464
(0.0, -1.0, 0.0)11555516
(0.0, -1.0, 0.0)11555566
(0.0, -1.0, 0.0)11555616
(0.0, -1.0, 0.0)11555670
(0.0, -1.0, 0.0)11555721
(0.0, -1.0, 0.0)11555773
(0.0, -1.0, 0.0)11555823
(0.0, -1.0, 0.0)11555875
(0.0, -1.0, 0.0)11555927
(0.0, -1.0, 0.0)11555978
(0.0, -1.0, 0.0)11560032
(0.0, -1.0, 0.0)11560085
(0.0, -1.0, 0.0)11560139
(0.0, -1.0, 0.0)11560192
(0.0, -1.0, 0.0)11560242
(0.0, -1.0, 0.0)11560292
(0.0, -1.0, 0.0)11560342
(0.0, -1.0, 0.0)11560394
(0.0, -1.0, 0.0)11560444
(0.0, -1.0, 0.0)11560495
(0.0, -1.0, 0.0)11560545
(0.0, -1.0, 0.0)11560597
(0.0, -1.0, 0.0)11560651
(0.0, -1.0, 0.0)11560701
(0.0, -1.0, 0.0)11560752
(0.0, -1.0, 0.0)11560804
(0.0, -1.0, 0.0)11560856
(0.0, -1.0, 0.0)11560909
(0.0, -1.0, 0.0)11560959
(0.0, -1.0, 0.0)11561010
(0.0, -1.0, 0.0)11561063
(0.0, -1.0, 0.0)11561114
(0.0, -1.0, 0.0)11561166
(0.0, -1.0, 0.0)11561216
(0.0, -1.0, 0.0)11561268
(0.0, -1.0, 0.0)11561321
(0.0, -1.0, 0.0)11561371
(0.0, -1.0, 0.0)11561423
(0.0, -1.0, 0.0)11561473
(0.0, -1.0, 0.0)11561523
(0.0, -1.0, 0.0)11561576
(0.0, -1.0, 0.0)11561628
(0.0, -1.0, 0.0)11561680
(0.0, -1.0, 0.0)11561733
(0.0, -1.0, 0.0)11561783
(0.0, -1.0, 0.0)11561834
(0.0, -1.0, 0.0)11561884
(0.0, -1.0, 0.0)11561935
(0.0, -1.0, 0.0)11561989
(0.0, -1.0, 0.0)11562039
(0.0, -1.0, 0.0)11562090
(0.0, -1.0, 0.0)11562142
(0.0, -1.0, 0.0)11562192
(0.0, -1.0, 0.0)11562244
(0.0, -1.0, 0.0)11562294
(0.0, -1.0, 0.0)11562344
(0.0, -1.0, 0.0)11562397
(0.0, -1.0, 0.0)11562449
(0.0, -1.0, 0.0)11562501
(0.0, -1.0, 0.0)11562552
(0.0, -1.0, 0.0)11562603
(0.0, -1.0, 0.0)11562654
(0.0, -1.0, 0.0)11562705
(0.0, -1.0, 0.0)11562756
(0.0, -1.0, 0.0)11562806
(0.0, -1.0, 0.0)11562858
(0.0, -1.0, 0.0)11562910
(0.0, -1.0, 0.0)11562960
(0.0, -1.0, 0.0)11563011
(0.0, -1.0, 0.0)11563063
(0.0, -1.0, 0.0)11563113
(0.0, -1.0, 0.0)11563164
(0.0, -1.0, 0.0)11563215
(0.0, -1.0, 0.0)11563265
(0.0, -1.0, 0.0)11563318
(0.0, -1.0, 0.0)11563370
(0.0, -1.0, 0.0)11563421
(0.0, -1.0, 0.0)11563471
(0.0, -1.0, 0.0)11563522
(0.0, -1.0, 0.0)11563573
(0.0, -1.0, 0.0)11563623
(0.0, -1.0, 0.0)11563673
(0.0, -1.0, 0.0)11563727
(0.0, -1.0, 0.0)11563778
(0.0, -1.0, 0.0)11563828
(0.0, -1.0, 0.0)11563880
(0.0, -1.0, 0.0)11563930
(0.0, -1.0, 0.0)11563982
(0.0, -1.0, 0.0)11564032
(0.0, -1.0, 0.0)11564084
(0.0, -1.0, 0.0)11564134
(0.0, -1.0, 0.0)11564184
(0.0, -1.0, 0.0)11564237
(0.0, -1.0, 0.0)11564289
(0.0, -1.0, 0.0)11564341
(0.0, -1.0, 0.0)11564392
(0.0, -1.0, 0.0)11564442
(0.0, -1.0, 0.0)11564493
(0.0, -1.0, 0.0)11564544
(0.0, -1.0, 0.0)11564594
(0.0, -1.0, 0.0)11564646
(0.0, -1.0, 0.0)11564696
(0.0, -1.0, 0.0)11564748
(0.0, -1.0, 0.0)11564798
(0.0, -1.0, 0.0)11564848
(0.0, -1.0, 0.0)11564898
(0.0, -1.0, 0.0)11564948
(0.0, -1.0, 0.0)11564998
(0.0, -1.0, 0.0)11565048
(0.0, -1.0, 0.0)11565098
(0.0, -1.0, 0.0)11565151
(0.0, -1.0, 0.0)11565203
(0.0, -1.0, 0.0)11565253
(0.0, -1.0, 0.0)11565303
(0.0, -1.0, 0.0)11565353
(0.0, -1.0, 0.0)11565407
(0.0, -1.0, 0.0)11565459
(0.0, -1.0, 0.0)11565512
(0