(-0.7, -0.7, -0.2)13501758
(-0.7, -0.7, -0.2)13501808
(-0.7, -0.7, -0.2)13501860
(-0.7, -0.7, -0.2)13501912
(-0.7, -0.7, -0.2)13501964
(-0.7, -0.7, -0.2)13502014
(-0.7, -0.7, -0.2)13502068
(-0.7, -0.7, -0.2)13502121
(-0.7, -0.7, -0.2)13502171
(-0.7, -0.7, -0.2)13502223
(-0.7, -0.7, -0.2)13502275
(-0.7, -0.7, -0.2)13502326
(-0.7, -0.7, -0.2)13502378
(-0.7, -0.7, -0.2)13502430
(-0.7, -0.7, -0.2)13502481
(-0.7, -0.7, -0.2)13502532
(-0.7, -0.7, -0.2)13502584
(-0.7, -0.7, -0.2)13502635
(-0.7, -0.7, -0.2)13502686
(-0.7, -0.7, -0.2)13502738
(-0.7, -0.7, -0.2)13502788
(-0.7, -0.7, -0.2)13502840
(-0.7, -0.7, -0.2)13502890
(-0.7, -0.7, -0.2)13502942
(-0.7, -0.7, -0.2)13502992
(-0.7, -0.7, -0.2)13503043
(-0.7, -0.7, -0.2)13503093
(-0.7, -0.7, -0.2)13503145
(-0.7, -0.7, -0.2)13503197
(-0.7, -0.7, -0.2)13503249
(-0.7, -0.7, -0.2)13503301
(-0.7, -0.7, -0.2)13503352
(-0.7, -0.7, -0.2)13503402
(-0.7, -0.7, -0.2)13503454
(-0.7, -0.7, -0.2)13503504
(-0.7, -0.7, -0.2)13503558
(-0.7, -0.7, -0.2)13503610
(-0.7, -0.7, -0.2)13503662
(-0.7, -0.7, -0.2)13503713
(-0.7, -0.7, -0.2)13503763
(-0.7, -0.7, -0.2)13503813
(-0.7, -0.7, -0.2)13503864
(-0.7, -0.7, -0.2)13503917
(-0.7, -0.7, -0.2)13503968
(-0.7, -0.7, -0.2)13504021
(-0.7, -0.7, -0.2)13504074
(-0.7, -0.7, -0.2)13504124
(-0.7, -0.7, -0.2)13504174
(-0.7, -0.7, -0.2)13504224
(-0.7, -0.7, -0.2)13504274
(-0.7, -0.7, -0.2)13504326
(-0.7, -0.7, -0.2)13504376
(-0.7, -0.7, -0.2)13504427
(-0.7, -0.7, -0.2)13504479
(-0.7, -0.7, -0.2)13504529
(-0.7, -0.7, -0.2)13504581
(-0.7, -0.7, -0.2)13504631
(-0.7, -0.7, -0.2)13504684
(-0.7, -0.7, -0.2)13504738
(-0.7, -0.7, -0.2)13504789
(-0.7, -0.7, -0.2)13504839
(-0.7, -0.7, -0.2)13504889
(-0.7, -0.7, -0.2)13504941
(-0.7, -0.7, -0.2)13504992
(-0.7, -0.7, -0.2)13505045
(-0.7, -0.7, -0.2)13505096
(-0.7, -0.7, -0.2)13505148
(-0.7, -0.7, -0.2)13505198
(-0.7, -0.7, -0.2)13505248
(-0.7, -0.7, -0.2)13505300
(-0.7, -0.7, -0.2)13505352
(-0.7, -0.7, -0.2)13505404
(-0.7, -0.7, -0.2)13505454
(-0.7, -0.7, -0.2)13505506
(-0.7, -0.7, -0.2)13505557
(-0.7, -0.7, -0.2)13505611
(-0.7, -0.7, -0.2)13505662
(-0.7, -0.7, -0.2)13505714
(-0.7, -0.7, -0.2)13505764
(-0.7, -0.7, -0.2)13505817
(-0.7, -0.7, -0.2)13505867
(-0.7, -0.7, -0.2)13505919
(-0.7, -0.7, -0.2)13505971
(-0.7, -0.7, -0.2)13510022
(-0.7, -0.7, -0.2)13510074
(-0.7, -0.7, -0.2)13510124
(-0.7, -0.7, -0.2)13510175
(-0.7, -0.7, -0.2)13510226
(-0.7, -0.7, -0.2)13510276
(-0.7, -0.7, -0.2)13510328
(-0.7, -0.7, -0.2)13510378
(-0.7, -0.7, -0.2)13510430
(-0.7, -0.7, -0.2)13510481
(-0.7, -0.7, -0.2)13510531
(-0.7, -0.7, -0.2)13510582
(-0.7, -0.7, -0.2)13510633
(-0.7, -0.7, -0.2)13510683
(-0.7, -0.7, -0.2)13510734
(-0.7, -0.7, -0.2)13510785
(-0.7, -0.7, -0.2)13510835
(-0.7, -0.7, -0.2)13510885
(-0.7, -0.7, -0.2)13510937
(-0.7, -0.7, -0.2)13510990
(-0.7, -0.7, -0.2)13511042
(-0.7, -0.7, -0.2)13511094
(-0.7, -0.7, -0.2)13511144
(-0.7, -0.7, -0.2)13511194
(-0.7, -0.7, -0.2)13511244
(-0.7, -0.7, -0.2)13511296
(-0.7, -0.7, -0.2)13511346
(-0.7, -0.7, -0.2)13511397
(-0.7, -0.7, -0.2)13511449
(-0.7, -0.7, -0.2)13511499
(-0.7, -0.7, -0.2)13511551
(-0.7, -0.7, -0.2)13511604
(-0.7, -0.7, -0.2)13511654
(-0.7, -0.7, -0.2)13511706
(-0.7, -0.7, -0.2)13511756
(-0.7, -0.7, -0.2)13511808
(-0.7, -0.7, -0.2)13511858
(-0.7, -0.7, -0.2)13511908
(-0.7, -0.7, -0.2)13511959
(-0.7, -0.7, -0.2)13512011
(-0.7, -0.7, -0.2)13512063
(-0.7, -0.7, -0.2)13512115
(-0.7, -0.7, -0.2)13512166
(-0.7, -0.7, -0.2)13512216
(-0.7, -0.7, -0.2)13512267
(-0.7, -0.7, -0.2)13512320
(-0.7, -0.7, -0.2)13512372
(-0.7, -0.7, -0.2)13512422
(-0.7, -0.7, -0.2)13512473
(-0.7, -0.7, -0.2)13512524
(-0.7, -0.7, -0.2)13512574
(-0.7, -0.7, -0.2)13512626
(-0.7, -0.7, -0.2)13512677
(-0.7, -0.7, -0.2)13512730
(-0.7, -0.7, -0.2)13512780
(-0.7, -0.7, -0.2)13512831
(-0.7, -0.7, -0.2)13512881
(-0.7, -0.7, -0.2)13512931
(-0.7, -0.7, -0.2)13512983
(-0.7, -0.7, -0.2)13513034
(-0.7, -0.7, -0.2)13513086
(-0.7, -0.7, -0.2)13513137
(-0.7, -0.7, -0.2)13513188
(-0.7, -0.7, -0.2)13513239
(-0.7, -0.7, -0.2)13513292
(-0.7, -0.7, -0.2)13513344
(-0.7, -0.7, -0.2)13513394
(-0.7, -0.7, -0.2)13513446
(-0.7, -0.7, -0.2)13513497
(-0.7, -0.7, -0.2)13513549
(-0.7, -0.7, -0.2)13513601
(-0.7, -0.7, -0.2)13513652
(-0.7, -0.7, -0.2)13513703
(-0.7, -0.7, -0.2)13513756
(-0.7, -0.7, -0.2)13513806
(-0.7, -0.7, -0.2)13513858
(-0.7, -0.7, -0.2)13513909
(-0.7, -0.7, -0.2)13513961
(-0.7, -0.7, -0.2)13514013
(-0.7, -0.7, -0.2)13514064
(-0.7, -0.7, -0.2)13514116
(-0.7, -0.7, -0.2)13514166
(-0.7, -0.7, -0.2)13514216
(-0.7, -0.7, -0.2)13514266
(-0.7, -0.7, -0.2)13514317
(-0.7, -0.7, -0.2)13514368
(-0.7, -0.7, -0.2)13514421
(-0.7, -0.7, -0.2)13514473
(-0.7, -0.7, -0.2)13514524
(-0.7, -0.7, -0.2)13514575
(-0.7, -0.7, -0.2)13514625
(-0.7, -0.7, -0.2)13514677
(-0.7, -0.7, -0.2)13514729
(-0.7, -0.7, -0.2)13514780
(-0.7, -0.7, -0.2)13514832
(-0.7, -0.7, -0.2)13514884
(-0.7, -0.7, -0.2)13514935
(-0.7, -0.7, -0.2)13514987
(-0.7, -0.7, -0.2)13515037
(-0.7, -0.7, -0.2)13515089
(-0.7, -0.7, -0.2)13515139
(-0.7, -0.7, -0.2)13515191
(-0.7, -0.7, -0.2)13515241
(-0.7, -0.7, -0.2)13515294
(-0.7, -0.7, -0.2)13515345
(-0.7, -0.7, -0.2)13515396
(-0.7, -0.7, -0.2)13515447
(-0.7, -0.7, -0.2)13515497
(-0.7, -0.7, -0.2)13515547
(-0.7, -0.7, -0.2)13515599
(-0.7, -0.7, -0.2)13515649
(-0.7, -0.7, -0.2)13515699
(-0.7, -0.7, -0.2)13515751
(-0.7, -0.7, -0.2)13515802
(-0.7, -0.7, -0.2)13515853
(-0.7, -0.7, -0.2)13515903
(-0.7, -0.7, -0.2)13515954
(-0.7, -0.7, -0.2)13520004
(-0.7, -0.7, -0.2)13520056
(-0.7, -0.7, -0.2)13520109
(-0.7, -0.7, -0.2)13520159
(-0.7, -0.7, -0.2)13520210
(-0.7, -0.7, -0.2)13520260
(-0.7, -0.7, -0.2)13520311
(-0.7, -0.7, -0.2)13520363
(-0.7, -0.7, -0.2)13520413
(-0.7, -0.7, -0.2)13520465
(-0.7, -0.7, -0.2)13520516
(-0.7, -0.7, -0.2)13520566
(-0.7, -0.7, -0.2)13520616
(-0.7, -0.7, -0.2)13520668
(-0.7, -0.7, -0.2)13520718
(-0.7, -0.7, -0.2)13520770
(-0.7, -0.7, -0.2)13520822
(-0.7, -0.7, -0.2)13520872
(-0.7, -0.7, -0.2)13520922
(-0.7, -0.7, -0.2)13520972
(-0.7, -0.7, -0.2)13521025
(-0.7, -0.7, -0.2)13521077
(-0.7, -0.7, -0.2)13521127
(-0.7, -0.7, -0.2)13521177
(-0.7, -0.7, -0.2)13521229
(-0.7, -0.7, -0.2)13521279
(-0.7, -0.7, -0.2)13521329
(-0.7, -0.7, -0.2)13521381
(-0.7, -0.7, -0.2)13521431
(-0.7, -0.7, -0.2)13521481
(-0.7, -0.7, -0.2)13521531
(-0.7, -0.7, -0.2)13521583
(-0.7, -0.7, -0.2)13521636
(-0.7, -0.7, -0.2)13521689
(-0.7, -0.7, -0.2)13521741
(-0.7, -0.7, -0.2)13521791
(-0.7, -0.7, -0.2)13521841
(-0.7, -0.7, -0.2)13521891
(-0.7, -0.7, -0.2)13521941
(-0.7, -0.7, -0.2)13521991
(-0.7, -0.7, -0.2)13522043
(-0.7, -0.7, -0.2)13522095
(-0.7, -0.7, -0.2)13522146
(-0.7, -0.7, -0.2)13522198
(-0.7, -0.7, -0.2)13522250
(-0.7, -0.7, -0.2)13522300
(-0.7, -0.7, -0.2)13522350
(-0.7, -0.7, -0.2)13522402
(-0.7, -0.7, -0.2)13522452
(-0.7, -0.7, -0.2)13522505
(-0.7, -0.7, -0.2)13522557
(-0.7, -0.7, -0.2)13522607
(-0.7, -0.7, -0.2)13522657
(-0.7, -0.7, -0.2)13522708
(-0.7, -0.7, -0.2)13522762
(-0.7, -0.7, -0.2)13522815
(-0.7, -0.7, -0.2)13522867
(-0.7, -0.7, -0.2)13522918
(-0.7, -0.7, -0.2)13522969
(-0.7, -0.7, -0.2)13523019
(-0.7, -0.7, -0.2)13523069
(-0.7, -0.7, -0.2)13523121
(-0.7, -0.7, -0.2)13523174
(-0.7, -0.7, -0.2)13523226
(-0.7, -0.7, -0.2)13523277
(-0.7, -0.7, -0.2)13523327
(-0.7, -0.7, -0.2)13523379
(-0.7, -0.7, -0.2)13523429
(-0.7, -0.7, -0.2)13523481
(-0.7, -0.7, -0.2)13523531
(-0.7, -0.7, -0.2)13523584
(-0.7, -0.7, -0.2)13523638
(-0.7, -0.7, -0.2)13523689
(-0.7, -0.7, -0.2)13523741
(-0.7, -0.7, -0.2)13523793
(-0.7, -0.7, -0.2)13523845
(-0.7, -0.7, -0.2)13523898
(-0.7, -0.7, -0.2)13523952
(-0.7, -0.7, -0.2)13524005
(-0.7, -0.7, -0.2)13524055
(-0.7, -0.7, -0.2)13524105
(-0.7, -0.7, -0.2)13524155
(-0.7, -0.7, -0.2)13524205
(-0.7, -0.7, -0.2)13524255
(-0.7, -0.7, -0.2)13524308
(-0.7, -0.7, -0.2)13524358
(-0.7, -0.7, -0.2)13524410
(-0.7, -0.7, -0.2)13524460
(-0.7, -0.7, -0.2)13524512
(-0.7, -0.7, -0.2)13524564
(-0.7, -0.7, -0.2)13524614
(-0.7, -0.7, -0.2)13524664
(-0.7, -0.7, -0.2)13524714
(-0.7, -0.7, -0.2)13524764
(-0.7, -0.7, -0.2)13524815
(-0.7, -0.7, -0.2)13524866
(-0.7, -0.7, -0.2)13524916
(-0.7, -0.7, -0.2)13524966
(-0.7, -0.7, -0.2)13525016
(-0.7, -0.7, -0.2)13525068
(-0.7, -0.7, -0.2)13525120
(-0.7, -0.7, -0.2)13525171
(-0.7, -0.7, -0.2)13525222
(-0.7, -0.7, -0.2)13525273
(-0.7, -0.7, -0.2)13525325
(-0.7, -0.7, -0.2)13525378
(-0.7, -0.7, -0.2)13525428
(-0.7, -0.7, -0.2)13525480
(-0.7, -0.7, -0.2)13525532
(-0.7, -0.7, -0.2)13525582
(-0.7, -0.7, -0.2)13525632
(-0.7, -0.7, -0.2)13525684
(-0.7, -0.7, -0.2)13525735
(-0.7, -0.7, -0.2)13525785
(-0.7, -0.7, -0.2)13525838
(-0.7, -0.7, -0.2)13525889
(-0.7, -0.7, -0.2)13525940
(-0.7, -0.7, -0.2)13525992
(-0.7, -0.7, -0.2)13530044
(-0.7, -0.7, -0.2)13530096
(-0.7, -0.7, -0.2)13530147
(-0.7, -0.7, -0.2)13530199
(-0.7, -0.7, -0.2)13530251
(-0.7, -0.7, -0.2)13530301
(-0.7, -0.7, -0.2)13530351
(-0.7, -0.7, -0.2)13530401
(-0.7, -0.7, -0.2)13530451
(-0.7, -0.7, -0.2)13530503
(-0.7, -0.7, -0.2)13530553
(-0.7, -0.7, -0.2)13530603
(-0.7, -0.7, -0.2)13530656
(-0.7, -0.7, -0.2)13530706
(-0.7, -0.7, -0.2)13530758
(-0.7, -0.7, -0.2)13530808
(-0.7, -0.7, -0.2)13530858
(-0.7, -0.7, -0.2)13530910
(-0.7, -0.7, -0.2)13530960
(-0.7, -0.7, -0.2)13531011
(-0.7, -0.7, -0.2)13531063
(-0.7, -0.7, -0.2)13531115
(-0.7, -0.7, -0.2)13531166
(-0.7, -0.7, -0.2)13531217
(-0.7, -0.7, -0.2)13531268
(-0.7, -0.7, -0.2)13531320
(-0.7, -0.7, -0.2)13531373
(-0.7, -0.7, -0.2)13531423
(-0.7, -0.7, -0.2)13531473
(-0.7, -0.7, -0.2)13531523
(-0.7, -0.7, -0.2)13531575
(-0.7, -0.7, -0.2)13531627
(-0.7, -0.7, -0.2)13531678
(-0.7, -0.7, -0.2)13531732
(-0.7, -0.7, -0.2)13531782
(-0.7, -0.7, -0.2)13531834
(-0.7, -0.7, -0.2)13531887
(-0.7, -0.7, -0.2)13531939
(-0.7, -0.7, -0.2)13531990
(-0.7, -0.7, -0.2)13532041
(-0.7, -0.7, -0.2)13532092
(-0.7, -0.7, -0.2)13532144
(-0.7, -0.7, -0.2)13532196
(-0.7, -0.7, -0.2)13532247
(-0.7, -0.7, -0.2)13532299
(-0.7, -0.7, -0.2)13532349
(-0.7, -0.7, -0.2)13532401
(-0.7, -0.7, -0.2)13532452
(-0.7, -0.7, -0.2)13532505
(-0.7, -0.7, -0.2)13532556
(-0.7, -0.7, -0.2)13532606
(-0.7, -0.7, -0.2)13532658
(-0.7, -0.7, -0.2)13532709
(-0.7, -0.7, -0.2)13532759
(-0.7, -0.7, -0.2)13532810
(-0.7, -0.7, -0.2)13532860
(-0.7, -0.7, -0.2)13532912
(-0.7, -0.7, -0.2)13532965
(-0.7, -0.7, -0.2)13533016
(-0.7, -0.7, -0.2)13533068
(-0.7, -0.7, -0.2)13533118
(-0.7, -0.7, -0.2)13533169
(-0.7, -0.7, -0.2)13533222
(-0.7, -0.7, -0.2)13533272
(-0.7, -0.7, -0.2)13533324
(-0.7, -0.7, -0.2)13533374
(-0.7, -0.7, -0.2)13533425
(-0.7, -0.7, -0.2)13533477
(-0.7, -0.7, -0.2)13533529
(-0.7, -0.7, -0.2)13533580
(-0.7, -0.7, -0.2)13533630
(-0.7, -0.7, -0.2)13533681
(-0.7, -0.7, -0.2)13533731
(-0.7, -0.7, -0.2)13533783
(-0.7, -0.7, -0.2)13533836
(-0.7, -0.7, -0.2)13533886
(-0.7, -0.7, -0.2)13533938
(-0.7, -0.7, -0.2)13533989
(-0.7, -0.7, -0.2)13534039
(-0.7, -0.7, -0.2)13534091
(-0.7, -0.7, -0.2)13534143
(-0.7, -0.7, -0.2)13534193
(-0.7, -0.7, -0.2)13534246
(-0.7, -0.7, -0.2)13534298
(-0.7, -0.7, -0.2)13534349
(-0.7, -0.7, -0.2)13534400
(-0.7, -0.7, -0.2)13534451
(-0.7, -0.7, -0.2)13534503
(-0.7, -0.7, -0.2)13534554
(-0.7, -0.7, -0.2)13534606
(-0.7, -0.7, -0.2)13534660
(-0.7, -0.7, -0.2)13534710
(-0.7, -0.7, -0.2)13534760
(-0.7, -0.7, -0.2)13534811
(-0.7, -0.7, -0.2)13534861
(-0.7, -0.7, -0.2)13534913
(-0.7, -0.7, -0.2)13534963
(-0.7, -0.7, -0.2)13535013
(-0.7, -0.7, -0.2)13535065
(-0.7, -0.7, -0.2)13535117
(-0.7, -0.7, -0.2)13535168
(-0.7, -0.7, -0.2)13535220
(-0.7, -0.7, -0.2)13535272
(-0.7, -0.7, -0.2)13535322
(-0.7, -0.7, -0.2)13535374
(-0.7, -0.7, -0.2)13535424
(-0.7, -0.7, -0.2)13535477
(-0.7, -0.7, -0.2)13535529
(-0.7, -0.7, -0.2)13535579
(-0.7, -0.7, -0.2)13535629
(-0.7, -0.7, -0.2)13535681
(-0.7, -0.7, -0.2)13535731
(-0.7, -0.7, -0.2)13535784
(-0.7, -0.7, -0.2)13535834
(-0.7, -0.7, -0.2)13535888
(-0.7, -0.7, -0.2)13535938
(-0.7, -0.7, -0.2)13535989
(-0.7, -0.7, -0.2)13540041
(-0.7, -0.7, -0.2)13540093
(-0.7, -0.7, -0.2)13540144
(-0.7, -0.7, -0.2)13540194
(-0.7, -0.7, -0.2)13540246
(-0.7, -0.7, -0.2)13540296
(-0.7, -0.7, -0.2)13540346
(-0.7, -0.7, -0.2)13540398
(-0.7, -0.7, -0.2)13540448
(-0.7, -0.7, -0.2)13540500
(-0.7, -0.7, -0.2)13540552
(-0.7, -0.7, -0.2)13540603
(-0.7, -0.7, -0.2)13540654
(-0.7, -0.7, -0.2)13540704
(-0.7, -0.7, -0.2)13540757
(-0.7, -0.7, -0.2)13540808
(-0.7, -0.7, -0.2)13540862
(-0.7, -0.7, -0.2)13540912
(-0.7, -0.7, -0.2)13540964
(-0.7, -0.7, -0.2)13541015
(-0.7, -0.7, -0.2)13541065
(-0.7, -0.7, -0.2)13541117
(-0.7, -0.7, -0.2)13541167
(-0.7, -0.7, -0.2)13541218
(-0.7, -0.7, -0.2)13541270
(-0.7, -0.7, -0.2)13541324
(-0.7, -0.7, -0.2)13541377
(-0.7, -0.7, -0.2)13541429
(-0.7, -0.7, -0.2)13541480
(-0.7, -0.7, -0.2)13541530
(-0.7, -0.7, -0.2)13541580
(-0.7, -0.7, -0.2)13541632
(-0.7, -0.7, -0.2)13541684
(-0.7, -0.7, -0.2)13541734
(-0.7, -0.7, -0.2)13541784
(-0.7, -0.7, -0.2)13541837
(-0.7, -0.7, -0.2)13541887
(-0.7, -0.7, -0.2)13541937
(-0.7, -0.7, -0.2)13541989
(-0.7, -0.7, -0.2)13542039
(-0.7, -0.7, -0.2)13542089
(-0.7, -0.7, -0.2)13542139
(-0.7, -0.7, -0.2)13542191
(-0.7, -0.7, -0.2)13542241
(-0.7, -0.7, -0.2)13542292
(-0.7, -0.7, -0.2)13542344
(-0.7, -0.7, -0.2)13542396
(-0.7, -0.7, -0.2)13542448
(-0.7, -0.7, -0.2)13542501
(-0.7, -0.7, -0.2)13542555
(-0.7, -0.7, -0.2)13542604
(-0.7, -0.7, -0.2)13542655
(-0.7, -0.7, -0.2)13542705
(-0.7, -0.7, -0.2)13542756
(-0.7, -0.7, -0.2)13542806
(-0.7, -0.7, -0.2)13542860
(-0.7, -0.7, -0.2)13542910
(-0.7, -0.7, -0.2)13542960
(-0.7, -0.7, -0.2)13543012
(-0.7, -0.7, -0.2)13543063
(-0.7, -0.7, -0.2)13543114
(-0.7, -0.7, -0.2)13543166
(-0.7, -0.7, -0.2)13543217
(-0.7, -0.7, -0.2)13543267
(-0.7, -0.7, -0.2)13543319
(-0.7, -0.7, -0.2)13543369
(-0.7, -0.7, -0.2)13543419
(-0.7, -0.7, -0.2)13543471
(-0.7, -0.7, -0.2)13543521
(-0.7, -0.7, -0.2)13543571
(-0.7, -0.7, -0.2)13543621
(-0.7, -0.7, -0.2)13543673
(-0.7, -0.7, -0.2)13543724
(-0.7, -0.7, -0.2)13543776
(-0.7, -0.7, -0.2)13543829
(-0.7, -0.7, -0.2)13543882
(-0.7, -0.7, -0.2)13543936
(-0.7, -0.7, -0.2)13543986
(-0.7, -0.7, -0.2)13544036
(-0.7, -0.7, -0.2)13544088
(-0.7, -0.7, -0.2)13544140
(-0.7, -0.7, -0.2)13544190
(-0.7, -0.7, -0.2)13544241
(-0.7, -0.7, -0.2)13544293
(-0.7, -0.7, -0.2)13544343
(-0.7, -0.7, -0.2)13544395
(-0.7, -0.7, -0.2)13544445
(-0.7, -0.7, -0.2)13544497
(-0.7, -0.7, -0.2)13544547
(-0.7, -0.7, -0.2)13544597
(-0.7, -0.7, -0.2)13544650
(-0.7, -0.7, -0.2)13544703
(-0.7, -0.7, -0.2)13544754
(-0.7, -0.7, -0.2)13544805
(-0.7, -0.7, -0.2)13544856
(-0.7, -0.7, -0.2)13544907
(-0.7, -0.7, -0.2)13544957
(-0.7, -0.7, -0.2)13545010
(-0.7, -0.7, -0.2)13545060
(-0.7, -0.7, -0.2)13545111
(-0.7, -0.7, -0.2)13545162
(-0.7, -0.7, -0.2)13545216
(-0.7, -0.7, -0.2)13545266
(-0.7, -0.7, -0.2)13545319
(-0.7, -0.7, -0.2)13545369
(-0.7, -0.7, -0.2)13545421
(-0.7, -0.7, -0.2)13545471
(-0.7, -0.7, -0.2)13545523
(-0.7, -0.7, -0.2)13545574
(-0.7, -0.7, -0.2)13545627
(-0.7, -0.7, -0.2)13545677
(-0.7, -0.7, -0.2)13545728
(-0.7, -0.7, -0.2)13545779
(-0.7, -0.7, -0.2)13545829
(-0.7, -0.7, -0.2)13545881
(-0.7, -0.7, -0.2)13545933
(-0.7, -0.7, -0.2)13545985
(-0.7, -0.7, -0.2)13550038
(-0.7, -0.7, -0.2)13550088
(-0.7, -0.7, -0.2)13550139
(-0.7, -0.7, -0.2)13550190
(-0.7, -0.7, -0.2)13550241
(-0.7, -0.7, -0.2)13550293
(-0.7, -0.7, -0.2)13550345
(-0.7, -0.7, -0.2)13550395
(-0.7, -0.7, -0.2)13550445
(-0.7, -0.7, -0.2)13550496
(-0.7, -0.7, -0.2)13550546
(-0.7, -0.7, -0.2)13550598
(-0.7, -0.7, -0.2)13550650
(-0.7, -0.7, -0.2)13550702
(-0.7, -0.7, -0.2)13550753
(-0.7, -0.7, -0.2)13550803
(-0.7, -0.7, -0.2)13550853
(-0.7, -0.7, -0.2)13550903
(-0.7, -0.7, -0.2)13550955
(-0.7, -0.7, -0.2)13551007
(-0.7, -0.7, -0.2)13551058
(-0.7, -0.7, -0.2)13551109
(-0.7, -0.7, -0.2)13551159
(-0.7, -0.7, -0.2)13551210
(-0.7, -0.7, -0.2)13551260
(-0.7, -0.7, -0.2)13551310
(-0.7, -0.7, -0.2)13551362
(-0.7, -0.7, -0.2)13551414
(-0.7, -0.7, -0.2)13551465
(-0.7, -0.7, -0.2)13551516
(-0.7, -0.7, -0.2)13551566
(-0.7, -0.7, -0.2)13551616
(-0.7, -0.7, -0.2)13551666
(-0.7, -0.7, -0.2)13551716
(-0.7, -0.7, -0.2)13551768
(-0.7, -0.7, -0.2)13551821
(-0.7, -0.7, -0.2)13551873
(-0.7, -0.7, -0.2)13551924
(-0.7, -0.7, -0.2)13551974
(-0.7, -0.7, -0.2)13552026
(-0.7, -0.7, -0.2)13552078
(-0.7, -0.7, -0.2)13552128
(-0.7, -0.7, -0.2)13552180
(-0.7, -0.7, -0.2)13552231
(-0.7, -0.7, -0.2)13552283
(-0.7, -0.7, -0.2)13552335
(-0.7, -0.7, -0.2)13552386
(-0.7, -0.7, -0.2)13552436
(-0.7, -0.7, -0.2)13552487
(-0.7, -0.7, -0.2)13552537
(-0.7, -0.7, -0.2)13552590
(-0.7, -0.7, -0.2)13552640
(-0.7, -0.7, -0.2)13552690
(-0.7, -0.7, -0.2)13552741
(-0.7, -0.7, -0.2)13552792
(-0.7, -0.7, -0.2)13552844
(-0.7, -0.7, -0.2)13552896
(-0.7, -0.7, -0.2)13552948
(-0.7, -0.7, -0.2)13552999
(-0.7, -0.7, -0.2)13553050
(-0.7, -0.7, -0.2)13553100
(-0.7, -0.7, -0.2)13553151
(-0.7, -0.7, -0.2)13553205
(-0.7, -0.7, -0.2)13553256
(-0.7, -0.7, -0.2)13553308
(-0.7, -0.7, -0.2)13553360
(-0.7, -0.7, -0.2)13553411
(-0.7, -0.7, -0.2)13553463
(-0.7, -0.7, -0.2)13553513
(-0.7, -0.7, -0.2)13553565
(-0.7, -0.7, -0.2)13553616
(-0.7, -0.7, -0.2)13553667
(-0.7, -0.7, -0.2)13553719
(-0.7, -0.7, -0.2)13553771
(-0.7, -0.7, -0.2)13553823
(-0.7, -0.7, -0.2)13553875
(-0.7, -0.7, -0.2)13553927
(-0.7, -0.7, -0.2)13553979
(-0.7, -0.7, -0.2)13554030
(-0.7, -0.7, -0.2)13554081
(-0.7, -0.7, -0.2)13554131
(-0.7, -0.7, -0.2)13554181
(-0.7, -0.7, -0.2)13554232
(-0.7, -0.7, -0.2)13554284
(-0.7, -0.7, -0.2)13554335
(-0.7, -0.7, -0.2)13554386
(-0.7, -0.7, -0.2)13554437
(-0.7, -0.7, -0.2)13554489
(-0.7, -0.7, -0.2)13554539
(-0.7, -0.7, -0.2)13554591
(-0.7, -0.7, -0.2)13554641
(-0.7, -0.7, -0.2)13554693
(-0.7, -0.7, -0.2)13554744
(-0.7, -0.7, -0.2)13554794
(-0.7, -0.7, -0.2)13554846
(-0.7, -0.7, -0.2)13554897
(-0.7, -0.7, -0.2)13554947
(-0.7, -0.7, -0.2)13554997
(-0.7, -0.7, -0.2)13555047
(-0.7, -0.7, -0.2)13555099
(-0.7, -0.7, -0.2)13555149
(-0.7, -0.7, -0.2)13555201
(-0.7, -0.7, -0.2)13555253
(-0.7, -0.7, -0.2)13555303
(-0.7, -0.7, -0.2)13555353
(-0.7, -0.7, -0.2)13555403
(-0.7, -0.7, -0.2)13555453
(-0.7, -0.7, -0.2)13555505
(-0.7, -0.7, -0.2)13555556
(-0.7, -0.7, -0.2)13555607
(-0.7, -0.7, -0.2)13555658
(-0.7, -0.7, -0.2)13555710
(-0.7, -0.7, -0.2)13555760
(-0.7, -0.7, -0.2)13555812
(-0.7, -0.7, -0.2)13555862
(-0.7, -0.7, -0.2)13555914
(-0.7, -0.7, -0.2)13555965
(-0.7, -0.7, -0.2)13560016
(-0.7, -0.7, -0.2)13560068
(-0.7, -0.7, -0.2)13560118
(-0.7, -0.7, -0.2)13560170
(-0.7, -0.7, -0.2)13560221
(-0.7, -0.7, -0.2)13560271
(-0.7, -0.7, -0.2)13560322
(-0.7, -0.7, -0.2)13560374
(-0.7, -0.7, -0.2)13560426
(-0.7, -0.7, -0.2)13560476
(-0.7, -0.7, -0.2)13560528
(-0.7, -0.7, -0.2)13560578
(-0.7, -0.7, -0.2)13560629
(-0.7, -0.7, -0.2)13560679
(-0.7, -0.7, -0.2)13560731
(-0.7, -0.7, -0.2)13560781
(-0.7, -0.7, -0.2)13560833
(-0.7, -0.7, -0.2)13560883
(-0.7, -0.7, -0.2)13560934
(-0.7, -0.7, -0.2)13560986
(-0.7, -0.7, -0.2)13561036
(-0.7, -0.7, -0.2)13561086
(-0.7, -0.7, -0.2)13561138
(-0.7, -0.7, -0.2)13561188
(-0.7, -0.7, -0.2)13561240
(-0.7, -0.7, -0.2)135612