(-0.9, 0.0, -0.3)14285375
(-0.9, 0.0, -0.3)14285426
(-0.9, 0.0, -0.3)14285477
(-0.9, 0.0, -0.3)14285528
(-0.9, -0.1, -0.3)14285579
(-0.9, -0.1, -0.3)14285629
(-0.9, -0.1, -0.3)14285680
(-0.9, -0.1, -0.3)14285730
(-0.9, -0.1, -0.3)14285781
(-0.9, -0.1, -0.3)14285831
(-0.9, -0.1, -0.3)14285881
(-0.9, -0.1, -0.3)14285931
(-0.9, -0.1, -0.3)14285982
(-0.9, -0.1, -0.4)14290033
(-0.9, -0.1, -0.4)14290084
(-0.9, -0.1, -0.4)14290136
(-0.9, -0.1, -0.4)14290186
(-0.9, -0.1, -0.4)14290237
(-0.9, -0.1, -0.4)14290288
(-0.9, -0.1, -0.4)14290339
(-0.9, -0.1, -0.4)14290391
(-0.9, -0.1, -0.4)14290441
(-0.9, -0.1, -0.4)14290491
(-0.9, -0.1, -0.4)14290542
(-0.9, -0.1, -0.4)14290593
(-0.9, -0.1, -0.4)14290644
(-0.9, -0.1, -0.4)14290695
(-0.9, -0.1, -0.4)14290746
(-0.9, -0.1, -0.4)14290797
(-0.9, -0.1, -0.4)14290848
(-0.9, -0.1, -0.4)14290899
(-0.9, -0.1, -0.4)14290950
(-0.9, -0.1, -0.3)14291001
(-0.9, -0.1, -0.3)14291052
(-0.9, -0.1, -0.3)14291103
(-1.0, -0.1, -0.3)14291154
(-1.0, -0.1, 0.0)14291204
(-1.0, -0.1, 0.2)14291255
(-0.9, 0.0, 0.5)14291306
(-0.6, 0.0, 0.8)14291358
(-0.3, 0.0, 0.9)14291409
(-0.1, 0.0, 1.0)14291459
(0.1, 0.0, 1.0)14291509
(0.2, 0.0, 1.0)14291561
(0.7, 0.1, 0.7)14291611
(0.9, 0.1, 0.5)14291663
(0.9, 0.1, 0.4)14291713
(1.0, 0.1, 0.1)14291764
(1.0, 0.1, -0.1)14291814
(1.0, 0.0, -0.2)14291864
(0.9, 0.0, -0.4)14291915
(0.8, 0.0, -0.6)14291965
(0.7, 0.0, -0.7)14292016
(0.6, 0.0, -0.8)14292066
(0.5, 0.0, -0.8)14292117
(0.4, -0.1, -0.9)14292167
(0.3, -0.1, -0.9)14292218
(0.2, -0.1, -1.0)14292269
(0.1, -0.1, -1.0)14292319
(0.0, -0.1, -1.0)14292370
(-0.1, -0.1, -1.0)14292420
(-0.2, -0.1, -1.0)14292470
(-0.4, -0.1, -0.9)14292521
(-0.5, -0.1, -0.9)14292571
(-0.6, -0.1, -0.8)14292623
(-0.8, -0.1, -0.6)14292674
(-0.9, -0.1, -0.5)14292725
(-0.9, -0.1, -0.4)14292776
(-0.9, 0.0, -0.3)14292827
(-1.0, 0.0, 0.2)14292877
(-0.9, 0.0, 0.5)14292928
(-1.0, 0.1, 0.3)14292980
(-1.0, 0.2, 0.2)14293030
(-1.0, 0.2, 0.2)14293080
(-1.0, 0.2, 0.2)14293137
(-1.0, 0.2, 0.2)14293188
(-1.0, 0.2, 0.2)14293238
(-1.0, 0.2, 0.2)14293290
(-1.0, 0.2, 0.2)14293340
(-1.0, 0.2, 0.2)14293392
(-1.0, 0.2, 0.2)14293445
(-1.0, 0.2, 0.2)14293496
(-1.0, 0.2, 0.2)14293546
(-1.0, 0.2, 0.2)14293597
(-1.0, 0.2, 0.2)14293648
(-1.0, 0.0, 0.2)14293699
(-1.0, 0.0, 0.2)14293750
(-1.0, 0.0, 0.2)14293802
(-1.0, 0.0, 0.2)14293853
(-1.0, 0.0, 0.2)14293904
(-1.0, 0.0, 0.2)14293955
(-0.9, 0.0, 0.3)14294006
(-0.9, 0.0, 0.5)14294057
(-0.9, 0.0, 0.5)14294108
(-0.7, 0.5, 0.4)14294158
(-0.1, 1.0, 0.0)14294209
(-0.1, 1.0, 0.0)14294259
(-0.1, 1.0, 0.0)14294309
(-0.1, 1.0, 0.0)14294360
(-0.1, 1.0, 0.0)14294410
(-0.1, 1.0, 0.0)14294461
(-0.1, 1.0, 0.0)14294512
(-0.1, 1.0, 0.0)14294563
(-0.1, 1.0, 0.0)14294613
(-0.1, 1.0, 0.0)14294663
(-0.1, 1.0, 0.0)14294714
(-0.1, 1.0, 0.0)14294764
(-0.1, 1.0, 0.0)14294815
(-0.1, 1.0, 0.0)14294865
(-0.1, 1.0, 0.0)14294916
(-0.1, 1.0, 0.0)14294966
(-0.1, 1.0, 0.0)14295017
(-0.1, 1.0, 0.0)14295067
(-0.1, 1.0, 0.0)14295117
(-0.1, 1.0, 0.0)14295168
(-0.1, 1.0, 0.0)14295218
(-0.1, 1.0, 0.0)14295268
(-0.1, 1.0, 0.0)14295319
(-0.1, 1.0, 0.0)14295369
(-0.1, 1.0, 0.0)14295420
(-0.1, 1.0, 0.0)14295470
(-0.1, 1.0, 0.0)14295521
(-0.1, 1.0, 0.0)14295571
(-0.1, 1.0, 0.0)14295622
(-0.1, 1.0, 0.0)14295672
(-0.1, 1.0, 0.0)14295723
(-0.1, 1.0, 0.0)14295773
(-0.1, 1.0, 0.0)14295823
(-0.1, 1.0, 0.0)14295874
(-0.1, 1.0, 0.0)14295925
(-0.1, 1.0, 0.0)14295975
(-0.1, 1.0, 0.0)14300025
(-0.1, 1.0, 0.0)14300075
(-0.1, 1.0, 0.0)14300125
(-0.1, 1.0, 0.0)14300176
(-0.1, 1.0, 0.0)14300226
(-0.1, 1.0, 0.0)14300277
(-0.1, 1.0, 0.0)14300327
(-0.1, 1.0, 0.0)14300378
(-0.1, 1.0, 0.0)14300428
(-0.1, 1.0, 0.0)14300479
(-0.1, 1.0, 0.0)14300529
(-0.1, 1.0, 0.0)14300579
(-0.1, 1.0, 0.0)14300630
(-0.1, 1.0, 0.0)14300680
(-0.1, 1.0, 0.0)14300731
(-0.1, 1.0, 0.0)14300781
(-0.1, 1.0, 0.0)14300832
(-0.1, 1.0, 0.0)14300882
(-0.1, 1.0, 0.0)14300933
(-0.1, 1.0, 0.0)14300983
(-0.1, 1.0, 0.0)14301034
(-0.1, 1.0, 0.0)14301084
(-0.1, 1.0, 0.0)14301134
(-0.1, 1.0, 0.0)14301185
(-0.1, 1.0, 0.0)14301235
(-0.1, 1.0, 0.0)14301285
(-0.1, 1.0, 0.0)14301336
(-0.1, 1.0, 0.0)14301386
(-0.1, 1.0, 0.0)14301437
(-0.1, 1.0, 0.0)14301487
(-0.1, 1.0, 0.0)14301538
(-0.1, 1.0, 0.0)14301589
(-0.1, 1.0, 0.0)14301640
(-0.1, 1.0, 0.0)14301690
(-0.1, 1.0, 0.0)14301741
(-0.1, 1.0, 0.0)14301791
(-0.1, 1.0, 0.0)14301841
(-0.1, 1.0, 0.0)14301892
(-0.1, 1.0, 0.0)14301942
(-0.1, 1.0, 0.0)14301993
(-0.1, 1.0, 0.0)14302043
(-0.1, 1.0, 0.0)14302094
(-0.1, 1.0, 0.0)14302144
(-0.1, 1.0, 0.0)14302194
(-0.1, 1.0, 0.0)14302245
(-0.1, 1.0, 0.0)14302295
(-0.1, 1.0, 0.0)14302346
(-0.1, 1.0, 0.0)14302397
(-0.1, 1.0, 0.0)14302447
(-0.1, 1.0, 0.0)14302498
(-0.1, 1.0, 0.0)14302548
(-0.1, 1.0, 0.0)14302599
(-0.1, 1.0, 0.0)14302650
(-0.1, 1.0, 0.0)14302700
(-0.1, 1.0, 0.0)14302750
(-0.1, 1.0, 0.0)14302800
(-0.1, 1.0, 0.0)14302851
(-0.1, 1.0, 0.0)14302901
(-0.1, 1.0, 0.0)14302952
(-0.1, 1.0, 0.0)14303002
(-0.1, 1.0, 0.0)14303052
(-0.1, 1.0, 0.0)14303103
(-0.1, 1.0, 0.0)14303154
(-0.1, 1.0, 0.0)14303204
(-0.1, 1.0, 0.0)14303254
(-0.1, 1.0, 0.0)14303305
(-0.1, 1.0, 0.0)14303355
(-0.1, 1.0, 0.0)14303406
(-0.1, 1.0, 0.0)14303457
(-0.1, 1.0, 0.0)14303507
(-0.1, 1.0, 0.0)14303558
(-0.1, 1.0, 0.0)14303609
(-0.1, 1.0, 0.0)14303659
(-0.1, 1.0, 0.0)14303710
(-0.1, 1.0, 0.0)14303760
(-0.1, 1.0, 0.0)14303811
(-0.1, 1.0, 0.0)14303861
(-0.1, 1.0, 0.0)14303911
(-0.1, 1.0, 0.0)14303961
(-0.1, 1.0, 0.0)14304012
(-0.1, 1.0, 0.0)14304063
(-0.1, 1.0, 0.0)14304113
(-0.1, 1.0, 0.0)14304163
(-0.1, 1.0, 0.0)14304214
(-0.1, 1.0, 0.0)14304265
(-0.1, 1.0, 0.0)14304315
(-0.1, 1.0, 0.0)14304366
(-0.1, 1.0, 0.0)14304417
(-0.1, 1.0, 0.0)14304467
(-0.1, 1.0, 0.0)14304518
(-0.1, 1.0, 0.0)14304568
(-0.1, 1.0, 0.0)14304619
(-0.1, 1.0, 0.0)14304669
(-0.1, 1.0, 0.0)14304720
(-0.1, 1.0, 0.0)14304770
(-0.1, 1.0, 0.0)14304821
(-0.1, 1.0, 0.0)14304871
(-0.1, 1.0, 0.0)14304921
(-0.1, 1.0, 0.0)14304972
(-0.1, 1.0, 0.0)14305022
(-0.1, 1.0, 0.0)14305072
(-0.1, 1.0, 0.0)14305123
