(-0.9, -0.1, -0.4)14311872
(-0.9, -0.1, -0.4)14311923
(-0.9, -0.1, -0.4)14311974
(-0.9, -0.1, -0.4)14312025
(-0.9, -0.1, -0.4)14312076
(-0.9, -0.1, -0.4)14312127
(-0.9, -0.1, -0.4)14312178
(-0.9, -0.1, -0.4)14312229
(-0.9, -0.1, -0.4)14312281
(-0.9, -0.1, -0.4)14312331
(-0.9, -0.1, -0.4)14312381
(-0.9, -0.1, -0.4)14312432
(-0.9, -0.1, -0.4)14312483
(-0.9, -0.1, -0.4)14312534
(-0.9, -0.1, -0.4)14312586
(-0.9, -0.1, -0.4)14312637
(-0.9, -0.1, -0.4)14312687
(-0.9, -0.1, -0.4)14312738
(-0.9, -0.1, -0.4)14312789
(-0.9, -0.1, -0.4)14312840
(-0.9, -0.1, -0.4)14312892
(-0.9, -0.1, -0.4)14312943
(-0.9, -0.1, -0.4)14312993
(-0.9, -0.1, -0.4)14313044
(-0.9, -0.1, -0.4)14313095
(-0.9, -0.1, -0.4)14313145
(-0.9, -0.1, -0.4)14313195
(-0.9, -0.1, -0.4)14313247
(-0.9, -0.1, -0.4)14313297
(-0.9, -0.1, -0.4)14313348
(-0.9, -0.1, -0.4)14313398
(-0.9, -0.1, -0.5)14313448
(-0.9, -0.1, -0.5)14313500
(-0.9, -0.1, -0.5)14313550
(-0.9, -0.1, -0.4)14313601
(-1.0, -0.1, -0.2)14313652
(-1.0, -0.1, 0.0)14313702
(-1.0, -0.1, 0.1)14313752
(-1.0, -0.1, 0.3)14313803
(-0.9, -0.1, 0.4)14313854
(-0.8, 0.0, 0.5)14313905
(-0.7, 0.0, 0.7)14313956
(-0.6, 0.0, 0.8)14314007
(-0.6, 0.0, 0.8)14314057
(-0.5, 0.0, 0.9)14314107
(-0.4, 0.0, 0.9)14314158
(-0.2, 0.0, 1.0)14314209
(-0.1, 0.0, 1.0)14314260
(0.1, 0.0, 1.0)14314310
(0.3, 0.0, 1.0)14314361
(0.4, 0.0, 0.9)14314411
(0.6, 0.0, 0.8)14314462
(0.7, 0.0, 0.7)14314513
(0.8, 0.0, 0.6)14314563
(0.9, 0.0, 0.5)14314614
(0.9, 0.0, 0.4)14314665
(0.9, 0.0, 0.4)14314716
(1.0, 0.1, 0.2)14314766
(1.0, 0.1, -0.1)14314817
(1.0, 0.1, -0.2)14314867
(0.9, 0.1, -0.4)14314917
(0.8, 0.1, -0.6)14314968
(0.6, 0.1, -0.8)14315019
(0.5, 0.0, -0.9)14315069
(0.5, 0.0, -0.9)14315120
(0.4, 0.0, -0.9)14315171
(0.4, 0.0, -0.9)14315221
(0.4, 0.0, -0.9)14315271
(0.4, 0.0, -0.9)14315322
(0.4, 0.0, -0.9)14315372
(0.4, 0.0, -0.9)14315423
(0.4, 0.0, -0.9)14315473
(0.4, 0.0, -0.9)14315523
(0.4, 0.0, -0.9)14315573
(0.4, 0.0, -0.9)14315624
(0.4, 0.0, -0.9)14315674
(0.4, 0.0, -0.9)14315724
(0.4, 0.0, -0.9)14315775
(0.4, 0.0, -0.9)14315825
(0.4, 0.0, -0.9)14315876
(0.4, 0.0, -0.9)14315927
(0.4, 0.0, -0.9)14315977
(0.4, 0.0, -0.9)14320066
(0.4, 0.0, -0.9)14320116
(0.4, 0.0, -0.9)14320166
(0.4, 0.0, -0.9)14320216
(0.4, 0.0, -0.9)14320266
(0.4, 0.0, -0.9)14320316
(0.4, 0.0, -0.9)14320367
(0.4, 0.0, -0.9)14320418
(0.4, 0.0, -0.9)14320468
(0.4, 0.0, -0.9)14320519
(0.4, 0.0, -0.9)14320570
(0.4, 0.0, -0.9)14320621
(0.4, 0.0, -0.9)14320672
(0.4, 0.0, -0.9)14320722
(0.4, 0.0, -0.9)14320772
(0.4, 0.0, -0.9)14320823
(0.4, 0.0, -0.9)14320874
(0.4, 0.0, -0.9)14320924
(0.4, 0.0, -0.9)14320975
(0.4, 0.0, -0.9)14321026
(0.4, 0.0, -0.9)14321076
(0.4, 0.0, -0.9)14321127
(0.4, 0.0, -0.9)14321178
(0.4, 0.0, -0.9)14321229
(0.4, 0.0, -0.9)14321280
(0.4, 0.0, -0.9)14321332
(0.4, 0.0, -0.9)14321383
(0.4, 0.0, -0.9)14321434
(0.4, 0.0, -0.9)14321484
(0.4, 0.0, -0.9)14321534
(0.4, 0.0, -0.9)14321585
(0.4, 0.0, -0.9)14321637
(0.4, 0.0, -0.9)14321688
(0.4, 0.0, -0.9)14321739
(0.4, 0.0, -0.9)14321789
(0.4, 0.0, -0.9)14321845
(0.4, 0.0, -0.9)14321895
(0.4, 0.0, -0.9)14321945
(0.4, 0.0, -0.9)14321996
(0.4, 0.0, -0.9)14322047
(0.4, 0.0, -0.9)14322098
(0.4, 0.0, -0.9)14322148
(0.4, 0.0, -0.9)14322198
(0.4, 0.0, -0.9)14322249
(0.4, 0.0, -0.9)14322299
(0.4, 0.0, -0.9)14322350
(0.4, 0.0, -0.9)14322401
(0.4, 0.0, -0.9)14322452
(0.4, 0.0, -0.9)14322503
(0.4, 0.0, -0.9)14322554
(0.4, 0.0, -0.9)14322604
(0.4, 0.0, -0.9)14322655
(0.4, 0.0, -0.9)14322706
(0.4, 0.0, -0.9)14322756
(0.4, 0.0, -0.9)14322807
(0.4, 0.0, -0.9)14322857
(0.4, 0.0, -0.9)14322907
(0.4, 0.0, -0.9)14322957
(0.4, 0.0, -0.9)14323008
(0.4, 0.0, -0.9)14323058
(0.4, 0.0, -0.9)14323109
(0.4, 0.0, -0.9)14323160
(0.4, 0.0, -0.9)14323211
(0.4, 0.0, -0.9)14323261
(0.4, 0.0, -0.9)14323312
(0.4, 0.0, -0.9)14323362
(0.4, 0.0, -0.9)14323413
(0.4, 0.0, -0.9)14323463
(0.4, 0.0, -0.9)14323513
(0.4, 0.0, -0.9)14323563
(0.4, 0.0, -0.9)14323614
(0.4, 0.0, -0.9)14323665
(0.4, 0.0, -0.9)14323715
(0.4, 0.0, -0.9)14323765
(0.4, 0.0, -0.9)14323815
(0.4, 0.0, -0.9)14323866
(0.4, 0.0, -0.9)14323917
(0.4, 0.0, -0.9)14323969
(0.4, 0.0, -0.9)14324020
(0.4, 0.0, -0.9)14324070
(0.4, 0.0, -0.9)14324121
(0.4, 0.0, -0.9)14324171
(0.4, 0.0, -0.9)14324222
(0.4, 0.0, -0.9)14324272
(0.4, 0.0, -0.9)14324322
(0.4, 0.0, -0.9)14324373
(0.4, 0.0, -0.9)14324423
(0.4, 0.0, -0.9)14324473
(0.4, 0.0, -0.9)14324524
(0.4, 0.0, -0.9)14324574
(0.4, 0.0, -0.9)14324627
(0.4, 0.0, -0.9)14324678
(0.4, 0.0, -0.9)14324730
(0.4, 0.0, -0.9)14324780
(0.4, 0.0, -0.9)14324831
(0.4, 0.0, -0.9)14324882
(0.4, 0.0, -0.9)14324932
(0.4, 0.0, -0.9)14324983
(0.4, 0.0, -0.9)14325033
(0.4, 0.0, -0.9)14325084
(0.4, 0.0, -0.9)14325134
(0.4, 0.0, -0.9)14325185
(0.4, 0.0, -0.9)14325235
(0.4, 0.0, -0.9)14325286
(0.4, 0.0, -0.9)14325336
(0.4, 0.0, -0.9)14325387
(0.4, 0.0, -0.9)14325437
(0.4, 0.0, -0.9)14325488
(0.4, 0.0, -0.9)14325538
(0.4, 0.0, -0.9)14325589
(0.4, 0.0, -0.9)14325642
(0.4, 0.0, -0.9)14325694
(0.4, 0.0, -0.9)14325744
(0.4, 0.0, -0.9)14325796
(0.4, 0.0, -0.9)14325846
(0.4, 0.0, -0.9)14325897
(0.4, 0.0, -0.9)14325947
(0.4, 0.0, -0.9)14325998
(0.4, 0.0, -0.9)14330048
(0.4, 0.0, -0.9)14330099
(0.4, 0.0, -0.9)14330149
(0.4, 0.0, -0.9)14330200
(0.4, 0.0, -0.9)14330251
(0.4, 0.0, -0.9)14330301
(0.4, 0.0, -0.9)14330352
(0.4, 0.0, -0.9)14330403
(0.4, 0.0, -0.9)14330454
(0.4, 0.0, -0.9)14330504
(0.4, 0.0, -0.9)14330554
(0.4, 0.0, -0.9)14330604
(0.4, 0.0, -0.9)14330655
(0.4, 0.0, -0.9)14330706
(0.4, 0.0, -0.9)14330757
(0.4, 0.0, -0.9)14330808
(0.4, 0.0, -0.9)14330858
(0.4, 0.0, -0.9)14330910
(0.4, 0.0, -0.9)14330961
(0.4, 0.0, -0.9)14331011
(0.4, 0.0, -0.9)14331062
(0.4, 0.0, -0.9)14331118
(0.4, 0.0, -0.9)14331168
(0.4, 0.0, -0.9)14331218
(0.4, 0.0, -0.9)14331269
(0.4, 0.0, -0.9)14331319
(0.4, 0.0, -0.9)14331370
(0.4, 0.0, -0.9)14331420
(0.4, 0.0, -0.9)14331470
(0.4, 0.0, -0.9)14331521
(0.4, 0.0, -0.9)14331571
(0.4, 0.0, -0.9)14331622
(0.4, 0.0, -0.9)14331673
(0.4, 0.0, -0.9)14331724
(0.4, 0.0, -0.9)14331774
(0.4, 0.0, -0.9)14331824
(0.4, 0.0, -0.9)14331875
(0.4, 0.0, -0.9)14331925
(0.4, 0.0, -0.9)14331976
(0.4, 0.0, -0.9)14332026
(0.4, 0.0, -0.9)14332077
(0.4, 0.0, -0.9)14332128
(0.4, 0.0, -0.9)14332178
(0.4, 0.0, -0.9)14332229
(0.4, 0.0, -0.9)14332280
(0.4, 0.0, -0.9)14332331
(0.4, 0.0, -0.9)14332382
(0.4, 0.0, -0.9)14332432
(0.4, 0.0, -0.9)14332558
(0.4, 0.0, -0.9)14332608
(0.4, 0.0, -0.9)14332658
(0.4, 0.0, -0.9)14332708
(0.4, 0.0, -0.9)14332758
(0.4, 0.0, -0.9)14332809
(0.4, 0.0, -0.9)14332859
(0.4, 0.0, -0.9)14332910
(0.4, 0.0, -0.9)14332961
(0.4, 0.0, -0.9)14333012
(0.4, 0.0, -0.9)14333063
(0.4, 0.0, -0.9)14333113
(0.4, 0.0, -0.9)14333163
(0.4, 0.0, -0.9)14333214
(0.4, 0.0, -0.9)14333265
(0.4, 0.0, -0.9)14333315
(0.4, 0.0, -0.9)14333366
(0.4, 0.0, -0.9)14333416
(0.4, 0.0, -0.9)14333466
(0.4, 0.0, -0.9)14333517
(0.4, 0.0, -0.9)14333567
(0.4, 0.0, -0.9)14333618
(0.4, 0.0, -0.9)14333668
(0.4, 0.0, -0.9)14333719
(0.4, 0.0, -0.9)14333769
(0.4, 0.0, -0.9)14333819
(0.4, 0.0, -0.9)14333869
(0.4, 0.0, -0.9)14333920
(0.4, 0.0, -0.9)14333997
(0.4, 0.0, -0.9)14334043
(0.4, 0.0, -0.9)14334094
(0.4, 0.0, -0.9)14334145
(0.4, 0.0, -0.9)14334195
(0.4, 0.0, -0.9)14334246
(0.4, 0.0, -0.9)14334296
(0.4, 0.0, -0.9)14334347
(0.4, 0.0, -0.9)14334397
(0.4, 0.0, -0.9)14334449
(0.4, 0.0, -0.9)14334501
(0.4, 0.0, -0.9)14334551
(0.4, 0.0, -0.9)14334603
(0.4, 0.0, -0.9)14334654
(0.4, 0.0, -0.9)14334704
(0.4, 0.0, -0.9)14334755
(0.4, 0.0, -0.9)14334805
(0.4, 0.0, -0.9)14334855
(0.4, 0.0, -0.9)14334905
(0.4, 0.0, -0.9)14334956
(0.4, 0.0, -0.9)14335006
(0.4, 0.0, -0.9)14335056
(0.4, 0.0, -0.9)14335107
(0.4, 0.0, -0.9)14335158
(0.4, 0.0, -0.9)14335209
(0.4, 0.0, -0.9)14335260
(0.4, 0.0, -0.9)14335310
(0.4, 0.0, -0.9)14335361
(0.4, 0.0, -0.9)14335411
(0.4, 0.0, -0.9)14335461
(0.4, 0.0, -0.9)14335511
(0.4, 0.0, -0.9)14335562
(0.4, 0.0, -0.9)14335612
(0.4, 0.0, -0.9)14335663
(0.4, 0.0, -0.9)14335713
(0.4, 0.0, -0.9)14335763
(0.4, 0.0, -0.9)14335814
(0.4, 0.0, -0.9)14335864
(0.4, 0.0, -0.9)14335915
(0.4, 0.0, -0.9)14335965
(0.4, 0.0, -0.9)14340015
(0.4, 0.0, -0.9)14340065
(0.4, 0.0, -0.9)14340116
(0.4, 0.0, -0.9)14340167
(0.4, 0.0, -0.9)14340218
(0.4, 0.0, -0.9)14340268
(0.4, 0.0, -0.9)14340318
(0.4, 0.0, -0.9)14340368
(0.4, 0.0, -0.9)14340419
(0.4, 0.0, -0.9)14340470
(0.4, 0.0, -0.9)14340521
(0.4, 0.0, -0.9)14340571
(0.4, 0.0, -0.9)14340621
(0.4, 0.0, -0.9)14340672
(0.4, 0.0, -0.9)14340722
(0.4, 0.0, -0.9)14340773
(0.4, 0.0, -0.9)14340824
(0.4, 0.0, -0.9)14340874
(0.4, 0.0, -0.9)14340927
(0.4, 0.0, -0.9)14340978
(0.4, 0.0, -0.9)14341029
(0.4, 0.0, -0.9)14341079
(0.4, 0.0, -0.9)14341130
(0.4, 0.0, -0.9)14341180
(0.4, 0.0, -0.9)14341231
(0.4, 0.0, -0.9)14341281
(0.4, 0.0, -0.9)14341332
(0.4, 0.0, -0.9)14341383
(0.4, 0.0, -0.9)14341433
(0.4, 0.0, -0.9)14341484
(0.4, 0.0, -0.9)14341534
(0.4, 0.0, -0.9)14341585
(0.4, 0.0, -0.9)14341635
(0.4, 0.0, -0.9)14341685
(0.4, 0.0, -0.9)14341736
(0.4, 0.0, -0.9)14341787
(0.4, 0.0, -0.9)14341837
(0.4, 0.0, -0.9)14341888
(0.4, 0.0, -0.9)14341939
(0.4, 0.0, -0.9)14341989
(0.4, 0.0, -0.9)14342040
(0.4, 0.0, -0.9)14342090
(0.4, 0.0, -0.9)14342141
(0.4, 0.0, -0.9)14342191
(0.4, 0.0, -0.9)14342241
(0.4, 0.0, -0.9)14342291
(0.4, 0.0, -0.9)14342342
(0.4, 0.0, -0.9)14342393
(0.4, 0.0, -0.9)14342443
(0.4, 0.0, -0.9)14342494
(0.4, 0.0, -0.9)14342544
(0.4, 0.0, -0.9)14342594
(0.4, 0.0, -0.9)14342645
(0.4, 0.0, -0.9)14342696
(0.4, 0.0, -0.9)14342747
(0.4, 0.0, -0.9)14342798
(0.4, 0.0, -0.9)14342849
(0.4, 0.0, -0.9)14342900
(0.4, 0.0, -0.9)14342951
(0.4, 0.0, -0.9)14343003
(0.4, 0.0, -0.9)14343054
(0.4, 0.0, -0.9)14343106
(0.4, 0.0, -0.9)14343156
(0.4, 0.0, -0.9)14343207
(0.4, 0.0, -0.9)14343259
(0.4, 0.0, -0.9)14343309
(0.4, 0.0, -0.9)14343360
(0.4, 0.0, -0.9)14343411
(0.4, 0.0, -0.9)14343461
(0.4, 0.0, -0.9)14343512
(0.4, 0.0, -0.9)14343563
(0.4, 0.0, -0.9)14343615
(0.4, 0.0, -0.9)14343666
(0.4, 0.0, -0.9)14343716
(0.4, 0.0, -0.9)14343766
(0.4, 0.0, -0.9)14343818
(0.4, 0.0, -0.9)14343868
(0.4, 0.0, -0.9)14343922
(0.4, 0.0, -0.9)14343972
(0.4, 0.0, -0.9)14344023
(0.4, 0.0, -0.9)14344074
(0.4, 0.0, -0.9)14344124
(0.4, 0.0, -0.9)14344175
(0.4, 0.0, -0.9)14344226
(0.4, 0.0, -0.9)14344278
(0.4, 0.0, -0.9)14344328
(0.4, 0.0, -0.9)14344378
(0.4, 0.0, -0.9)14344428
(0.4, 0.0, -0.9)14344478
(0.4, 0.0, -0.9)14344529
(0.4, 0.0, -0.9)14344580
(0.4, 0.0, -0.9)14344631
(0.4, 0.0, -0.9)14344682
(0.4, 0.0, -0.9)14344732
(0.4, 0.0, -0.9)14344783
(0.4, 0.0, -0.9)14344833
(0.4, 0.0, -0.9)14344883
(0.4, 0.0, -0.9)14344934
(0.4, 0.0, -0.9)14344985
(0.4, 0.0, -0.9)14345035
(0.4, 0.0, -0.9)14345086
(0.4, 0.0, -0.9)14345136
(0.4, 0.0, -0.9)14345187
(0.4, 0.0, -0.9)14345237
(0.4, 0.0, -0.9)14345287
(0.4, 0.0, -0.9)14345338
(0.4, 0.0, -0.9)14345388
(0.4, 0.0, -0.9)14345439
(0.4, 0.0, -0.9)14345491
(0.4, 0.0, -0.9)14345542
(0.4, 0.0, -0.9)14345592
(0.4, 0.0, -0.9)14345644
(0.4, 0.0, -0.9)14345695
(0.4, 0.0, -0.9)14345747
(0.4, 0.0, -0.9)14345797
(0.4, 0.0, -0.9)14345848
(0.4, 0.0, -0.9)14345899
(0.4, 0.0, -0.9)14345949
(0.4, 0.0, -0.9)14350000
(0.4, 0.0, -0.9)14350050
(0.4, 0.0, -0.9)14350101
(0.4, 0.0, -0.9)14350151
(0.4, 0.0, -0.9)14350202
(0.4, 0.0, -0.9)14350252
(0.5, 0.0, -0.9)14350303
(1.0, 0.1, 0.0)14350353
(0.9, 0.1, 0.4)14350404
(0.5, 0.1, 0.8)14350455
(0.5, 0.1, 0.9)14350505
(0.5, 0.1, 0.9)14350557
(0.5, 0.1, 0.9)14350607
(0.5, 0.1, 0.9)14350657
(0.5, 0.1, 0.9)14350709
(0.5, 0.1, 0.9)14350759
(0.5, 0.1, 0.9)14350810
(0.5, 0.1, 0.9)14350861
(0.5, 0.1, 0.9)14350912
(0.5, 0.1, 0.9)14350962
(0.5, 0.1, 0.9)14351013
(0.5, 0.1, 0.9)14351063
(0.5, 0.1, 0.9)14351114
(0.5, 0.1, 0.9)14351165
(0.5, 0.1, 0.9)14351215
(0.5, 0.1, 0.9)14351267
(0.5, 0.1, 0.9)14351318
(0.5, 0.1, 0.9)14351368
(0.5, 0.1, 0.9)14351420
(0.5, 0.1, 0.9)14351471
(0.5, 0.1, 0.9)14351521
(0.5, 0.1, 0.9)14351572
(0.5, 0.1, 0.9)14351622
(0.5, 0.1, 0.9)14351673
(0.5, 0.1, 0.9)14351725
(0.5, 0.1, 0.9)14351776
(0.5, 0.1, 0.9)14351828
(0.5, 