(-0.9, -0.1, -0.4)15053667
(-0.9, -0.1, -0.4)15053717
(-0.9, -0.1, -0.4)15053769
(-0.9, -0.1, -0.4)15053819
(-0.9, -0.1, -0.4)15053871
(-0.9, 0.0, -0.4)15053921
(-0.9, 0.1, -0.4)15053972
(-1.0, 0.1, -0.3)15054024
(-1.0, 0.1, -0.1)15054076
(-1.0, 0.1, 0.0)15054126
(-1.0, 0.1, 0.2)15054178
(-0.9, 0.1, 0.4)15054229
(-0.9, 0.0, 0.5)15054280
(-0.9, 0.1, 0.5)15054331
(-0.8, 0.1, 0.5)15054383
(-0.7, 0.1, 0.7)15054434
(-0.6, 0.1, 0.8)15054485
(-0.4, 0.1, 0.9)15054537
(-0.1, 0.1, 1.0)15054588
(0.0, 0.1, 1.0)15054639
(0.2, 0.1, 1.0)15054690
(0.5, 0.1, 0.9)15054741
(0.7, 0.1, 0.7)15054792
(0.9, 0.1, 0.5)15054842
(1.0, 0.1, 0.2)15054893
(1.0, 0.1, -0.1)15054944
(1.0, 0.1, -0.2)15054995
(0.9, 0.1, -0.3)15055045
(0.9, 0.1, -0.4)15055095
(0.9, 0.1, -0.5)15055146
(0.9, 0.1, -0.5)15055197
(0.9, 0.1, -0.5)15055248
(0.9, 0.1, -0.5)15055299
(0.9, 0.1, -0.5)15055349
(0.9, 0.1, -0.5)15055400
(0.9, 0.1, -0.5)15055451
(0.9, 0.1, -0.5)15055501
(0.9, 0.1, -0.5)15055554
(0.9, 0.1, -0.5)15055604
(0.9, 0.1, -0.5)15055656
(0.9, 0.1, -0.5)15055707
(0.9, 0.1, -0.5)15055758
(0.9, 0.1, -0.5)15055809
(0.9, 0.1, -0.5)15055859
(0.9, 0.1, -0.5)15055910
(0.9, 0.1, -0.5)15055962
(0.9, 0.1, -0.5)15060012
(0.9, 0.1, -0.5)15060064
(0.9, 0.1, -0.5)15060115
(0.9, 0.1, -0.5)15060166
(0.9, 0.1, -0.5)15060218
(0.9, 0.1, -0.5)15060270
(0.9, 0.1, -0.5)15060320
(0.9, 0.1, -0.5)15060371
(0.9, 0.1, -0.5)15060422
(0.9, 0.1, -0.5)15060472
(0.9, 0.1, -0.5)15060522
(0.9, 0.1, -0.5)15060572
(0.9, 0.1, -0.5)15060623
(0.9, 0.1, -0.5)15060674
(0.9, 0.1, -0.5)15060725
(0.9, 0.1, -0.5)15060776
(0.9, 0.1, -0.5)15060827
(0.9, 0.1, -0.5)15060879
(0.9, 0.1, -0.5)15060930
(0.9, 0.1, -0.5)15060982
(0.9, 0.1, -0.5)15061032
(0.9, 0.1, -0.5)15061084
(0.9, 0.1, -0.5)15061135
(0.9, 0.1, -0.5)15061185
(0.9, 0.1, -0.5)15061236
(0.9, 0.1, -0.5)15061287
(0.9, 0.1, -0.5)15061338
(0.9, 0.1, -0.5)15061389
(0.9, 0.1, -0.5)15061440
(0.9, 0.1, -0.5)15061492
(0.9, 0.1, -0.5)15061543
(0.9, 0.1, -0.5)15061594
(0.9, 0.1, -0.5)15061646
(0.9, 0.1, -0.5)15061697
(0.9, 0.1, -0.5)15061748
(0.9, 0.1, -0.5)15061798
(0.9, 0.1, -0.5)15061851
(0.9, 0.1, -0.5)15061903
(0.9, 0.1, -0.5)15061955
(0.9, 0.1, -0.5)15062006
(0.9, 0.1, -0.5)15062057
(0.9, 0.1, -0.5)15062108
(0.9, 0.1, -0.5)15062159
(0.9, 0.1, -0.5)15062210
(0.9, 0.1, -0.5)15062262
(0.9, 0.1, -0.5)15062314
(0.9, 0.1, -0.5)15062364
(0.9, 0.1, -0.5)15062415
(0.9, 0.1, -0.5)15062467
(0.9, 0.1, -0.5)15062518
(0.9, 0.1, -0.5)15062569
(0.9, 0.1, -0.5)15062621
(0.9, 0.1, -0.5)15062671
(0.9, 0.1, -0.5)15062722
(0.9, 0.1, -0.5)15062773
(0.9, 0.1, -0.5)15062824
(0.9, 0.1, -0.5)15062876
(0.9, 0.1, -0.5)15062929
(0.9, 0.1, -0.5)15062980
(0.9, 0.1, -0.5)15063031
(0.9, 0.1, -0.5)15063081
(0.9, 0.1, -0.5)15063133
(0.9, 0.1, -0.5)15063183
(0.9, 0.1, -0.5)15063234
(0.9, 0.1, -0.5)15063285
(0.9, 0.1, -0.5)15063335
(0.9, 0.1, -0.5)15063386
(0.9, 0.1, -0.5)15063437
(0.9, 0.1, -0.5)15063489
(0.9, 0.1, -0.5)15063539
(0.9, 0.1, -0.5)15063590
(0.9, 0.1, -0.5)150636