(-0.9, 0.0, -0.3)16273938
(-0.9, -0.3, -0.2)16273988
(-1.0, -0.1, -0.2)16274039
(-1.0, -0.1, -0.2)16274089
(-0.6, -0.4, 0.7)16274139
(-0.8, -0.5, 0.5)16274191
(-0.8, -0.5, 0.5)16274242
(-0.8, -0.5, 0.5)16274293
(-0.8, -0.5, 0.5)16274344
(-0.8, -0.5, 0.5)16274394
(-0.8, -0.5, 0.5)16274445
(-0.8, -0.5, 0.5)16274496
(-0.8, -0.5, 0.5)16274548
(-0.8, -0.5, 0.5)16274599
(-0.8, -0.5, 0.5)16274650
(-0.8, -0.5, 0.5)16274701
(-0.8, -0.5, 0.5)16274752
(-0.8, -0.5, 0.5)16274804
(-0.8, -0.5, 0.5)16274854
(-0.8, -0.5, 0.5)16274905
(-0.8, -0.5, 0.5)16274956
(-0.8, -0.5, 0.5)16275008
(-0.8, -0.5, 0.5)16275059
(-0.8, -0.5, 0.5)16275113
(-0.8, -0.5, 0.5)16275162
(-0.8, -0.5, 0.5)16275213
(-0.8, -0.5, 0.5)16275265
(-0.8, -0.5, 0.5)16275316
(-0.8, -0.5, 0.5)16275367
(-0.8, -0.5, 0.5)16275418
(-0.8, -0.5, 0.5)16275468
(-0.8, -0.5, 0.5)16275518
(-0.8, -0.5, 0.5)16275570
(-0.8, -0.5, 0.5)16275621
(-0.8, -0.5, 0.5)16275672
(-0.8, -0.5, 0.5)16275722
(-0.8, -0.5, 0.5)16275775
(-0.8, -0.5, 0.5)16280