(-0.9, 0.0, -0.3)16282919
(-0.9, 0.0, -0.3)16282970
(-0.9, 0.0, -0.3)16283021
(-0.9, 0.0, -0.3)16283071
(-0.9, 0.0, -0.3)16283121
(-0.9, 0.0, -0.3)16283172
(-0.9, 0.0, -0.3)16283224
(-0.9, 0.0, -0.3)16283274
(-0.9, 0.0, -0.3)16283325
(-0.9, 0.0, -0.3)16283375
(-0.9, 0.0, -0.3)16283427
(-0.9, 0.0, -0.3)16283478
(-0.9, 0.0, -0.3)16283528
(-0.9, 0.0, -0.3)16283578
(-0.9, 0.0, -0.3)16283628
(-0.9, 0.0, -0.3)16283678
(-0.9, 0.0, -0.3)16283730
(-0.9, 0.0, -0.3)16283780
(-0.9, 0.0, -0.3)16283831
(-0.9, 0.0, -0.3)16283881
(-0.9, 0.0, -0.3)16283932
(-0.9, 0.0, -0.3)16283983
(-0.9, 0.0, -0.3)16284033
(-0.9, 0.0, -0.3)16284084
(-0.9, 0.0, -0.3)16284134
(-0.9, 0.0, -0.3)16284186
(-0.9, 0.0, -0.3)16284237
(-0.9, 0.0, -0.3)16284288
(-0.9, 0.0, -0.3)16284338
(-0.9, 0.0, -0.3)16284389
(-0.9, 0.0, -0.3)16284440
(-0.9, 0.0, -0.3)16284490
(-0.9, 0.0, -0.3)16284541
(-0.9, 0.0, -0.3)16284592
(-0.9, 0.0, -0.3)16284643
(-0.9, 0.0, -0.3)16284693
(-0.9, 0.0, -0.3)16284743
(-0.9, 0.0, -0.3)16284793
(-0.9, 0.0, -0.3)16284844
(-0.9, 0.0, -0.3)16284894
(-0.9, 0.0, -0.3)16284944
(-0.9, 0.0, -0.3)16284995
(-0.9, 0.0, -0.3)16285047
(-0.9, 0.0, -0.3)16285097
(-0.9, 0.0, -0.3)16285148
(-0.9, 0.0, -0.3)16285198
(-0.9, 0.0, -0.3)16285248
(-0.9, 0.0, -0.3)16285299
(-0.9, 0.0, -0.3)16285349
(-0.9, 0.0, -0.3)16285399
(-0.9, 0.0, -0.3)16285450
(-0.9, 0.0, -0.3)16285500
(-0.9, 0.0, -0.3)16285551
(-0.9, 0.0, -0.3)16285601
(-0.9, 0.0, -0.3)16285652
(-0.9, 0.0, -0.3)16285702
(-0.9, 0.0, -0.3)16285753
(-0.9, 0.0, -0.3)16285803
(-0.9, 0.0, -0.3)16285855
(-0.9, 0.0, -0.3)16285906
(-0.9, 0.0, -0.3)16285956
(-0.9, 0.0, -0.3)16290007
(-0.9, 0.0, -0.3)16290057
(-0.9, 0.0, -0.3)16290108
(-0.9, 0.0, -0.3)16290158
(-0.9, 0.0, -0.3)16290209
(-0.9, 0.0, -0.3)16290260
(-0.9, 0.0, -0.3)16290311
(-0.9, 0.0, -0.3)16290361
(-0.9, 0.0, -0.3)16290412
(-0.9, 0.0, -0.3)16290463
(-0.9, 0.0, -0.3)16290514
(-0.9, 0.0, -0.3)16290565
(-0.9, 0.0, -0.3)16290617
(-0.9, 0.0, -0.3)16290667
(-0.9, 0.0, -0.3)16290718
(-0.9, 0.0, -0.3)16290769
(-0.9, 0.0, -0.3)16290819
(-0.9, 0.0, -0.3)16290870
(-0.9, 0.0, -0.3)16290920
(-0.9, 0.0, -0.3)16290970
(-0.9, 0.0, -0.3)16291021
(-0.9, 0.0, -0.3)16291071
(-0.9, 0.0, -0.3)16291123
(-0.9, 0.0, -0.3)16291173
(-0.9, 0.0, -0.3)16291224
(-0.9, 0.0, -0.3)16291275
(-0.9, 0.0, -0.3)16291326
(-0.9, 0.0, -0.3)16291377
(-0.9, 0.0, -0.3)16291428
(-0.9, 0.0, -0.3)16291479
(-0.9, 0.0, -0.3)16291529
(-0.9, 0.0, -0.3)16291580
(-0.9, 0.0, -0.3)16291631
(-0.9, 0.0, -0.3)16291682
(-0.9, 0.0, -0.3)16291733
(-0.9, 0.0, -0.3)16291784
(-0.9, 0.0, -0.3)16291835
(-0.9, 0.0, -0.3)16291885
(-0.9, 0.0, -0.3)16291936
(-0.9, 0.0, -0.3)16291987
(-0.9, 0.0, -0.3)16292038
(-0.9, 0.0, -0.3)16292089
(-0.9, 0.0, -0.3)16292141
(-0.9, 0.0, -0.3)16292191
(-0.9, 0.0, -0.3)16292242
(-0.9, 0.0, -0.3)16292292
(-0.9, 0.0, -0.3)16292344
(-0.9, 0.0, -0.3)16292395
(-0.9, 0.0, -0.3)16292445
(-0.9, 0.0, -0.3)16292497
(-0.9, 0.0, -0.3)16292547
(-0.9, 0.0, -0.3)16292597
(-0.9, 0.0, -0.3)16292648
(-0.9, 0.0, -0.3)16292698
(-0.9, 0.0, -0.3)16292749
(-0.9, 0.0, -0.3)16292799
(-0.9, 0.0, -0.3)16292850
(-0.9, 0.0, -0.3)16292901
(-0.9, 0.0, -0.3)16292952
(-0.9, 0.0, -0.3)16293003
(-0.9, 0.0, -0.3)16293055
(-0.9, 0.0, -0.3)16293106
(-0.9, 0.0, -0.3)16293156
(-0.9, 0.0, -0.3)16293206
(-0.9, 0.0, -0.3)16293257
(-0.9, 0.0, -0.3)16293307
(-0.9, 0.0, -0.3)16293358
(-0.9, 0.0, -0.3)16293409
(-0.9, 0.0, -0.3)16293460
(-0.9, 0.0, -0.3)16293512
(-0.9, 0.0, -0.3)16293563
(-0.9, 0.0, -0.3)16293614
(-0.9, 0.0, -0.3)16293665
(-0.9, 0.0, -0.3)16293716
(-0.9, 0.0, -0.3)16293766
(-0.9, 0.0, -0.3)16293818
(-0.9, 0.0, -0.3)16293869
(-0.9, 0.0, -0.3)16293920
(-0.9, 0.0, -0.3)16293971
(-0.9, 0.0, -0.3)16294022
(-0.9, 0.0, -0.3)16294073
(-0.9, 0.0, -0.3)16294123
(-0.9, 0.0, -0.3)16294175
(-0.9, 0.0, -0.3)16294226
(-0.9, 0.0, -0.3)16294276
(-0.9, 0.0, -0.3)16294328
(-1.0, 0.1, 0.0)16294378
(-0.7, 0.0, -0.7)16294428
(-0.9, 0.1, -0.4)16294480
(-0.9, 0.4, 0.0)16294532
(-0.9, 0.4, -0.1)1629