(-0.9, 0.0, -0.3)16313504
(-0.9, 0.0, -0.3)16313557
(-0.9, 0.0, -0.3)16313608
(-1.0, 0.0, -0.2)16313659
(-1.0, 0.0, -0.3)16313711
(-0.9, -0.2, -0.5)16313762
(-0.9, -0.2, -0.4)16313813
(-1.0, -0.1, 0.2)16313863
(-0.8, 0.0, 0.5)16313914
(-0.8, 0.1, 0.6)16313965
(-0.8, 0.1, 0.6)16314016
(-0.8, 0.1, 0.6)16314067
(-0.8, 0.1, 0.6)16314118
(-0.8, 0.1, 0.6)16314169
(-0.8, 0.1, 0.6)16314220
(-0.8, 0.1, 0.6)16314271
(-0.8, 0.1, 0.6)16314323
(-0.8, 0.1, 0.6)16314375
(-0.8, 0.1, 0.6)16314427
(-0.8, 0.1, 0.6)16314477
(-0.8, 0.1, 0.6)16314528
(-0.8, 0.1, 0.6)16314580
(-0.8, 0.1, 0.6)16314630
(-0.8, 0.1, 0.6)16314681
(-0.8, 0.1, 0.6)16314731
(-0.8, 0.1, 0.6)16314783
(-0.8, 0.1, 0.6)16314834
(-0.8, 0.1, 0.6)16314884
(-0.8, 0.1, 0.6)16314935
(-0.8, 0.1, 0.6)16314986
(-0.8, 0.1, 0.6)16315036
(-0.8, 0.1, 0.6)16315087
(-0.8, 0.1, 0.6)16315138
(-0.8, 0.1, 0.6)16315189
(-0.8, 0.1, 0.6)16315240
(-0.8, 0.1, 0.6)16315293
(-0.8, 0.1, 0.6)16315345
(-0.8, 0.1, 0.6)16315395
(-0.8, 0.1, 0.6)16315445
(-0.8, 0.1, 0.6)16315496
(-0.8, 0.1, 0.6)16315547
(-0.8, 0.1, 0.6)16315598
(-0.8, 0.1, 0.6)16315649
(-0.8, 0.1, 0.6)16315701
(-0.8, 0.1, 0.6)16315754
(-0.8, 0.1, 0.6)16315806
(-0.8, 0.1, 0.6)16315856
(-0.8, 0.1, 0.6)16315911
(-0.8, 0.1, 0.6)16315962
(-0.8, 0.1, 0.6)16320014
(-0.8, 0.1, 0.6)16320066
(-0.8, 0.1, 0.6)16320116
(-0.8, 0.1, 0.6)16320167
(-0.8, 0.1, 0.6)16320218
(-0.8, 0.1, 0.6)16320268
(-0.8, 0.1, 0.6)16320319
(-0.8, 0.1, 0.6)16320369
(-0.8, 0.1, 0.6)16320420
(-0.8, 0.1, 0.6)16320471
(-0.8, 0.1, 0.6)16320522
(-0.8, 0.1, 0.6)16320573
(-0.8, 0.1, 0.6)16320624
(-0.8, 0.1, 0.6)16320676
(-0.8, 0.1, 0.6)16320727
(-0.8, 0.1, 0.6)16320779
(-0.8, 0.1, 0.6)16320830
(-0.8, 0.1, 0.6)16320880
(-0.8, 0.1, 0.6)16320932
(-0.8, 0.1, 0.6)16320983
(-0.8, 0.1, 0.6)16321035
(-0.8, 0.1, 0.6)16321087
(-0.8, 0.1, 0.6)16321139
(-0.8, 0.1, 0.6)16321189
(-0.8, 0.1, 0.6)16321241
(-0.8, 0.1, 0.6)16321291
(-0.8, 0.1, 0.6)16321343
(-0.8, 0.1, 0.6)16321395
(-0.8, 0.1, 0.6)16321445
(-0.8, 0.1, 0.6)16321497
(-0.8, 0.1, 0.6)16321548
(-0.8, 0.1, 0.6)16321599
(-0.8, 0.1, 0.6)16321649
(-0.8, 0.1, 0.6)16321701
(-0.8, 0.1, 0.6)16321753
(-0.8, 0.1, 0.6)16321804
(-0.8, 0.1, 0.6)16321855
(-0.8, 0.1, 0.6)16321905
(-0.8, 0.1, 0.6)16321957
(-0.8, 0.1, 0.6)16322008
(-0.8, 0.1, 0.6)16322060
(-0.8, 0.1, 0.6)16322111
(-0.8, 0.1, 0.6)16322161
(-0.8, 0.1, 0.6)16322212
(-0.8, 0.1, 0.6)16322263
(-0.8, 0.1, 0.6)16322314
(-0.8, 0.1, 0.6)16322366
(-0.8, 0.1, 0.6)16322418
(-0.8, 0.1, 0.6)16322469
(-0.8, 0.1, 0.6)16322522
(-0.8, 0.1, 0.6)16322573
(-0.8, 0.1, 0.6)16322624
(-0.8, 0.1, 0.6)16322676
(-0.8, 0.1, 0.6)16322726
(-0.8, 0.1, 0.6)16322777
(-0.8, 0.1, 0.6)16322828
(-0.8, 0.1, 0.6)16322879
(-0.8, 0.1, 0.6)16322930
(-0.8, 0.1, 0.6)16322981
(-0.8, 0.1, 0.6)16323032
(-0.8, 0.1, 0.6)16323084
(-0.8, 0.1, 0.6)16323134
(-0.8, 0.1, 0.6)16323185
(-0.8, 0.1, 0.6)16323236
(-0.8, 0.1, 0.6)16323288
(-0.8, 0.1, 0.6)16323339
(-0.8, 0.1, 0.6)16323392
(-0.8, 0.1, 0.6)16323443
(-0.8, 0.1, 0.6)16323494
(-0.8, 0.1, 0.6)16323545
(-0.8, 0.1, 0.6)16323595
(-0.8, 0.1, 0.6)16323647
(-0.8, 0.1, 0.6)16323697
(-0.8, 0.1, 0.6)16323748
(-0.8, 0.1, 0.6)16323799
(-0.8, 0.1, 0.6)16323850
(-0.8, 0.1, 0.6)16323900
(-0.8, 0.1, 0.6)16323951
(-0.8, 0.1, 0.6)16324002
(-0.8, 0.1, 0.6)16324054
(-0.8, 0.1, 0.6)16324105
(-0.8, 0.1, 0.6)16324155
(-0.8, 0.1, 0.6)16324206
(-0.8, 0.1, 0.6)16324256
(-0.8, 0.1, 0.6)16324307
(-0.8, 0.1, 0.6)16324358
(-0.8, 0.1, 0.6)16324408
(-0.8, 0.1, 0.6)16324459
(-0.8, 0.1, 0.6)16324511
(-0.8, 0.1, 0.6)16324561
(-0.8, 0.1, 0.6)16324611
(-0.8, 0.1, 0.6)16324666
(-0.8, 0.1, 0.6)16324717
(-0.8, 0.1, 0.6)16324768
(-0.8, 0.1, 0.6)16324818
(-0.8, 0.1, 0.6)16324870
(-0.8, 0.1, 0.6)16324924
(-0.8, 0.1, 0.6)16324983
(-0.8, 0.1, 0.6)16325037
(-0.8, 0.1, 0.6)16325088
(-0.8, 0.1, 0.6)16325140
(-0.8, 0.1, 0.6)16325190
(-0.8, 0.1, 0.6)16325240
(-0.8, 0.1, 0.6)16325294
(-0.8, 0.1, 0.6)16325344
(-0.8, 0.1, 0.6)16325396
(-0.8, 0.1, 0.6)16325448
(-0.8, 0.1, 0.6)16325498
(-0.8, 0.1, 0.6)16325576
(-0.8, 0.1, 0.6)16325629
(-0.8, 0.1, 0.6)16325703
(-0.8, 0.1, 0.6)16325767
(-0.8, 0.1, 0.6)16325827
(-0.8, 0.1, 0.6)16325884
(-0.8, 0.1, 0.6)16325935
(-0.8, 0.1, 0.6)16325998
(-0.8, 0.1, 0.6)16330048
(-0.8, 0.1, 0.6)16330124
(-0.8, 0.1, 0.6)16330184
(-0.8, 0.1, 0.6)16330235
(-0.8, 0.1, 0.6)16330286
(-0.8, 0.1, 0.6)16330337
(-0.8, 0.1, 0.6)16330389
(-0.8, 0.1, 0.6)16330440
(-0.8, 0.1, 0.6)16330491
(-0.8, 0.1, 0.6)16330542
(-0.8, 0.1, 0.6)16330594
(-0.8, 0.1, 0.6)16330644
(-0.8, 0.1, 0.6)16330694
(-0.8, 0.1, 0.6)16330745
(-0.8, 0.1, 0.6)16330798
(-0.8, 0.1, 0.6)16330885
(-0.8, 0.1, 0.6)16330936
(-0.8, 0.1, 0.6)16330988
(-0.8, 0.1, 0.6)16331040
(-0.8, 0.1, 0.6)16331091
(-0.8, 0.1, 0.6)16331143
(-0.8, 0.1, 0.6)16331194
(-0.8, 0.1, 0.6)16333465
(-0.8, 0.1, 0.6)16333518
(-0.8, 0.1, 0.6)16333569
(-0.8, 0.1, 0.6)16333620
(-0.8, 0.1, 0.6)16333675
(-0.8, 0.1, 0.6)16333726
(-0.8, 0.1, 0.6)16333779
(-0.8, 0.1, 0.6)16333832
(-0.8, 0.1, 0.6)16333883
(-0.8, 0.1, 0.