(-0.7, -0.7, 0.3)16373343
(-0.6, -0.7, 0.4)16373393
(-0.6, -0.7, 0.4)16373444
(-0.6, -0.7, 0.4)16373494
(-0.6, -0.7, 0.4)16373545
(-0.6, -0.7, 0.4)16373595
(-0.6, -0.7, 0.4)16373664
(-0.6, -0.7, 0.4)16373714
(-0.6, -0.7, 0.4)16373764
(-0.6, -0.7, 0.4)16373814
(-0.6, -0.7, 0.4)16373865
(-0.6, -0.7, 0.4)16373916
(-0.6, -0.7, 0.4)16373968
(-0.6, -0.7, 0.4)16374018
(-0.6, -0.7, 0.4)16374068
(-0.6, -0.7, 0.4)16374119
(-0.6, -0.7, 0.4)16374169
(-0.6, -0.7, 0.4)16374220
(-0.6, -0.7, 0.4)16374270
(-0.6, -0.7, 0.4)16374323
(-0.6, -0.7, 0.4)16374372
(-0.6, -0.7, 0.4)16374422
(-0.6, -0.7, 0.4)16374472
(-0.6, -0.7, 0.4)16374523
(-0.6, -0.7, 0.4)16374574
(-0.6, -0.7, 0.4)16374625
(-0.6, -0.7, 0.4)16374675
(-0.6, -0.7, 0.4)16374725
(-0.6, -0.7, 0.4)16374775
(-0.6, -0.7, 0.4)16374825
(-0.6, -0.7, 0.4)16374876
(-0.6, -0.7, 0.4)16374927
(-0.6, -0.7, 0.4)16374978
(-0.6, -0.7, 0.4)16375028
(-0.6, -0.7, 0.4)16375079
(-0.6, -0.7, 0.4)16375129
(-0.6, -0.7, 0.4)16375180
(-0.6, -0.7, 0.4)16375231
(-0.6, -0.7, 0.4)16375281
(-0.6, -0.7, 0.4)16375331
(-0.6, -0.7, 0.4)16375381
(-0.6, -0.7, 0.4)16375431
(-0.6, -0.7, 0.4)16375482
(-0.6, -0.7, 0.4)16375533
(-0.6, -0.7, 0.4)16375583
(-0.6, -0.7, 0.4)16375634
(-0.6, -0.7, 0.4)16375684
(-0.6, -0.7, 0.4)16375735
(-0.6, -0.7, 0.4)16375785
(-0.6, -0.7, 0.4)16375835
(-0.6, -0.7, 0.4)16375886
(-0.6, -0.7, 0.4)16375936
(-0.6, -0.7, 0.4)16375987
(-0.6, -0.7, 0.4)16380037
(-0.6, -0.7, 0.4)16380088
(-0.6, -0.7, 0.4)16380138
(-0.6, -0.7, 0.4)16380189
(-0.6, -0.7, 0.4)16380239
(-0.6, -0.7, 0.4)16380290
(-0.6, -0.7, 0.4)16380340
(-0.6, -0.7, 0.4)16380391
(-0.6, -0.7, 0.4)16380442
(-0.6, -0.7, 0.4)16380493
(-0.6, -0.7, 0.4)16380544
(-0.6, -0.7, 0.4)16380594
(-0.6, -0.7, 0.4)16380644
(-0.6, -0.7, 0.4)16380694
(-0.6, -0.7, 0.4)16380745
(-0.6, -0.7, 0.4)16380796
(-0.6, -0.7, 0.4)16380846
(-0.6, -0.7, 0.4)16380897
(-0.6, -0.7, 0.4)16380947
(-0.6, -0.7, 0.4)16380997
(-0.6, -0.7, 0.4)16381051
(-0.6, -0.7, 0.4)16381100
(-0.6, -0.7, 0.4)16381150
(-0.6, -0.7, 0.4)16381201
(-0.6, -0.7, 0.4)16381251
(-0.6, -0.7, 0.4)16381301
(-0.6, -0.7, 0.4)16381351
(-0.6, -0.7, 0.4)16381402
(-0.6, -0.7, 0.4)16381452
(-0.6, -0.7, 0.4)16381502
(-0.6, -0.7, 0.4)16381553
(-0.6, -0.7, 0.4)16381604
(-0.6, -0.7, 0.4)16381654
(-0.6, -0.7, 0.4)16381705
(-0.6, -0.7, 0.4)16381756
(-0.6, -0.7, 0.4)16381808
(-0.6, -0.7, 0.4)16381859
(-0.6, -0.7, 0.4)16381909
(-0.6, -0.7, 0.4)16381959
(-0.6, -0.7, 0.4)16382010
(-0.6, -0.7, 0.4)16382060
(-0.6, -0.7, 0.4)16382110
(-0.6, -0.7, 0.4)16382161
(-0.6, -0.7, 0.4)16382211
(-0.6, -0.7, 0.4)16382262
(-0.6, -0.7, 0.4)16382313
(-0.6, -0.7, 0.4)16382364
(-0.6, -0.7, 0.4)16382414
(-0.6, -0.7, 0.4)16382464
(-0.6, -0.7, 0.4)16382515
(-0.6, -0.7, 0.4)16382565
(-0.6, -0.7, 0.4)16382616
(-0.6, -0.7, 0.4)16382667
(-0.6, -0.7, 0.4)16382717
(-0.6, -0.7, 0.4)16382767
(-0.6, -0.7, 0.4)16382818
(-0.6, -0.7, 0.4)16382869
(-0.6, -0.7, 0.4)16382920
(-0.6, -0.7, 0.4)16382970
(-0.6, -0.7, 0.4)16383021
(-0.6, -0.7, 0.4)16383072
(-0.6, -0.7, 0.4)16383123
(-0.6, -0.7, 0.4)16383174
(-0.6, -0.7, 0.4)16383225
(-0.6, -0.7, 0.4)16383275
(-0.6, -0.7, 0.4)16383326
(-0.6, -0.7, 0.4)16383377
(-0.6, -0.7, 0.4)16383429
(-0.6, -0.7, 0.4)16383478
(-0.6, -0.7, 0.4)16383528
(-0.6, -0.7, 0.4)16383579
(-0.6, -0.7, 0.4)16383629
(-0.6, -0.7, 0.4)16383680
(-0.6, -0.7, 0.4)16383731
(-0.6, -0.7, 0.4)16383781
(-0.6, -0.7, 0.4)16383832
(-0.6, -0.7, 0.4)16383882
(-0.6, -0.7, 0.4)16383933
(-0.6, -0.7, 0.4)16383983
(-0.6, -0.7, 0.4)16384033
(-0.6, -0.7, 0.4)16384084
(-0.6, -0.7, 0.4)16384134
(-0.6, -0.7, 0.4)16384184
(-0.6, -0.7, 0.4)16384234
(-0.6, -0.7, 0.4)16384284
(-0.6, -0.7, 0.4)16384335
(-0.6, -0.7, 0.4)16384386
(-0.6, -0.7, 0.4)16384436
(-0.6, -0.7, 0.4)16384486
(-0.6, -0.7, 0.4)16384537
(-0.6, -0.7, 0.4)16384588
(-0.6, -0.7, 0.4)16384638
(-0.6, -0.7, 0.4)16384689
(-0.6, -0.7, 0.4)16384739
(-0.6, -0.7, 0.4)16384789
(-0.6, -0.7, 0.4)16384839
(-0.6, -0.7, 0.4)16384893
(-0.6, -0.7, 0.4)16384943
(-0.6, -0.7, 0.4)16384993
(-0.6, -0.7, 0.4)16385044
(-0.6, -0.7, 0.4)16385094
(-0.6, -0.7, 0.4)16385144
(-0.6, -0.7, 0.4)16385195
(-0.6, -0.7, 0.4)16385245
(-0.6, -0.7, 0.4)16385296
(-0.6, -0.7, 0.4)16385346
(-0.6, -0.7, 0.4)16385397
(-0.6, -0.7, 0.4)16385447
(-0.6, -0.7, 0.4)16385498
(-0.6, -0.7, 0.4)16385548
(-0.6, -0.7, 0.4)16385599
(-0.6, -0.7, 0.4)16385650
(-0.6, -0.7, 0.4)16385700
(-0.6, -0.7, 0.4)16385750
(-0.6, -0.7, 0.4)16385802
(-0.6, -0.7, 0.4)16385852
(-0.6, -0.7, 0.4)16385902
(-0.6, -0.7, 0.4)16385953
(-0.6, -0.7, 0.4)16390004
(-0.6, -0.7, 0.4)16390055
(-0.6, -0.7, 0.4)16390105
(-0.6, -0.7, 0.4)16390156
(-0.6, -0.7, 0.4)16390206
(-0.6, -0.7, 0.4)16390257
(-0.6, -0.7, 0.4)16390307
(-0.6, -0.7, 0.4)16390358
(-0.6, -0.7, 0.4)16390408
(-0.6, -0.7, 0.4)16390458
(-0.6, -0.7, 0.4)16390509
(-0.6, -0.7, 0.4)16390559
(-0.6, -0.7, 0.4)16390609
(-0.6, -0.7, 0.4)16390660
(-0.6, -0.7, 0.4)16390712
(-0.6, -0.7, 0.4)16390763
(-0.6, -0.7, 0.4)16390813
(-0.6, -0.7, 0.4)16390863
(-0.6, -0.7, 0.4)16390914
(-0.6, -0.7, 0.4)16390965
(-0.6, -0.7, 0.4)16391015
(-0.6, -0.7, 0.4)16391069
(-0.6, -0.7, 0.4)16391120
(-0.6, -0.7, 0.4)16391170
(-0.6, -0.7, 0.4)16391220
(-0.6, -0.7, 0.4)16391270
(-0.6, -0.7, 0.4)16391321
(-0.6, -0.7, 0.4)16391371
(-0.6, -0.7, 0.4)16391422
(-0.6, -0.7, 0.4)16391473
(-0.6, -0.7, 0.4)16391524
(-0.6, -0.7, 0.4)16391574
(-0.6, -0.7, 0.4)16391625
(-0.6, -0.7, 0.4)16391676
(-0.6, -0.7, 0.4)16391727
(-0.6, -0.7, 0.4)16391777
(-0.6, -0.7, 0.4)16391827
(-0.6, -0.7, 0.4)16391877
(-0.6, -0.7, 0.4)16391928
(-0.6, -0.7, 0.4)16391980
(-0.6, -0.7, 0.4)16392031
(-0.6, -0.7, 0.4)16392082
(-0.6, -0.7, 0.4)16392132
(-0.6, -0.7, 0.4)16392182
(-0.6, -0.7, 0.4)16392232
(-0.6, -0.7, 0.4)16392282
(-0.6, -0.7, 0.4)16392333
(-0.6, -0.7, 0.4)16392384
(-0.6, -0.7, 0.4)16392433
(-0.6, -0.7, 0.4)16392484
(-0.6, -0.7, 0.4)16392534
(-0.6, -0.7, 0.4)16392585
(-0.6, -0.7, 0.4)16392635
(-0.6, -0.7, 0.4)16392686
(-0.6, -0.7, 0.4)16392736
(-0.6, -0.7, 0.4)16392787
(-0.6, -0.7, 0.4)16392837
(-0.6, -0.7, 0.4)16392888
(-0.6, -0.7, 0.4)16392937
(-0.6, -0.7, 0.4)16392987
(-0.6, -0.7, 0.4)16393038
(-0.6, -0.7, 0.4)16393088
(-0.6, -0.7, 0.4)16393138
(-0.6, -0.7, 0.4)16393189
(-0.6, -0.7, 0.4)16393240
(-0.6, -0.7, 0.4)16393290
(-0.6, -0.7, 0.4)16393340
(-0.6, -0.7, 0.4)16393390
(-0.6, -0.7, 0.4)16393440
(-0.6, -0.7, 0.4)16393490
(-0.6, -0.7, 0.4)16393541
(-0.6, -0.7, 0.4)16393592
(-0.6, -0.7, 0.4)16393643
(-0.6, -0.7, 0.4)16393693
(-0.6, -0.7, 0.4)16393743
(-0.6, -0.7, 0.4)16393796
(-0.6, -0.7, 0.4)16393846
(-0.6, -0.7, 0.4)16393896
(-0.6, -0.7, 0.4)16393947
(-0.6, -0.7, 0.4)16393997
(-0.6, -0.7, 0.4)16394048
(-0.6, -0.7, 0.4)16394098
(-0.6, -0.7, 0.4)16394148
(-0.6, -0.7, 0.4)16394199
(-0.6, -0.7, 0.4)16394250
(-0.6, -0.7, 0.4)16394300
(-0.6, -0.7, 0.4)16394350
(-0.6, -0.7, 0.4)16394401
(-0.6, -0.7, 0.4)16394452
(-0.6, -0.7, 0.4)16394502
(-0.6, -0.7, 0.4)16394552
(-0.6, -0.7, 0.4)16394603
(-0.6, -0.7, 0.4)16394653
(-0.6, -0.7, 0.4)16394706
(-0.6, -0.7, 