(-0.9, 0.0, -0.3)16400526
(-0.9, 0.0, -0.3)16400578
(-0.9, 0.0, -0.3)16400628
(-0.9, 0.0, -0.3)16400679
(-1.0, -0.1, 0.0)16400730
(-0.9, -0.2, 0.3)16400782
(-0.7, -0.5, 0.6)16400832
(-0.7, -0.5, 0.6)16400884
(-0.7, -0.5, 0.6)16400936
(-0.7, -0.5, 0.6)16400987
(-0.7, -0.5, 0.6)16401039
(-0.7, -0.5, 0.6)16401090
(-0.7, -0.5, 0.6)16401140
(-0.7, -0.5, 0.6)16401191
(-0.7, -0.5, 0.6)16401241
(-0.7, -0.5, 0.6)16401292
(-0.7, -0.5, 0.6)16401345
(-0.7, -0.5, 0.6)16401395
(-0.7, -0.5, 0.6)16401445
(-0.7, -0.5, 0.6)16401496
(-0.7, -0.5, 0.6)16401547
(-0.7, -0.5, 0.6)16401598
(-0.7, -0.5, 0.6)16401649
(-0.7, -0.5, 0.6)16401700
(-0.7, -0.5, 0.6)16401751
(-0.7, -0.5, 0.6)16401802
(-0.7, -0.5, 0.6)16401852
(-0.7, -0.5, 0.6)16401903
(-0.7, -0.5, 0.6)16401953
(-0.7, -0.5, 0.6)16402004
(-0.7, -0.5, 0.6)16402055
(-0.7, -0.5, 0.6)16402106
(-0.7, -0.5, 0.6)16402157
(-0.7, -0.5, 0.6)16402208
(-0.7, -0.5, 0.6)16402263
(-0.7, -0.5, 0.6)16402313
(-0.7, -0.5, 0.6)16402363
(-0.7, -0.5, 0.6)16402414
(-0.7, -0.5, 0.6)16402465
(-0.7, -0.5, 0.6)16402516
(-0.7, -0.5, 0.6)16402566
(-0.7, -0.5, 0.6)16402619
(-0.7, -0.5, 0.6)16402669
(-0.7, -0.5, 0.6)16402720
(-0.7, -0.5, 0.6)16402771
(-0.7, -0.5, 0.6)16402821
(-0.7, -0.5, 0.6)16402871
(-0.7, -0.5, 0.6)16402922
(-0.7, -0.5, 0.6)16402972
(-0.7, -0.5, 0.6)16403024
(-0.7, -0.5, 0.6)16403074
(-0.7, -0.5, 0.6)16403125
(-0.7, -0.5, 0.6)16403177
(-0.7, -0.5, 0.6)16403229
(-0.7, -0.5, 0.6)16403279
(-0.7, -0.5, 0.6)16403333
(-0.7, -0.5, 0.6)16403383
(-0.7, -0.5, 0.6)16403435
(-0.7, -0.5, 0.6)16403485
(-0.7, -0.5, 0.6)16403537
(-0.7, -0.5, 0.6)16403586
(-0.7, -0.5, 0.6)16403637
(-0.7, -0.5, 0.6)16403687
(-0.7, -0.5, 0.6)16403739
(-0.7, -0.5, 0.6)16403790
(-0.7, -0.5, 0.6)16403840
(-0.7, -0.5, 0.6)16403892
(-0.7, -0.5, 0.6)16403942
(-0.7, -0.5, 0.6)16403992
(-0.7, -0.5, 0.6)16404043
(-0.7, -0.5, 0.6)16404093
(-0.7, -0.5, 0.6)16404144
(-0.7, -0.5, 0.6)16404194
(-0.7, -0.5, 0.6)16404245
(-0.7, -0.5, 0.6)16404296
(-0.7, -0.5, 0.6)164043