(-0.9, 0.0, -0.3)16441849
(-0.9, 0.0, -0.3)16441900
(-0.9, 0.0, -0.3)16441950
(-0.9, 0.0, -0.3)16442001
(-0.9, 0.0, -0.3)16442051
(-0.9, 0.0, -0.3)16442102
(-0.9, 0.0, -0.3)16442153
(-0.9, 0.0, -0.3)16442204
(-0.9, 0.0, -0.3)16442254
(-0.9, 0.0, -0.3)16442305
(-0.9, 0.0, -0.3)16442355
(-0.9, 0.0, -0.3)16442406
(-0.9, 0.0, -0.3)16442457
(-0.9, 0.0, -0.3)16442508
(-0.9, 0.0, -0.3)16442559
(-0.9, 0.0, -0.3)16442611
(-0.9, 0.0, -0.3)16442664
(-0.9, 0.0, -0.3)16442714
(-1.0, -0.3, 0.1)16442765
(-1.0, -0.1, 0.1)16442816
(-1.0, 0.0, 0.0)16442867
(-1.0, 0.0, 0.0)16442917
(-1.0, 0.0, 0.0)16442968
(-1.0, 0.0, 0.0)16443019
(-1.0, 0.0, 0.0)16443073
(-1.0, 0.0, 0.0)16443124
(-1.0, 0.0, 0.0)16443174
(-1.0, 0.0, 0.0)16443225
(-1.0, 0.0, 0.0)16443276
(-1.0, 0.0, 0.0)16443328
(-1.0, 0.0, 0.0)16443378
(-1.0, 0.0, 0.0)16443430
(-1.0, 0.0, 0.0)16443481
(-1.0, 0.0, 0.0)16443532
(-1.0, 0.0, 0.0)16443583
(-1.0, 0.0, 0.0)16443635
(-1.0, 0.0, 0.0)16443686
(-1.0, 0.0, 0.0)16443736
(-1.0, 0.0, 0.0)16443787
(-1.0, 0.0, 0.0)16443838
(-1.0, 0.0, 0.0)16443889
(-1.0, 0.0, 0.0)16443941
(-1.0, 0.0, 0.0)16443990
(-1.0, 0.0, 0.0)16444042
(-1.0, 0.0, 0.0)16444093
(-1.0, 0.0, 0.0)16444143
(-1.0, 0.0, 0.0)16444194
(-1.0, 0.0, 0.0)16444246
(-1.0, 0.0, 0.0)16444297
(-1.0, 0.0, 0.0)16444347
(-1.0, 0.0, 0.0)16444397
(-1.0, 0.0, 0.0)16444447
(-1.0, 0.0, 0.0)16444499
(-1.0, 0.0, 0.0)16444550
(-1.0, 0.0, 0.0)16444602
(-1.0, 0.0, 0.0)16444653
(-1.0, 0.0, 0.0)16444704
(-1.0, 0.0, 0.0)16444755
(-1.0, 0.0, 0.0)16444806
(-1.0, 0.0, 0.0)16444860
(-1.0, 0.0, 0.0)16444909
(-1.0, 0.0, 0.0)16444959
(-1.0, 0.0, 0.0)16445010
(-1.0, 0.0, 0.0)16445060
(-1.0, 0.0, 0.0)16445112
(-1.0, 0.0, 0.0)16445162
(-1.0, 0.0, 0.0)16445213
(-1.0, 0.0, 0.0)16445263
(-1.0, 0.0, 0.0)16445314
(-1.0, 0.0, 0.0)16445365
(-1.0, 0.0, 0.0)16445417
(-1.0, 0.0, 0.0)16445468
(-1.0, 0.0, 0.0)16445518
(-1.0, 0.0, 0.0)16445570
(-1.0, 0.0, 0.0)16445621
(-1.0, 0.0, 0.0)16445672
(-1.0, 0.0, 0.0)16445723
(-1.0, 0.0, 0.0)16445775
(-1.0, 0.0, 0.0)16445826
(-1.0, 0.0, 0.0)16445877
(-1.0, 0.0, 0.0)16445928
(-1.0, 0.0, 0.0)16445978
(-1.0, 0.0, 0.0)16450029
(-1.0, 0.0, 0.0)16450080
(-1.0, 0.0, 0.0)16450135
(-1.0, 0.0, 0.0)16450185
(-1.0, 0.0, 0.0)16450236
(-1.0, 0.0, 0.0)16450287
(-1.0, 0.0, 0.0)16450339
(-1.0, 0.0, 0.0)16450390
(-1.0, 0.0, 0.0)16450441
(-1.0, 0.0, 0.0)16450492
(-1.0, 0.0, 0.0)16450544
(-1.0, 0.0, 0.0)16450595
(-1.0, 0.0, 0.0)16450646
(-1.0, 0.0, 0.0)16450696
(-1.0, 0.0, 0.0)16450747
(-1.0, 0.0, 0.0)16450797
(-1.0, 0.0, 0.0)16450849
(-1.0, 0.0, 0.0)16450900
(-1.0, 0.0, 0.0)16450951
(-1.0, 0.0, 0.0)16451002
(-1.0, 0.0, 0.0)16451056
(-1.0, 0.0, 0.0)16451106
(-1.0, 0.0, 0.0)16451156
(-1.0, 0.0, 0.0)16451207
(-1.0, 0.0, 0.0)16451258
(-1.0, 0.0, 0.0)16451309
(-1.0, 0.0, 0.0)16451359
(-1.0, 0.0, 0.0)16451410
(-1.0, 0.0, 0.0)16451460
(-1.0, 0.0, 0.0)16451510
(-1.0, 0.0, 0.0)16451561
(-1.0, 0.0, 0.0)16451614
(-1.0, 0.0, 0.0)16451665
(-1.0, 0.0, 0.0)16451715
(-1.0, 0.0, 0.0)16451765
(-1.0, 0.0, 0.0)16451816
(-1.0, 0.0, 0.0)16451866
(-1.0, 0.0, 0.0)16451917
(-1.0, 0.0, 0.0)16451968
(-1.0, 0.0, 0.0)16452019
(-1.0, 0.0, 0.0)16452071
(-1.0, 0.0, 0.0)16452121
(-1.0, 0.0, 0.0)16452172
(-1.0, 0.0, 0.0)16452223
(-1.0, 0.0, 0.0)16452273
(-1.0, 0.0, 0.0)16452324
(-1.0, 0.0, 0.0)16452374
(-1.0, 0.0, 0.0)16452426
(-1.0, 0.0, 0.0)16452478
(-1.0, 0.0, 0.0)16452529
(-1.0, 0.0, 0.0)16452580
(-1.0, 0.0, 0.0)16452631
(-1.0, 0.0, 0.0)16452681
(-1.0, 0.0, 0.0)16452735
(-1.0, 0.0, 0.0)16452785
(-1.0, 0.0, 0.0)16452836
(-1.0, 0.0, 0.0)16452887
(-1.0, 0.0, 0.0)16452938
(-1.0, 0.0, 0.0)16452990
(-1.0, 0.0, 0.0)16453041
(-1.0, 0.0, 0.0)16453091
(-1.0, 0.0, 0.0)16453143
(-1.0, 0.0, 0.0)16453193
(-1.0, 0.0, 0.0)16453245
(-1.0, 0.0, 0.0)16453296
(-1.0, 0.0, 0.0)16453346
(-1.0, 0.0, 0.0)16453398
(-1.0, 0.0, 0.0)16453449
(-1.0, 0.0, 0.0)16453500
(-1.0, 0.0, 0.0)16453552
(-1.0, 0.0, 0.0)16453603
(-1.0, 0.0, 0.0)16453654
(-1.0, 0.0, 0.0)16453705
(-1.0, 0.0, 0.0)16453757
(-1.0, 0.0, 0.0)1645