(-0.9, 0.0, -0.4)16464014
(-0.9, 0.0, -0.4)16464065
(-0.9, 0.0, -0.4)16464116
(-0.9, 0.0, -0.4)16464166
(-0.9, 0.0, -0.4)16464217
(-0.9, 0.0, -0.4)16464268
(-0.9, 0.0, -0.4)16464319
(-0.9, 0.0, -0.4)16464370
(-0.9, 0.0, -0.4)16464422
(-0.9, 0.0, -0.4)16464473
(-0.9, 0.0, -0.4)16464524
(-0.9, 0.0, -0.4)16464575
(-0.9, 0.0, -0.4)16464625
(-0.9, 0.0, -0.4)16464676
(-0.9, 0.0, -0.4)16464727
(-0.9, 0.0, -0.4)16464777
(-0.9, 0.0, -0.4)16464831
(-0.9, 0.0, -0.4)16464880
(-0.9, 0.0, -0.4)16464931
(-0.9, 0.0, -0.4)16464981
(-0.9, 0.0, -0.4)16465031
(-0.9, 0.0, -0.4)16465082
(-0.9, 0.0, -0.4)16465134
(-0.9, 0.0, -0.4)16465185
(-0.9, 0.0, -0.4)16465237
(-0.9, 0.0, -0.4)16465287
(-0.9, 0.0, -0.4)16465339
(-0.9, 0.0, -0.4)16465390
(-0.9, 0.0, -0.4)16465442
(-0.9, 0.0, -0.4)16465492
(-0.9, 0.0, -0.4)16465543
(-0.9, 0.0, -0.4)16465593
(-0.9, 0.0, -0.4)16465644
(-0.9, 0.0, -0.4)16465695
(-1.0, -0.1, -0.3)16465748
(-1.0, -0.2, -0.2)16465799
(-1.0, -0.2, -0.2)16465849
(-1.0, -0.2, -0.2)1646