(-0.9, 0.0, -0.3)17034001
(-0.9, 0.0, -0.3)17034052
(-0.9, 0.0, -0.3)17034102
(-0.9, 0.0, -0.3)17034153
(-0.9, 0.0, -0.3)17034203
(-0.9, 0.0, -0.3)17034253
(-0.9, 0.0, -0.3)17034304
(-0.9, 0.0, -0.3)17034356
(-0.9, 0.0, -0.3)17034406
(-0.9, 0.0, -0.3)17034459
(-0.9, 0.0, -0.3)17034508
(-0.9, 0.0, -0.3)17034558
(-0.9, 0.0, -0.3)17034609
(-0.9, 0.0, -0.3)17034661
(-0.9, 0.0, -0.3)17034711
(-0.9, 0.0, -0.3)17034762
(-0.9, 0.0, -0.3)17034812
(-0.9, 0.0, -0.3)17034862
(-0.9, 0.0, -0.3)17034913
(-0.9, 0.0, -0.3)17034964
(-0.9, 0.0, -0.3)17035015
(-0.9, 0.0, -0.3)17035066
(-0.9, 0.0, -0.3)17035117
(-0.9, 0.0, -0.3)17035168
(-0.9, 0.0, -0.3)17035219
(-0.9, 0.0, -0.3)17035270
(-0.9, 0.0, -0.3)17035321
(-0.9, 0.0, -0.3)17035374
(-0.9, 0.0, -0.3)17035423
(-0.9, 0.0, -0.3)17035474
(-0.9, 0.0, -0.3)17035524
(-0.9, 0.0, -0.3)17035575
(-0.9, 0.0, -0.3)17035625
(-0.9, 0.0, -0.3)17035676
(-0.9, 0.0, -0.3)17035728
(-0.9, 0.0, -0.3)17035778
(-0.9, 0.0, -0.3)17035828
(-0.9, 0.0, -0.3)17035878
(-0.9, 0.0, -0.3)17035931
(-0.9, 0.0, -0.3)17035983
(-0.9, 0.0, -0.3)17040033
(-0.9, 0.0, -0.3)17040084
(-0.9, 0.0, -0.3)17040135
(-0.9, 0.0, -0.3)17040185
(-0.9, 0.0, -0.3)17040236
(-0.9, 0.0, -0.3)17040287
(-0.9, 0.0, -0.3)17040338
(-0.9, 0.0, -0.3)17040389
(-0.9, 0.0, -0.3)17040439
(-0.9, 0.0, -0.3)17040490
(-0.9, 0.0, -0.3)17040540
(-0.9, 0.0, -0.3)17040591
(-0.9, 0.0, -0.3)17040641
(-0.9, 0.0, -0.3)17040692
(-0.9, 0.0, -0.3)17040742
(-0.9, 0.0, -0.3)17040794
(-0.9, 0.0, -0.3)17040844
(-0.9, 0.0, -0.3)17040895
(-0.9, 0.0, -0.3)17040946
(-0.9, 0.0, -0.3)17040996
(-0.9, 0.0, -0.3)17041047
(-0.9, 0.0, -0.3)17041098
(-0.9, 0.0, -0.3)17041150
(-0.9, 0.0, -0.3)17041201
(-0.9, 0.0, -0.3)17041251
(-0.9, 0.0, -0.3)17041301
(-0.9, 0.0, -0.3)17041353
(-0.9, 0.0, -0.3)17041403
(-0.9, 0.0, -0.3)17041454
(-0.9, 0.0, -0.3)17041504
(-0.9, 0.0, -0.3)17041555
(-0.9, 0.0, -0.3)17041606
(-0.9, 0.0, -0.3)17041657
(-0.9, 0.0, -0.3)17041708
(-0.9, 0.0, -0.3)17041759
(-0.9, 0.0, -0.3)17041810
(-0.9, 0.0, -0.3)17041861
(-0.9, 0.0, -0.3)17041911
(-0.9, 0.0, -0.3)17041962
(-0.9, 0.0, -0.3)17042013
(-0.9, 0.0, -0.3)17042064
(-0.9, 0.0, -0.3)17042115
(-0.9, 0.0, -0.3)17042166
(-0.9, 0.0, -0.3)17042216
(-0.9, 0.0, -0.3)17042268
(-0.9, 0.0, -0.3)17042318
(-0.9, 0.0, -0.3)17042369
(-0.9, 0.0, -0.3)17042419
(-0.9, 0.0, -0.3)17042470
(-0.9, 0.0, -0.3)17042520
(-0.9, 0.0, -0.3)17042571
(-0.9, 0.0, -0.3)17042622
(-0.9, 0.0, -0.3)17042672
(-0.9, 0.0, -0.3)17042723
(-0.9, 0.0, -0.3)17042773
(-0.9, 0.0, -0.3)17042824
(-0.9, 0.0, -0.3)17042880
(-0.9, 0.0, -0.3)17042928
(-0.9, 0.0, -0.3)17042979
(-0.9, 0.0, -0.3)17043030
(-0.9, 0.0, -0.3)17043081
(-0.9, 0.0, -0.3)17043132
(-0.9, 0.0, -0.3)17043183
(-0.9, 0.0, -0.3)17043233
(-0.9, 0.0, -0.3)17043284
(-0.9, 0.0, -0.3)17043335
(-0.9, 0.0, -0.3)17043386
(-0.9, 0.0, -0.3)17043439
(-0.9, 0.0, -0.3)17043490
(-0.9, 0.0, -0.3)17043541
(-0.9, 0.0, -0.3)17043593
(-0.9, 0.0, -0.3)17043643
(-0.9, 0.0, -0.3)17043694
(-0.9, 0.0, -0.3)17043746
(-0.9, 0.0, -0.3)17043797
(-0.9, 0.0, -0.3)17043850
(-0.9, 0.0, -0.3)17043900
(-0.9, 0.0, -0.3)17043951
(-0.9, 0.0, -0.3)17044002
(-0.9, 0.0, -0.3)17044053
(-0.9, 0.0, -0.3)17044104
(-0.9, 0.0, -0.3)17044155
(-0.9, 0.0, -0.3)17044206
(-0.9, 0.0, -0.3)17044256
(-0.9, 0.0, -0.3)17044308
(-0.9, 0.0, -0.3)17044360
(-0.9, 0.0, -0.3)17044411
(-0.9, 0.0, -0.3)17044462
(-0.9, 0.0, -0.3)17044513
(-0.9, 0.0, -0.3)17044564
(-0.9, 0.0, -0.3)17044614
(-0.9, 0.0, -0.3)17044664
(-0.9, 0.0, -0.3)17044715
(-0.9, 0.0, -0.3)17044766
(-0.9, 0.0, -0.3)17044818
(-0.9, 0.0, -0.3)17044868
(-0.9, 0.0, -0.3)17044919
(-0.9, 0.0, -0.3)17044970
(-0.9, 0.0, -0.3)17045020
(-0.9, 0.0, -0.3)17045071
(-0.9, 0.0, -0.3)17045121
(-0.9, 0.0, -0.3)17045172
(-0.9, 0.0, -0.3)17045222
(-0.9, 0.0, -0.3)17045274
(-0.9, 0.0, -0.3)17045324
(-0.9, 0.0, -0.3)17045374
(-0.9, 0.0, -0.3)17045425
(-0.9, 0.0, -0.3)17045475
(-0.9, 0.0, -0.3)17045526
(-0.9, 0.0, -0.3)17045576
(-0.9, 0.0, -0.3)17045626
(-0.9, 0.0, -0.3)17045677
(-0.9, 0.0, -0.3)17045728
(-0.9, 0.0, -0.3)17045779
(-0.9, 0.0, -0.3)17045831
(-0.9, 0.0, -0.3)17045882
(-0.9, 0.0, -0.3)17045933
(-0.9, 0.0, -0.3)17045984
(-0.9, 0.0, -0.3)17050034
(-0.9, 0.0, -0.3)17050085
(-0.9, 0.0, -0.3)17050135
(-0.9, 0.0, -0.3)17050186
(-0.9, 0.0, -0.3)17050238
(-0.9, 0.0, -0.3)17050288
(-0.9, 0.0, -0.3)17050338
(-0.9, 0.0, -0.3)17050389
(-0.9, 0.0, -0.3)17050441
(-0.9, 0.0, -0.3)17050492
(-0.9, 0.0, -0.3)17050542
(-0.9, 0.0, -0.3)17050593
(-0.9, 0.0, -0.3)17050644
(-0.9, 0.0, -0.3)17050694
(-0.9, 0.0, -0.3)17050746
(-0.9, 0.0, -0.3)17050795
(-0.9, 0.0, -0.3)17050846
(-0.9, 0.0, -0.3)17050896
(-0.9, 0.0, -0.3)17050947
(-0.9, 0.0, -0.3)17050997
(-0.9, 0.0, -0.3)17051047
(-0.9, 0.0, -0.3)17051098
(-0.9, 0.0, -0.3)17051149
(-0.9, 0.0, -0.3)17051199
(-0.9, 0.0, -0.3)17051250
(-0.9, 0.0, -0.3)17051301
(-0.9, 0.0, -0.3)17051352
(-0.9, 0.0, -0.3)17051402
(-0.9, 0.0, -0.3)17051454
(-0.9, 0.0, -0.3)17051504
(-0.9, 0.0, -0.3)17051554
(-0.9, 0.0, -0.3)