(-0.9, 0.0, -0.3)17143110
(-0.9, 0.0, -0.3)17143161
(-0.9, 0.0, -0.3)17143213
(-0.9, 0.0, -0.3)17143263
(-0.9, 0.0, -0.3)17143315
(-0.9, 0.0, -0.3)17143366
(-0.9, 0.0, -0.3)17143417
(-0.9, 0.0, -0.3)17143467
(-0.9, 0.0, -0.3)17143518
(-0.9, 0.0, -0.3)17143571
(-0.9, 0.0, -0.3)17143622
(-0.9, 0.0, -0.3)17143672
(-0.9, 0.0, -0.3)17143723
(-0.9, 0.0, -0.3)17143774
(-0.9, 0.0, -0.3)17143825
(-0.9, 0.0, -0.3)17143876
(-0.9, 0.0, -0.3)17143927
(-0.9, 0.0, -0.3)17143978
(-0.9, 0.0, -0.3)17144028
(-0.9, 0.0, -0.3)17144079
(-0.9, 0.0, -0.3)17144130
(-0.9, 0.0, -0.3)17144181
(-0.9, 0.0, -0.3)17144232
(-0.9, 0.0, -0.3)17144283
(-0.9, 0.0, -0.3)17144333
(-0.9, 0.0, -0.3)17144386
(-0.9, 0.0, -0.3)17144437
(-0.9, 0.0, -0.3)17144487
(-0.9, 0.0, -0.3)17144538
(-0.9, 0.0, -0.3)17144589
(-0.9, 0.0, -0.3)17144640
(-0.9, 0.0, -0.3)17144691
(-0.9, 0.0, -0.3)17144741
(-0.9, 0.0, -0.3)17144793
(-0.9, 0.0, -0.3)17144843
(-0.9, 0.0, -0.3)17144894
(-0.9, 0.0, -0.3)17144948
(-0.9, 0.0, -0.3)17144998
(-0.9, 0.0, -0.3)17145049
(-0.9, 0.0, -0.3)17145101
(-0.9, 0.0, -0.3)17145152
(-0.9, 0.0, -0.3)17145203
(-0.9, 0.0, -0.3)17145253
(-0.9, 0.0, -0.3)17145305
(-0.9, 0.0, -0.3)17145356
(-0.9, 0.0, -0.3)17145407
(-0.9, 0.0, -0.3)17145458
(-0.9, 0.0, -0.3)17145510
(-0.9, 0.0, -0.3)17145560
(-0.9, 0.0, -0.3)17145611
(-0.9, 0.0, -0.3)17145662
(-0.9, 0.0, -0.3)17145712
(-0.9, 0.0, -0.3)17145764
(-0.9, 0.0, -0.3)17145815
(-0.9, 0.0, -0.3)17145866
(-0.9, 0.0, -0.3)17145917
(-0.9, 0.0, -0.3)17145967
(-0.9, 0.0, -0.3)17150017
(-0.9, 0.0, -0.3)17150069
(-0.9, 0.0, -0.3)17150120
(-0.9, 0.0, -0.3)17150171
(-0.9, 0.0, -0.3)17150222
(-0.9, 0.0, -0.3)17150273
(-0.9, 0.0, -0.3)17150327
(-0.9, 0.0, -0.3)17150377
(-0.9, 0.0, -0.3)17150428
(-0.9, 0.0, -0.3)17150478
(-0.9, 0.0, -0.3)17150529
(-0.9, 0.0, -0.3)17150580
(-0.9, 0.0, -0.3)17150631
(-0.9, 0.0, -0.3)17150683
(-0.9, 0.0, -0.3)17150734
(-0.9, 0.0, -0.3)17150784
(-0.9, 0.0, -0.3)17150836
(-0.9, 0.0, -0.3)17150887
(-0.9, 0.0, -0.3)17150937
(-0.9, 0.0, -0.3)17150988
(-0.9, 0.0, -0.3)17151039
(-0.9, 0.0, -0.3)17151089
(-0.9, 0.0, -0.3)17151140
(-1.0, 0.0, -0.3)17151191
(-0.8, 0.1, 0.6)17151242
(-1.0, 0.1, -0.1)17151293
(-1.0, 0.1, -0.1)17151343
(-1.0, 0.1, -0.1)17151394
(-1.0, 0.1, -0.1)17151450
(-1.0, 0.1, -0.1)17151499
(-1.0, 0.1, -0.1)17151551
(-1.0, 0.1, -0.1)17151601
(-1.0, 0.1, -0.1)17151652
(-1.0, 0.1, -0.1)17151702
(-1.0, 0.1, -0.1)17151752
(-1.0, 0.1, -0.1)17151803
(-1.0, 0.1, -0.1)17151854
(-1.0, 0.1, -0.1)17151905
(-1.0, 0.1, -0.1)17151955
(-1.0, 0.1, -0.1)17152006
(-1.0, 0.1, -0.1)17152057
(-1.0, 0.1, -0.1)17152108
(-1.0, 0.1, -0.1)17152159
(-1.0, 0.1, -0.1)17152209
(-1.0, 0.1, -0.1)17152262
(-1.0, 0.1, -0.1)17152313
(-1.0, 0.1, -0.1)17152363
(-1.0, 0.1, -0.1)17152415
(-1.0, 0.1, -0.1)17152466
(-1.0, 0.1, -0.1)17152518
(-1.0, 0.1, -0.1)17152568
(-1.0, 0.1, -0.1)17152618
(-1.0, 0.1, -0.1)17152669
(-1.0, 0.1, -0.1)17152720
(-1.0, 0.1, -0.1)17152771
(-1.0, 0.1, -0.1)17152825
(-1.0, 0.1, -0.1)17152876
(-1.0, 0.1, -0.1)17152929
(-1.0, 0.1, -0.1)17152979
(-1.0, 0.1, -0.1)17153030
(-1.0, 0.1, -0.1)17153081
(-1.0, 0.1, -0.1)17153131
(-1.0, 0.1, -0.1)17153181
(-1.0, 0.1, -0.1)17153231
(-1.0, 0.1, -0.1)17153282
(-1.0, 0.1, -0.1)17153333
(-1.0, 0.1, -0.1)17153385
(-1.0, 0.1, -0.1)17153436
(-1.0, 0.1, -0.1)17153486
(-1.0, 0.1, -0.1)17153537
(-1.0, 0.1, -0.1)17153588
(-1.0, 0.1, -0.1)17153642
(-1.0, 0.1, -0.1)17153692
(-1.0, 0.1, -0.1)17153744
(-1.0, 0.1, -0.1)17153794
(-1.0, 0.1, -0.1)17153844
(-1.0, 0.1, -0.1)17153896
(-1.0, 0.1, -0.1)17153948
(-1.0, 0.1, -0.1)17154000
(-1.0, 0.1, -0.1)17154051
(-1.0, 0.1, -0.1)17154103
(-1.0, 0.1, -0.1)17154153
(-1.0, 0.1, -0.1)17154204
(-1.0, 0.1, -0.1)17154254
(-1.0, 0.1, -0.1)17154304
(-1.0, 0.1, -0.1)17154354
(-1.0, 0.1, -0.1)17154404
(-1.0, 0.1, -0.1)17154456
(-1.0, 0.1, -0.1)17154507
(-1.0, 0.1, -0.1)17154558
(-1.0, 0.1, -0.1)17154608
(-1.0, 0.1, -0.1)17154659
(-1.0, 0.1, -0.1)17154709
(-1.0, 0.1, -0.1)17154763
(-1.0, 0.1, -0.1)17154813
(-1.0, 0.1, -0.1)17154863
(-1.0, 0.1, -0.1)17154914
(-0.9, -0.1, -0.5)17154964
(-0.6, -0.3, -0.8)17155017
(0.2, -0.7, -0.7)17155067
(0.2, -0.7, -0.7)17155118
(0.2, -0.7, -0.7)17155169
(0.2, -0.7, -0.7)17155219
(0.2, -0.7, -0.7)17155270
(0.2, -0.7, -0.7)17155321
(0.2, -0.7, -0.7)17155371
(0.2, -0.7, -0.7)17155422
(0.2, -0.7, -0.7)17155472
(0.2, -0.7, -0.7)17155524
(0.2, -0.7, -0.7)17155576
(0.2, -0.7, -0.7)17155625
(0.2, -0.7, -0.7)17155676
(0.2, -0.7, -0.7)17155728
(0.2, -0.7, -0.7)17155779
(0.2, -0.7, -0.7)17155829
(0.2, -0.7, -0.7)17155880
(0.2, -0.7, -0.7)17155930
(0.2, -0.7, -0.7)17155981
(0.2, -0.7, -0.7)17160032
(0.2, -0.7, -0.7)17160082
(0.2, -0.7, -0.7)17160135
(0.2, -0.7, -0.7)17160186
(0.2, -0.7, -0.7)17160236
(0.2, -0.7, -0.7)17160287
(0.1, -0.5, -0.8)17160337
(-0.5, -0.5, -0.7)17160390
(-0.7, -0.7, -0.2)17160440
(-0.7, -0.7, -0.2)17160490
(-0.7, -0.7, -0.2)17160541
(-0.7, -0.7, -0.2)17160591
(-0.7, -0.7, -0.2)17160641
(-0.7, -0.7, -0.2)17160692
(-0.7, -0.7, -0.2)17160743
(-0.7, -0.7, -0.2)17160793
(-0.7, -0.7, -0.2)17160844
(-0.7, -0.7, -0.2)17160894
(-0.7, -0.7, -0.2)17160945
(-0.7, -0.7, -0.2)17160995
(-0.7, -0.7, -0.2)17161046
(-0.7, -0.7, -0.2)17161096
(-0.7, -0.7, -0.2)17161146
(-0.7, -0.7, -0.2)17161198
(-0.7, -0.7, -0.2)17161248
(-0.7, -0.7, -0.2)17161298
(-0.7, -0.7, -0.2)17161348
(-0.7, -0.7, -0.2)17161399
(-0.7, -0.7, -0.2)17161451
(-0.7, -0.7, -0.2)17161502
(-0.7, -0.7, -0.2)17161552
(-0.7, -0.7, -0.2)17161603
(-0.7, -0.7, -0.2)17161653
(-0.7, -0.6, -0.2)17161704
(-0.7, -0.6, -0.2)17161757
(-0.7, -0.6, -0.2)17161806
(-0.7, -0.6, -0.2)17161857
(-0.7, -0.6, -0.2)17161907
(-0.7, -0.6, -0.3)17161958
(-0.7, -0.6, -0.3)17162011
(-0.7, -0.6, -0.3)17162061
(-0.7, -0.6, -0.3)17162112
(-0.7, -0.6, -0.3)17162163
(-0.7, -0.6, -0.3)17162213
(-0.7, -0.6, -0.3)17162263
(-0.7, -0.6, -0.3)17162313
(-0.7, -0.6, -0.3)17162364
(-0.7, -0.6, -0.3)17162415
(-0.7, -0.6, -0.3)17162465
(-0.7, -0.6, -0.3)17162516
(-0.7, -0.6, -0.3)1716257