(-0.9, 0.0, -0.3)17274810
(-0.9, 0.0, -0.3)17274860
(-0.9, 0.0, -0.3)17274911
(-0.9, 0.0, -0.3)17274961
(-0.9, 0.0, -0.3)17275011
(-0.9, 0.0, -0.3)17275063
(-0.9, 0.0, -0.3)17275114
(-0.9, 0.0, -0.3)17275164
(-0.9, 0.0, -0.3)17275215
(-0.9, 0.0, -0.3)17275268
(-0.9, 0.0, -0.3)17275317
(-0.9, 0.0, -0.3)17275368
(-0.9, 0.0, -0.3)17275418
(-0.9, 0.0, -0.3)17275468
(-0.9, 0.0, -0.3)17275519
(-0.9, 0.0, -0.3)17275570
(-0.9, 0.0, -0.3)17275620
(-0.9, 0.0, -0.3)17275672
(-0.9, 0.0, -0.3)17275723
(-0.9, 0.0, -0.3)17275773
(-0.9, 0.0, -0.3)17275824
(-0.9, 0.0, -0.3)17275875
(-0.9, 0.0, -0.3)17275925
(-0.9, 0.0, -0.3)17275977
(-0.9, 0.0, -0.3)17280027
(-0.9, 0.0, -0.3)17280078
(-0.9, 0.0, -0.3)17280128
(-0.9, 0.0, -0.3)17280180
(-0.9, 0.0, -0.3)17280230
(-0.9, 0.0, -0.3)17280281
(-0.9, 0.0, -0.3)17280331
(-0.9, 0.0, -0.3)17280382
(-0.9, 0.0, -0.3)17280433
(-0.9, 0.0, -0.3)17280484
(-0.9, 0.0, -0.3)17280536
(-0.9, 0.0, -0.3)17280586
(-0.9, 0.0, -0.3)17280637
(-0.9, 0.0, -0.3)17280688
(-0.9, 0.0, -0.3)17280742
(-0.9, 0.0, -0.3)17280791
(-0.9, 0.0, -0.3)17280842
(-0.9, 0.0, -0.3)17280893
(-0.9, 0.0, -0.3)17280943
(-0.9, 0.0, -0.3)17280995
(-0.9, 0.0, -0.3)17281046
(-0.9, 0.0, -0.3)17281096
(-0.9, 0.0, -0.3)17281147
(-0.9, 0.0, -0.3)17281198
(-0.9, 0.0, -0.3)17281248
(-0.9, 0.0, -0.3)17281301
(-0.9, 0.0, -0.3)17281351
(-0.9, 0.0, -0.3)17281402
(-0.9, 0.0, -0.3)17281452
(-0.9, 0.0, -0.3)17281502
(-0.9, 0.0, -0.3)17281553
(-0.9, 0.0, -0.3)17281603
(-0.9, 0.0, -0.3)17281654
(-0.9, 0.0, -0.3)17281706
(-0.9, 0.0, -0.3)17281757
(-0.9, 0.0, -0.3)17281807
(-0.9, 0.0, -0.3)17281859
(-0.9, 0.0, -0.3)17281910
(-0.9, 0.0, -0.3)17281960
(-0.9, 0.0, -0.3)17282011
(-0.9, 0.0, -0.3)17282061
(-0.9, 0.0, -0.3)17282112
(-0.9, 0.0, -0.3)17282163
(-0.9, 0.0, -0.3)17282214
(-0.9, 0.0, -0.3)17282265
(-0.9, 0.0, -0.3)17282315
(-0.9, 0.0, -0.3)17282367
(-0.9, 0.0, -0.3)17282417
(-0.9, 0.0, -0.3)17282469
(-0.9, 0.0, -0.3)17282520
(-0.9, 0.0, -0.3)17282571
(-0.9, 0.0, -0.3)17282622
(-0.9, 0.0, -0.3)17282673
(-0.9, 0.0, -0.3)17282723
(-0.9, 0.0, -0.3)17282776
(-0.9, 0.0, -0.3)17282825
(-0.9, 0.0, -0.3)17282876
(-0.9, 0.0, -0.3)17282927
(-0.9, 0.0, -0.3)17282977
(-0.9, 0.0, -0.3)17283027
(-0.9, 0.0, -0.3)17283078
(-0.9, 0.0, -0.3)17283130
(-0.9, 0.0, -0.3)17283180
(-0.9, 0.0, -0.3)17283230
(-0.9, 0.0, -0.3)17283282
(-0.9, 0.0, -0.3)17283335
(-0.9, 0.0, -0.3)17283385
(-0.9, 0.0, -0.3)17283435
(-0.9, 0.0, -0.3)17283487
(-0.9, 0.0, -0.3)17283538
(-0.9, 0.0, -0.3)17283588
(-0.9, 0.0, -0.3)17283639
(-0.9, 0.0, -0.3)17283690
(-0.9, 0.0, -0.3)17283741
(-0.9, 0.0, -0.3)17283791
(-0.9, 0.0, -0.3)17283842
(-0.9, 0.0, -0.3)17283894
(-0.9, 0.0, -0.3)17283944
(-0.9, 0.0, -0.3)17283995
(-0.9, 0.0, -0.3)17284046
(-0.9, 0.0, -0.3)17284097
(-0.9, 0.0, -0.3)17284147
(-0.9, 0.0, -0.3)17284197
(-0.9, 0.0, -0.3)17284248
(-0.9, 0.0, -0.3)17284299
(-0.9, 0.0, -0.3)17284350
(-0.9, 0.0, -0.3)17284402
(-0.9, 0.0, -0.3)17284452
(-0.9, 0.0, -0.3)17284503
(-0.9, 0.0, -0.3)17284554
(-0.9, 0.0, -0.3)17284605
(-0.9, 0.0, -0.3)17284655
(-0.9, 0.0, -0.3)17284706
(-0.9, 0.0, -0.3)17284756
(-0.9, 0.0, -0.3)17284807
(-0.9, 0.0, -0.3)17284857
(-0.9, 0.0, -0.3)17284908
(-0.9, 0.0, -0.3)17284959
(-0.9, 0.0, -0.3)17285009
(-0.9, 0.0, -0.3)17285060
(-0.9, 0.0, -0.3)17285111
(-0.9, 0.0, -0.3)17285162
(-0.9, 0.0, -0.3)17285212
(-0.9, 0.0, -0.3)17285262
(-0.9, 0.0, -0.3)17285313
(-0.9, 0.0, -0.3)17285365
(-0.9, 0.0, -0.3)17285416
(-0.9, 0.0, -0.3)17285468
(-0.9, 0.0, -0.3)17285518
(-0.9, 0.0, -0.3)17285569
(-0.9, 0.0, -0.3)17285620
(-0.9, 0.0, -0.3)17285670
(-0.9, 0.0, -0.3)17285720
(-0.9, 0.0, -0.3)17285770
(-0.9, 0.0, -0.3)17285822
(-0.9, 0.0, -0.3)17285872
(-0.9, 0.0, -0.3)17285925
(-0.9, 0.0, -0.3)17285974
(-0.9, 0.0, -0.3)17290026
(-0.9, 0.0, -0.3)17290076
(-0.9, 0.0, -0.3)17290126
(-0.9, 0.0, -0.3)17290178
(-0.9, 0.0, -0.3)17290229
(-0.9, 0.0, -0.3)17290280
(-1.0, -0.1, -0.3)17290332
(-1.0, -0.1, -0.2)17290382
(-1.0, -0.1, -0.2)17290432
(-1.0, -0.1, -0.2)17290485
(-0.9, -0.4, 0.2)17290537
(-0.5, -0.8, 0.3)17290587
(-0.5, -0.8, -0.2)17290637
(-0.4, -0.8, -0.3)17290687
(-0.4, -0.8, -0.3)17290738
(-0.4, -0.8, -0.3)17290789
(-0.4, -0.8, -0.3)17290840
(-0.4, -0.8, -0.3)17290890
(-0.4, -0.8, -0.3)17290941
(-0.4, -0.8, -0.3)17290991
(-0.4, -0.8, -0.3)17291041
(-0.4, -0.8, -0.3)17291092
(-0.4, -0.8, -0.3)17291143
(-0.4, -0.8, -0.3)17291194
(-0.4, -0.8, -0.3)17291248
(-0.4, -0.8, -0.3)17291297
(-0.4, -0.8, -0.3)17291348
(-0.4, -0.8, -0.3)17291398
(-0.4, -0.8, -0.3)17291448
(-0.4, -0.8, -0.3)17291499
(-0.4, -0.8, -0.3)17291550
(-0.4, -0.8, -0.3)17291601
(-0.4, -0.8, -0.3)17291651
(-0.4, -0.8, -0.3)17291702
(-0.4, -0.8, -0.3)17291752
(-0.4, -0.8, -0.3)17291802
(-0.4, -0.8, -0.3)17291853
(-0.4, -0.8, -0.3)17291903
(-0.4, -0.8, -0.3)17291954
(-0.4, -0.8, -0.3)17292007
(-0.4, -0.8, -0.3)17292057
(-0.4, -0.8, -0.3)17292107
(-0.4, -0.8, -0.3)17292157
(-0.4, -0.8, -0.3)17292208
(-0.4, -0.8, -0.3)17292259
(-0.4, -0.8, -0.3)17292309
(-0.4, -0.8, -0.3)17292359
(-0.4, -0.8, -0.3)17292410
(-0.4, -0.8, -0.3)17292460
(-0.4, -0.8, -0.3)17292511
(-0.4, -0.8, -0.3)17292562
(-0.4, -0.8, -0.3)17292613
(-0.4, -0.8, -0.3)17292663
(-0.4, -0.8, -0.3)17292713
(-0.4, -0.8, -0.3)17292767
(-0.4, -0.8, -0.3)17292818
(-0.4, -0.8, -0.3)17292869
(-0.4, -0.8, -0.3)17292919
(-0.4, -0.8, -0.3)17292970
(-0.4, -0.8, -0.3)17293020
(-0.4, -0.8, -0.3)17293070
(-0.4, -0.8, -0.3)17293121
(-0.4, -0.8, -0.3)17293172
(-0.4, -0.8, -0.3)17293223
(-0.4, -0.8, -0.3)17293274
(-0.4, -0.8, -0.3)17293325
(-0.4, -0.8, -0.3)17293375
(-0.4, -0.8, -0.3)17293426
(-0.4, -0.8, -0.3)17293476
(-0.4, -0.8, -0.3)17293527
(-0.4, -0.8, -0.3)17293577
(-0.4, -0.8, -0.3)17293627
(-0.4, -0.8, -0.3)17293678
(-0.4, -0.8, -0.3)17293729
(-0.4, -0.8, -0.3)17293779
(-0.4, -0.8, -0.3)17293830
(-0.4, -0.8, -0.3)17293881
(-0.4, -0.8, -0.3)17293931
(-0.4, -0.8, -0.3)17293982
(-0.4, -0.8, -0.3)17294032
(-0.4, -0.8, -0.3)17294083
(-0.4, -0.8, -0.3)17294133
(-0.4, -0.8, -0.3)17294184
(-0.4, -0.8, -0.3)17294234
(-0.4, -0.8, -0.3)17294285
(-0.4, -0.8, -0.3)17294335
(-0.4, -0.8, -0.3)17294386
(-0.4, -0.8, -0.3)17294437
(-0.4, -0.8, -0.3)17294487
(-0.4, -0.8, -0.3)17294538
(-0.4, -0.8, -0.3)17294588
(-0.4, -0.8, -0.3)17294639
(-0.4, -0.8, -0.3)17294689
(-0.4, -0.8, -0.3)17294739
(-0.4, -0.8, -0.3)17294790
(-0.4, -0.8, -0.3)17294840
(-0.4, -0.8, -0.3)17294891
(-0.4, -0.8, -0.3)17294941
(-0.4, -0.8, -0.3)17294992
(-0.4, -0.8, -0.3)17295043
(-0.4, -0.8, -0.3)17295094
(-0.4, -0.8, -0.3)17295144
(-0.4, -0.8, -0.3)17295194
(-0.4, -0.8, -0.3)17295244
(-0.4, -0.8, -0.3)17295295
(-0.4, -0.8, -0.3)17295345
(-0.4, -0.8, -0.3)17295395
(-0.4, -0.8, -0.3)17295446
(-0.4, -0.8, -0.3)17295496
(-0.4, -0.8, -0.3)17295551
(-0.4, -0.8, -0.3)17295599
(-0.4, -0.8, -0.3)17295650
(-0.4, -0.8, -0.3)17295700
(-0.4, -0.8, -0.3)17295751
(-0.4, -0.8, -0.3)17295801
(-0.4, -0.8, -0.3)17295851
(-0.4, -0.8, -0.3)17295902
(-0.4, -0.8, -0.3)17295952
(-0.4, -0.8, -0.3)17300002
(-0.4, -0.8, -0.3)17300053
(-0.4, -0.8, -0.3)17300104
(-0.4, -0.8, -0.3)17300155
(-0.4, -0.8, -0.3)17300205
(-0.4, -0.8, -0.3)17300256
(-0.4, -0.8, -0.3)17300307
(-0.4, -0.8, -0.3)17300357
(-0.4, -0.8, -0.3)17300408
(-0.4, -0.8, -0.3)17300459
(-0.4, -0.8, -0.3)17300510
(-0.4, -0.8, -0.3)17300560
(-0.4, -0.8, -0.3)17300611
(-0.4, -0.8, -0.3)17300661
(-0.4, -0.8, -0.3)17300711
(-0.4, -0.8, -0.3)17300762
(-0.4, -0.8, -0.3)17300813
(-0.4, -0.8, -0.3)17300865
(-0.4, -0.8, -0.3)17300916
(-0.4, -0.8, -0.3)17300966
(-0.4, -0.8, -0.3)17301016
(-0.4, -0.8, -0.3)17301066
(-0.4, -0.8, -0.3)17301117
(-0.4, -0.8, -0.3)17301167
(-0.4, -0.8, -0.3)17301218
(-0.4, -0.8, -0.3)17301268
(-0.4, -0.8, -0.3)17301319
(-0.4, -0.8, -0.3)17301370
(-0.4, -0.8, -0.3)17301421
(-0.4, -0.8, -0.3)17301472
(-0.4, -0.8, -0.3)17301523
(-0.4, -0.8, -0.3)17301574
(-0.4, -0.8, -0.3)17301625
(-0.4, -0.8, -0.3)17301675
(-0.4, -0.8, -0.3)17301725
(-0.4, -0.8, -0.3)17301776
(-0.4, -0.8, -0.3)17301826
(-0.4, -0.8, -0.3)17301876
(-0.4, -0.8, -0.3)17301926
(-0.4, -0.8, -0.3)17301977
(-0.4, -0.8, -0.3)17302028
(-0.4, -0.8, -0.3)17302078
(-0.4, -0.8, -0.3)17302128
(-0.4, -0.8, -0.3)17302179
(-0.4, -0.8, -0.3)17302230
(-0.4, -0.8, -0.3)17302281
(-0.4, -0.8, -0.3)17302331
(-0.4, -0.8, -0.3)17302382
(-0.4, -0.8, -0.3)17302432
(-0.4, -0.8, -0.3)17302483
(-0.4, -0.8, -0.3)17302534
(-0.4, -0.8, -0.3)17302584
(-0.4, -0.8, -0.3)17302635
(-0.4, -0.8, -0.3)17302688
(-0.4, -0.8, -0.3)17302738
(-0.4, -0.8, -0.3)17302789
(-0.4, -0.8, -0.3)17302841
(-0.4, -0.8, -0.3)17302890
(-0.4, -0.8, -0.3)17302940
(-0.4, -0.8, -0.3)17302991
(-0.4, -0.8, -0.3)17303042
(-0.4, -0.8, -0.3)17303092
(-0.4, -0.8, -0.3)17303142
(-0.4, -0.8, -0.3)17303193
(-0.4, -0.8, -0.3)17303243
(-0.4, -0.8, -0.3)17303293
(-0.4, -0.8, -0.3)17303343
(-0.4, -0.8, -0.3)17303393
(-0.4, -0.8, -0.3)17303445
(-0.4, -0.8, -0.3)17303495
(-0.4, -0.8, -0.3)17303545
(-0.4, -0.8, -0.3)17303596
(-0.4, -0.8, -0.3)17303649
(-0.4, -0.8, -0.3)17303699
(-0.4, -0.8, -0.3)17303749
(-0.4, -0.8, -0.3)17303800
(-0.4, -0.8, -0.3)17303851
(-0.4, -0.8, -0.3)17303901
(-0.4, -0.8, -0.3)17303952
(-0.4, -0.8, -0.3)17304003
(-0.4, -0.8, -0.3)17304053
(-0.4, -0.8, -0.3)17304104
(-0.4, -0.8, -0.3)17304154
(-0.4, -0.8, -0.3)17304204
(-0.4, -0.8, -0.3)17304255
(-0.4, -0.8, -0.3)17304305
(-0.4, -0.8, -0.3)17304356
(-0.4, -0.8, -0.3)17304409
(-0.4, -0.8, -0.3)17304459
(-0.4, -0.8, -0.3)17304510
(-0.4, -0.8, -0.3)17304561
(-0.4, -0.8, -0.3)17304611
(-0.4, -0.8, -0.3)17304662
(-0.4, -0.8, -0.3)17304712
(-0.4, -0.8, -0.3)17304763
(-0.4, -0.8, -0.4)17304814
(-0.4, -0.4, -0.8)17304867
(-0.2, 0.0, -1.0)17304917
(-0.3, 0.0, -1.0)17304968
(-0.7, 0.0, -0.7)17305019
(-0.8, 0.1, -0.7)17305069
(-0.8, 0.1, -0.7)17305119
(-1.0, 0.1, -0.1)17305170
(-1.0, 0.1, 0.0)17305221
(-0.6, 0.1, -0.8)17305272
(-0.5, 0.1, -0.8)17305322
(-0.5, 0.1, -0.8)17305374
(-0.5, 0.1, -0.8)17305424
(-0.5, 0.1, -0.8)17305497
(-0.5, 0.1, -0.8)17305547
(-0.6, 0.2, 0.8)17305650
(-0.7, 0.0, 0.7)17305704
(-0.8, -0.2, 0.6)17305755
(-0.7, 0.2, 0.7)17305806
(-0.8, 0.3, 0.5)17305857
(-0.8, 0.3, 0.5)17305908
(-0.8, 0.3, 0.5)17305959
(-0.8, 0.3, 0.5)17310011
(-0.8, 0.3, 0.5)17310066
(-0.8, 0.3, 0.5)17310115
(-0.7, 0.2, 0.6)17310167
(-0.4, 0.2, 0.9)17310217
(-0.7, 0.1, 0.7)17310268
(-1.0, 0.1, 0.3)17310319
(-1.0, 0.1, 0.1)17310369
(-1.0, 0.1, 0.1)17310419
(-1.0, 0.1, 0.1)17310470
(-1.0, 0.1, 0.1)17310520
(-1.0, 0.1, 0.1)17310572
(-1.0, 0.1, 0.1)17310624
(-1.0, 0.1, 0.1)17310674
(-1.0, 0.1, 0.1)17310725
(-1.0, 0.1, 0.1)17310777
(-1.0, 0.1, 0.1)17310829
(-1.0, 0.1, 0.1)17310879
(-1.0, 0.1, 0.1)17311036
(-1.0, 0.1, 0.1)17311084
(-1.0, 0.1, 0.1)17311134
(-1.0, 0.1, 0.1)17311189
(-1.0, 0.1, 0.1)17311239
(-1.0, 0.1, 0.1)17311290
(-1.0, 0.1, 0.1)17311341
(-1.0, 0.1, 0.1)17311392
(-1.0, 0.1, 0.1)17311443
(-1.0, 0.1, 0.1)17311493
(-1.0, 0.1, 0.1)17311545
(-1.0, 0.1, 0.1)17311596
(-1.0, 0.1, 0.1)17311647
(-1.0, 0.1, 0.1)17311698
(-1.0, 0.1, 0.1)17311749
(-1.0, 0.1, 0.1)17311799
(-1.0, 0.1, 0.1)17311850
(-1.0, 0.1, 0.1)17311900
(-1.0, 0.1, 0.1)17311951
(-1.0, 0.1, 0.1)17312002
(-1.0, 0.1, 0.1)17312052
(-1.0, 0.1, 0.1)17312103
(-1.0, 0.1, 0.1)17312155
(-1.0, 0.1, 0.1)17312205
(-1.0, 0.1, 0.1)17312256
(-1.0, 0.1, 0.1)17312307
(-1.0, 0.1, 0.1)17312358
(-1.0, 0.1, 0.1)17312409
(-1.0, 0.1, 0.1)17312460
(-1.0, 0.1, 0.1)17312512
(-1.0, 0.1, 0.1)17312563
(-1.0, 0.1, 0.1)17312614
(-1.0, 0.1, 0.1)17312665
(-1.0, 0.1, 0.1)17312716
(-1.0, 0.1, 0.1)17312767
(-1.0, 0.1, 0.1)17312818
(-1.0, 0.1, 0.1)17312870
(-1.0, 0.1, 0.1)17312920
(-1.0, 0.1, 0.1)17312972
(-1.0, 0.1, 0.1)17313023
(-1.0, 0.1, 0.1)17313073
(-1.0, 0.1, 0.1)17313124
(-1.0, 0.1, 0.1)17313176
(-1.0, 0.1, 0.1)17313232
(-1.0, 0.1, 0.1)17313287
(-1.0, 0.1, 0.1)17313336
(-1.0, 0.1, 0.1)17313389
(-1.0, 0.1, 0.1)17313439
(-1.0, 0.1, 0.1)17313490
(-1.0, 0.1, 0.1)17313541
(-1.0, 0.1, 0.1)17313591
(-1.0, 0.1, 0.1)17313642
(-1.0, 0.1, 0.1)17313692
(-1.0, 0.1, 0.1)17313744
(-1.0, 0.1, 0.1)17313795
(-1.0, 0.1, 0.1)17313845
(-1.0, 0.1, 0.1)17313896
(-1.0, 0.1, 0.1)17313947
(-1.0, 0.1, 0.1)17313998
(-1.0, 0.1, 0.1)17314049
(-1.0, 0.1, 0.1)17314099
(-1.0, 0.1, 0.1)17314150
(-1.0, 0.1, 0.1)17314202
(-1.0, 0.1, 0.1)17314254
(-1.0, 0.1, 0.1)17314305
(-1.0, 0.1, 0.1)17314356
(-1.0, 0.1, 0.1)17314408
(-1.0, 0.1, 0.1)17314458
(-1.0, 0.1, 0.1)17314509
(-1.0, 0.1, 0.1)17314561
(-1.0, 0.1, 0.1)17314611
(-1.0, 0.1, 0.1)17314662
(-1.0, 0.1, 0.1)17314712
(-1.0, 0.1, 0.1)17314765
(-1.0, 0.1, 0.1)17314815
(-1.0, 0.1, 0.1)17314866
(-1.0, 0.1, 0.1)17314917
(-1.0, 0.1, 0.1)17314971
(-1.0, 0.1, 0.1)17315021
(-1.0, 0.1, 0.1)17315072
(-1.0, 0.1, 0.1)17315123
(-1.0, 0.1, 0.1)17315174
(-1.0, 0.1, 0.1)17315226
(-1.0, 0.1, 0.1)17315277
(-1.0, 0.1, 0.1)17315327
(-1.0, 0.1, 0.1)17315379
(-1.0, 0.1, 0.1)17315429
(-1.0, 0.1, 0.1)17315480
(-1.0, 0.1, 0.1)17315531
(-1.0, 0.1, 0.1)17315582
(-1.0, 0.1, 0.1)17315633
(-1.0, 0.1, 0.1)17315683
(-1.0, 0.1, 0.1)17315733
(-1.0, 0.1, 0.1)17315784
(-1.0, 0.1, 0.1)17315835
(-1.0, 0.1, 0.1)17315886
(-1.0, 0.1, 0.1)17315937
(-1.0, 0.1, 0.1)17315989
(-1.0, 0.1, 0.1)17320039
(-1.0, 0.1, 0.1)17320091
(-1.0, 0.1, 0.1)17320141
(-1.0, 0.1, 0.1)17320191
(-1.0, 0.1, 0.1)17320242
(-1.0, 0.1, 0.1)17320293
(-1.0, 0.1, 0.1)17320344
(-1.0, 0.1, 0.1)17320394
(-1.0, 0.1, 0.1)17320446
(-1.0, 0.1, 0.1)17320500
(-1.0, 0.1, 0.1)17320551
(-1.0, 0.1, 0.1)17320602
(-1.0, 0.1, 0.1)17320652
(-1.0, 0.1, 0.1)17320704
(-1.0, 0.1, 0.1)17320755
(-1.0, 0.1, 0.1)17320806
(-1.0, 0.1, 0.1)17320857
(-1.0, 0.1, 0.1)17320909
(-1.0, 0.1, 0.1)17320959
(-1.0, 0.1, 0.1)17321011
(-1.0, 0.1, 0.1)17321063
(-1.0, 0.1, 0.1)17321112
(-1.0, 0.1, 0.1)17321163
(-1.0, 0.1, 0.1)17321217
(-1.0, 0.1, 0.1)17321269
(-1.0, 0.1, 0.1)17321320
(-1.0, 0.1, 0.1)17321370
(-1.0, 0.1, 0.1)17321423
(-1.0, 0.1, 0.1)17321474
(-1.0, 0.1, 0.1)17321525
(-1.0, 0.1, 0.1)17321577
(-1.0, 0.1, 0.1)17321628
(-1.0, 0.1, 0.1)17321678
(-1.0, 0.1, 0.1)17321729
(-1.0, 0.1, 0.1)17321781
(-1.0, 0.1, 0.1)17321831
(-1.0, 0.1, 0.1)17321882
(-1.0, 0.1, 0.1)17321933
(-1.0, 0.1, 0.1)17321985
(-1.0, 0.1, 0.1)17322036
(-1.0, 0.1, 0.1)17322087
(-1.0, 0.1, 0.1)17322138
(-1.0, 0.1, 0.1)17322191
(-1.0, 0.1, 0.1)17322241
(-1.0, 0.1, 0.1)17322292
(-1.0, 0.1, 0.1)17322343
(-1.0, 0.1, 0.1)17322393
(-1.0, 0.1, 0.1)17322445
(-1.0, 0.1, 0.1)17322495
(-1.0, 0.1, 0.1)17322548
(-1.0, 0.1, 0.1)17322600
(-1.0, 0.1, 0.1)17322651
(-1.0, 0.1, 0.1)17322701
(-1.0, 0.1, 0.1)17322754
(-1.0, 0.1, 0.1)17322804
(-1.0, 0.1, 0.1)17322855
(-1.0, 0.1, 0.1)17322906
(-1.0, 0.1, 0.1)17322956
(-1.0, 0.1, 0.1)17323007
(-1.0, 0.1, 0.1)17323058
(-1.0, 0.1, 0.1)17323108
(-1.0, 0.1, 0.1)17323161
(-1.0, 0.1, 0.1)17323214
(-1.0, 0.1, 0.1)17323266
(-1.0, 0.1, 0.1)17323316
(-1.0, 0.1, 0.1)17323367
(-1.0, 0.1, 0.1)17323418
(-1.0, 0.1, 0.1)17323471
(-1.0, 0.1, 0.1)17323522
(-1.0, 0.1, 0.1)17323572
(-1.0, 0.1, 0.1)17323622
(-1.0, 0.1, 0.1)17323674
(-1.0, 0.1, 0.1)17323725
(-1.0, 0.1, 0.1)17323775
(-1.0, 0.1, 0.1)17323825
(-1.0, 0.1, 0.1)17323877
(-1.0, 0.1, 0.1)17323928
(-1.0, 0.1, 0.1)17323979
(-1.0, 0.1, 0.1)17324031
(-1.0, 0.1, 0.1)17324081
(-1.0, 0.1, 0.1)17324132
(-1.0, 0.1, 0.1)17324182
(-1.0, 0.1, 0.1)17324234
(-1.0, 0.1, 0.1)17324285
(-1.0, 0.1, 0.1)17324336
(-1.0, 0.1, 0.1)17324387
(-1.0, 0.1, 0.1)17324438
(-1.0, 0.1, 0.1)17324493
(-1.0, 0.1, 0.1)17324543
(-1.0, 0.1, 0.1)17324594
(-1.0, 0.1, 0.1)17324644
(-1.0, 0.1, 0.1)17324695
(-1.0, 0.1, 0.1)17324746
(-1.0, 0.1, 0.1)17324797
(-1.0, 0.1, 0.1)17324848
(-1.0, 0.1, 0.1)17324899
(-1.0, 0.1, 0.1)17324949
(-1.0, 0.1, 0.1)17325002
(-1.0, 0.1, 0.1)17325051
(-1.0, 0.1, 0.1)17325102
(-1.0, 0.1, 0.1)17325153
(-1.0, 0.1, 0.1)17325204
(-1.0, 0.1, 0.1)17325255
(-1.0, 0.1, 0.1)17325306
(-1.0, 0.1, 0.1)17325364
(-1.0, 0.1, 0.1)17325412
(-1.0, 0.1, 0.1)17325463
(-1.0, 0.1, 0.1)17325514
(-1.0, 0.1, 0.1)17325565
(-1.0, 0.1, 0.1)17325616
(-1.0, 0.1, 0.1)17325666
(-1.0, 0.1, 0.1)17325717
(-1.0, 0.1, 0.1)17325768
(-1.0, 0.1, 0.1)17325818
(-1.0, 0.1, 0.1)17325870
(-1.0, 0.1, 0.1)17325924
(-1.0, 0.1, 0.1)17325974
(-1.0, 0.1, 0.1)17330025
(-1.0, 0.1, 0.1)17330076
(-1.0, 0.1, 0.1)17330127
(-1.0, 0.1, 0.1)17330178
(-1.0, 0.1, 0.1)17330230
(-1.0, 0.1, 0.1)17330280
(-1.0, 0.1, 0.1)17330331
(-1.0, 0.1, 0.1)17330383
(-1.0, 0.1, 0.1)17330434
(-1.0, 0.1, 0.1)17330485
(-1.0, 0.1, 0.1)17330536
(-1.0, 0.1, 0.1)17330587
(-1.0, 0.1, 0.1)17330639
(-1.0, 0.1, 0.1)17330689
(-1.0, 0.1, 0.1)17330740
(-1.0, 0.1, 0.1)17330792
(-1.0, 0.1, 0.1)17330842
(-1.0, 0.1, 0.1)17330893
(-1.0, 0.1, 0.1)17330945
(-1.0, 0.1, 0.1)17330996
(-1.0, 0.1, 0.1)17331046
(-1.0, 0.1, 0.1)17331097
(-1.0, 0.1, 0.1)17331147
(-1.0, 0.1, 0.1)17331198
(-1.0, 0.1, 0.1)17331250
(-1.0, 0.1, 0.1)17331300
(-1.0, 0.1, 0.1)17331351
(-1.0, 0.1, 0.1)17331402
(-1.0, 0.1, 0.1)17331453
(-1.0, 0.1, 0.1)17331504
(-1.0, 0.1, 0.1)17331555
(-1.0, 0.1, 0.1)17331605
(-1.0, 0.1, 0.1)17331658
(-1.0, 0.1, 0.1)17331710
(-1.0, 0.1, 0.1)17331760
(-1.0, 0.1, 0.1)17331811
(-1.0, 0.1, 0.1)17331862
(-1.0, 0.1, 0.1)17331914
(-1.0, 0.1, 0.1)17331966
(-1.0, 0.1, 0.1)17332017
(-1.0, 0.1, 0.1)17332068
(-1.0, 0.1, 0.1)17332118
(-1.0, 0.1, 0.1)17332169
(-1.0, 0.1, 0.1)17332220
(-1.0, 0.1, 0.1)17332270
(-1.0, 0.1, 0.1)17332321
(-1.0, 0.1, 0.1)17332373
(-1.0, 0.1, 0.1)17332425
(-1.0, 0.1, 0.1)17332476
(-1.0, 0.1, 0.1)17332527
(-1.0, 0.1, 0.1)17332578
(-1.0, 0.1, 0.1)17332629
(-1.0, 0.1, 0.1)17332679
(-1.0, 0.1, 0.1)17332730
(-1.0, 0.1, 0.1)17332782
(-1.0, 0.1, 0.1)17332832
(-1.0, 0.1, 0.1)17332882
(-1.0, 0.1, 0.1)17332943
(-1.0, 0.1, 0.1)17332993
(-1.0, 0.1, 0.1)17333044
(-1.0, 0.1, 0.1)17333095
(-1.0, 0.1, 0.1)17333146
(-1.0, 0.1, 0.1)17333198
(-1.0, 0.1, 0.1)17333248
(-1.0, 0.1, 0.1)17333298
(-1.0, 0.1, 0.1)17333351
(-1.0, 0.1, 0.1)17333402
(-1.0, 0.1, 0.1)17333452
(-1.0, 0.1, 0.1)17333502
(-1.0, 0.1, 0.1)17333554
(-1.0, 0.1, 0.1)17333605
(-1.0, 0.1, 0.1)17333655
(-1.0, 0.1, 0.1)17333707
(-1.0, 0.1, 0.1)17333757
(-1.0, 0.1, 0.1)17333808
(-1.0, 0.1, 0.1)17333860
(-1.0, 0.1, 0.1)17333913
(-1.0, 0.1, 0.1)17333963
(-1.0, 0.1, 0.1)17334014
(-1.0, 0.1, 0.1)17334064
(-1.0, 0.1, 0.1)17334115
(-1.0, 0.1, 0.1)17334166
(-1.0, 0.1, 0.1)17334217
(-1.0, 0.1, 0.1)17334269
(-1.0, 0.1, 0.1)17334320
(-1.0, 0.1, 0.1)17334371
(-1.0, 0.1, 0.1)17334422
(-1.0, 0.1, 0.1)17334473
(-1.0, 0.1, 0.1)17334524
(-1.0, 0.1, 0.1)17334575
(-1.0, 0.1, 0.1)17334626
(-1.0, 0.1, 0.1)17334678
(-1.0, 0.1, 0.1)17334730
(-1.0, 0.1, 0.1)17334782
(-1.0, 0.1, 0.1)17334832
(-1.0, 0.1, 0.1)17334885
(-1.0, 0.1, 0.1)17334937
(-1.0, 0.1, 0.1)17334987
(-1.0, 0.1, 0.1)17335039
(-1.0, 0.1, 0.1)17335090
(-1.0, 0.1, 0.1)17335141
(-1.0, 0.1, 0.1)17335191
(-1.0, 0.1, 0.1)17335242
(-1.0, 0.1, 0.1)17335293
(-1.0, 0.1, 0.1)17335345
(-1.0, 0.1, 0.1)17335396
(-1.0, 0.1, 0.1)17335446
(-1.0, 0.1, 0.1)17335496
(-1.0, 0.1, 0.1)17335548
(-1.0, 0.1, 0.1)17335602
(-1.0, 0.1, 0.1)17335652
(-1.0, 0.1, 0.1)17335703
(-1.0, 0.1, 0.1)17335754
(-1.0, 0.1, 0.1)17335804
(-1.0, 0.1, 0.1)17335855
(-1.0, 0.1, 0.1)17335905
(-1.0, 0.1, 0.1)17335956
(-1.0, 0.1, 0.1)17340008
(-1.0, 0.1, 0.1)17340059
(-1.0, 0.1, 0.1)17340110
(-1.0, 0.1, 0.1)17340162
(-1.0, 0.1, 0.1)17340213
(-1.0, 0.1, 0.1)17340265
(-1.0, 0.1, 0.1)17340316
(-1.0, 0.1, 0.1)17340366
(-1.0, 0.1, 0.1)17340418
(-1.0, 0.1, 0.1)17340468
(-1.0, 0.1, 0.1)17340522
(-1.0, 0.1, 0.1)17340570
(-1.0, 0.1, 0.1)17340620
(-1.0, 0.1, 0.1)17340670
(-1.0, 0.1, 0.1)17340721
(-1.0, 0.1, 0.1)17340771
(-1.0, 0.1, 0.1)17340823
(-1.0, 0.1, 0.1)17340875
(-1.0, 0.1, 0.1)17340926
(-1.0, 0.1, 0.1)17340976
(-1.0, 0.1, 0.1)17341026
(-1.0, 0.1, 0.1)17341081
(-1.0, 0.1, 0.1)17341130
(-1.0, 0.1, 0.1)17341180
(-1.0, 0.1, 0.1)17341231
(-1.0, 0.1, 0.1)17341283
(-1.0, 0.1, 0.1)17341334
(-1.0, 0.1, 0.1)17341384
(-1.0, 0.1, 0.1)17341435
(-1.0, 0.1, 0.1)17341486
(-1.0, 0.1, 0.1)17341537
(-1.0, 0.1, 0.1)17341588
(-1.0, 0.1, 0.1)17341640
(-1.0, 0.1, 0.1)17341690
(-1.0, 0.1, 0.1)17341741
(-1.0, 0.1, 0.1)17341792
(-1.0, 0.1, 0.1)17341843
(-1.0, 0.1, 0.1)17341894
(-1.0, 0.1, 0.1)17341945
(-1.0, 0.1, 0.1)17341996
(-1.0, 0.1, 0.1)17342047
(-1.0, 0.1, 0.1)17342098
(-1.0, 0.1, 0.1)17342149
(-1.0, 0.1, 0.1)17342199
(-1.0, 0.1, 0.1)17342250
(-1.0, 0.1, 0.1)17342299
(-1.0, 0.1, 0.1)17342350
(-1.0, 0.1, 0.1)17342402
(-1.0, 0.1, 0.1)17342451
(-1.0, 0.1, 0.1)17342501
(-1.0, 0.1, 0.1)17342552
(-1.0, 0.1, 0.1)17342603
(-1.0, 0.1, 0.1)17342654
(-1.0, 0.1, 0.1)17342706
(-1.0, 0.1, 0.1)17342756
(-1.0, 0.1, 0.1)17342809
(-1.0, 0.1, 0.1)17342861
(-1.0, 0.1, 0.1)17342911
(-1.0, 0.1, 0.1)17342961
(-1.0, 0.1, 0.1)17343012
(-1.0, 0.1, 0.1)17343063
(-1.0, 0.1, 0.1)17343115
(-1.0, 0.1, 0.1)17343165
(-1.0, 0.1, 0.1)17343217
(-1.0, 0.1, 0.1)17343269
(-1.0, 0.1, 0.1)17343323
(-1.0, 0.1, 0.1)17343372
(-1.0, 0.1, 0.1)17343422
(-1.0, 0.1, 0.1)17343475
(-1.0, 0.1, 0.1)17343525
(-1.0, 0.1, 0.1)17343577
(-1.0, 0.1, 0.1)17343629
(-1.0, 0.1, 0.1)17343680
(-1.0, 0.1, 0.1)17343730
(-1.0, 0.1, 0.1)17343782
(-1.0, 0.1, 0.1)17343833
(-1.0, 0.1, 0.1)17343885
(-1.0, 0.1, 0.1)17343935
(-1.0, 0.1, 0.1)17343985
(-1.0, 0.1, 0.1)17344036
(-1.0, 0.1, 0.1)17344089
(-1.0, 0.1, 0.1)17344143
(-1.0, 0.1, 0.1)17344195
(-1.0, 0.1, 0.1)17344245
(-1.0, 0.1, 0.1)17344298
(-1.0, 0.1, 0.1)17344349
(-1.0, 0.1, 0.1)17344404
(-1.0, 0.1, 0.1)17344457
(-1.0, 0.1, 0.1)17344510
(-1.0, 0.1, 0.1)17344562
(-1.0, 0.1, 0.1)17344613
(-1.0, 0.1, 0.1)17344664
(-1.0, 0.1, 0.1)17344715
(-1.0, 0.1, 0.1)17344765
(-1.0, 0.1, 0.1)17344815
(-1.0, 0.1, 0.1)17344865
(-1.0, 0.1, 0.1)17344917
(-1.0, 0.1, 0.1)17344969
(-1.0, 0.1, 0.1)17345020
(-1.0, 0.1, 0.1)17345072
(-1.0, 0.1, 0.1)17345123
(-1.0, 0.1, 0.1)17345176
(-1.0, 0.1, 0.1)17345228
(-1.0, 0.1, 0.1)17345278
(-1.0, 0.1, 0.1)17345334
(-1.0, 0.1, 0.1)17345384
(-1.0, 0.1, 0.1)17345435
(-1.0, 0.1, 0.1)17345486
(-1.0, 0.1, 0.1)17345538
(-1.0, 0.1, 0.1)17345588
(-1.0, 0.1, 0.1)17345639
(-1.0, 0.1, 0.1)17345689
(-1.0, 0.1, 0.1)17345740
(-1.0, 0.1, 0.1)17345791
(-1.0, 0.1, 0.1)17345842
(-1.0, 0.1, 0.1)17345894
(-1.0, 0.1, 0.1)17345943
(-1.0, 0.1, 0.1)17345994
(-1.0, 0.1, 0.1)17350044
(-1.0, 0.1, 0.1)17350095
(-1.0, 0.1, 0.1)17350146
(-1.0, 0.1, 0.1)17350196
(-1.0, 0.1, 0.1)17350246
(-1.0, 0.1, 0.1)17350296
(-1.0, 0.1, 0.1)17350347
(-1.0, 0.1, 0.1)17350398
(-1.0, 0.1, 0.1)17350448
(-1.0, 0.1, 0.1)17350500
(-1.0, 0.1, 0.1)17350551
(-1.0, 0.1, 0.1)17350602
(-1.0, 0.1, 0.1)17350654
(-1.0, 0.1, 0.1)17350705
(-1.0, 0.1, 0.1)17350756
(-1.0, 0.1, 0.1)17350808
(-1.0, 0.1, 0.1)17350859
(-1.0, 0.1, 0.1)17350911
(-1.0, 0.1, 0.1)17350961
(-1.0, 0.1, 0.1)17351013
(-1.0, 0.1, 0.1)17351065
(-1.0, 0.1, 0.1)17351115
(-1.0, 0.1, 0.1)17351166
(-1.0, 0.1, 0.1)17351219
(-1.0, 0.1, 0.1)17351270
(-1.0, 0.1, 0.1)17351321
(-1.0, 0.1, 0.1)17351372
(-1.0, 0.1, 0.1)17351422
(-1.0, 0.1, 0.1)17351474
(-1.0, 0.1, 0.1)17351526
(-1.0, 0.1, 0.1)17351577
(-1.0, 0.1, 0.1)17351629
(-1.0, 0.1, 0.1)17351679
(-1.0, 0.1, 0.1)17351730
(-1.0, 0.1, 0.1)17351782
(-1.0, 0.1, 0.1)17351833
(-1.0, 0.1, 0.1)17351885
(-1.0, 0.1, 0.1)17351935
(-1.0, 0.1, 0.1)17351986
(-1.0, 0.1, 0.1)17352037
(-1.0, 0.1, 0.1)17352088
(-1.0, 0.1, 0.1)17352141
(-1.0, 0.1, 0.1)17352190
(-1.0, 0.1, 0.1)17352240
(-1.0, 0.1, 0.1)17352291
(-1.0, 0.1, 0.1)17352341
(-1.0, 0.1, 0.1)17352393
(-1.0, 0.1, 0.1)17352443
(-1.0, 0.1, 0.1)17352493
(-1.0, 0.1, 0.1)17352543
(-1.0, 0.1, 0.1)17352595
(-1.0, 0.1, 0.1)17352646
(-1.0, 0.1, 0.1)17352698
(-1.0, 0.1, 0.1)17352749
(-1.0, 0.1, 0.1)17352799
(-1.0, 0.1, 0.1)17352849
(-1.0, 0.1, 0.1)17352901
(-1.0, 0.1, 0.1)17352952
(-1.0, 0.1, 0.1)17353003
(-1.0, 0.1, 0.1)17353054
(-1.0, 0.1, 0.1)17353104
(-1.0, 0.1, 0.1)17353155
(-1.0, 0.1, 0.1)17353206
(-1.0, 0.1, 0.1)17353260
(-1.0, 0.1, 0.1)17353310
(-1.0, 0.1, 0.1)17353361
(-1.0, 0.1, 0.1)17353412
(-1.0, 0.1, 0.1)17353463
(-1.0, 0.1, 0.1)17353514
(-1.0, 0.1, 0.1)17353565
(-1.0, 0.1, 0.1)17353614
(-1.0, 0.1, 0.1)17353665
(-1.0, 0.1, 0.1)17353717
(-1.0, 0.1, 0.1)17353768
(-1.0, 0.1, 0.1)17353819
(-1.0, 0.1, 0.1)17353868
(-1.0, 0.1, 0.1)17353919
(-1.0, 0.1, 0.1)17353971
(-1.0, 0.1, 0.1)17354022
(-1.0, 0.1, 0.1)17354074
(-1.0, 0.1, 0.1)17354125
(-1.0, 0.1, 0.1)17354175
(-1.0, 0.1, 0.1)17354227
(-1.0, 0.1, 0.1)17354277
(-1.0, 0.1, 0.1)17354329
(-1.0, 0.1, 0.1)17354384
(-1.0, 0.1, 0.1)17354433
(-1.0, 0.1, 0.1)17354484
(-1.0, 0.1, 0.1)17354535
(-1.0, 0.1, 0.1)17354585
(-1.0, 0.1, 0.1)17354636
(-1.0, 0.1, 0.1)17354687
(-1.0, 0.1, 0.1)17354738
(-1.0, 0.1, 0.1)17354788
(-1.0, 0.1, 0.1)17355105
(-1.0, 0.1, 0.1)17355157
(-1.0, 0.1, 0.1)17355325
(-1.0, 0.1, 0.1)17355375
(-1.0, 0.1, 0.1)17355425
(-1.0, 0.1, 0.1)17355476
(-1.0, 0.1, 0.1)17355527
(-1.0, 0.1, 0.1)17355578
(-1.0, 0.1, 0.1)17355628
(-1.0, 0.1, 0.1)17355681
(-1.0, 0.1, 0.1)17355730
(-1.0, 0.1, 0.1)17355781
(-1.0, 0.1, 0.1)17355831
(-1.0, 0.1, 0.1)17355882
(-1.0, 0.1, 0.1)17355933
(-1.0, 0.1, 0.1)17355983
(-1.0, 0.1, 0.1)17360033
(-1.0, 0.1, 0.1)17360085
(-1.0, 0.1, 0.1)17360135
(-1.0, 0.1, 0.1)17360186
(-1.0, 0.1, 0.1)17360237
(-1.0, 0.1, 0.1)17360287
(-1.0, 0.1, 0.1)17360338
(-1.0, 0.1, 0.1)17360389
(-1.0, 0.1, 0.1)17360441
(-1.0, 0.1, 0.1)17360492
(-1.0, 0.1, 0.1)17360543
(-1.0, 0.1, 0.1)17360593
(-1.0, 0.1, 0.1)17360644
(-1.0, 0.1, 0.1)17360694
(-1.0, 0.1, 0.1)17360747
(-1.0, 0.1, 0.1)17360798
(-1.0, 0.1, 0.1)17360849
(-1.0, 0.1, 0.1)17360900
(-1.0, 0.1, 0.1)17360950
(-1.0, 0.1, 0.1)17361001
(-1.0, 0.1, 0.1)17361052
(-1.0, 0.1, 0.1)17361103
(-1.0, 0.1, 0.1)17361156
(-1.0, 0.1, 0.1)17361209
(-1.0, 0.1, 0.1)17361260
(-1.0, 0.1, 0.1)17361311
(-1.0, 0.1, 0.1)17361365
(-1.0, 0.1, 0.1)17361415
(-1.0, 0.1, 0.1)17361468
(-1.0, 0.1, 0.1)17361519
(-1.0, 0.1, 0.1)17361570
(-1.0, 0.1, 0.1)17361621
(-1.0, 0.1, 0.1)17361671
(-1.0, 0.1, 0.1)17361721
(-1.0, 0.1, 0.1)17361772
(-1.0, 0.1, 0.1)17361823
(-1.0, 0.1, 0.1)17361873
(-1.0, 0.1, 0.1)17361926
(-1.0, 0.1, 0.1)17361975
(-1.0, 0.1, 0.1)17362026
(-1.0, 0.1, 0.1)17362078
(-1.0, 0.1, 0.1)17362129
(-1.0, 0.1, 0.1)17362180
(-1.0, 0.1, 0.1)17362232
(-1.0, 0.1, 0.1)17362282
(-1.0, 0.1, 0.1)17362333
(-1.0, 0.1, 0.1)17362385
(-1.0, 0.1, 0.1)17362436
(-1.0, 0.1, 0.1)17362490
(-1.0, 0.1, 0.1)17362541
(-1.0, 0.1, 0.1)17362592
(-1.0, 0.1, 0.1)17362642
(-1.0, 0.1, 0.1)17362692
(-1.0, 0.1, 0.1)17362744
(-1.0, 0.1, 0.1)17362795
(-1.0, 0.1, 0.1)17362845
(-1.0, 0.1, 0.1)17362898
(-1.0, 0.1, 0.1)17362949
(-1.0, 0.1, 0.1)17363000
(-1.0, 0.1, 0.1)17363051
(-1.0, 0.1, 0.1)17363101
(-1.0, 0.1, 0.1)17363153
(-1.0, 0.1, 0.1)17363203
(-1.0, 0.1, 0.1)17363253
(-1.0, 0.1, 0.1)17363303
(-1.0, 0.1, 0.1)17363354
(-1.0, 0.1, 0.1)17363405
(-1.0, 0.1, 0.1)17363456
(-1.0, 0.1, 0.1)17363508
(-1.0, 0.1, 0.1)17363559
(-1.0, 0.1, 0.1)17363610
(-1.0, 0.1, 0.1)17363661
(-1.0, 0.1, 0.1)17363712
(-1.0, 0.1, 0.1)17363763
(-1.0, 0.1, 0.1)17363813
(-1.0, 0.1, 0.1)17363864
(-1.0, 0.1, 0.1)17363914
(-1.0, 0.1, 0.1)17363966
(-1.0, 0.1, 0.1)17364018
(-1.0, 0.1, 0.1)17364068
(-1.0, 0.1, 0.1)17364118
(-1.0, 0.1, 0.1)17364173
(-1.0, 0.1, 0.1)17364223
(-1.0, 0.1, 0.1)17364275
(-1.0, 0.1, 0.1)17364326
(-1.0, 0.1, 0.1)17364377
(-1.0, 0.1, 0.1)17364428
(-1.0, 0.1, 0.1)17364478
(-1.0, 0.1, 0.1)17364529
(-1.0, 0.1, 0.1)17364580
(-1.0, 0.1, 0.1)17364631
(-1.0, 0.1, 0.1)17364682
(-1.0, 0.1, 0.1)17364733
(-1.0, 0.1, 0.1)17364783
(-1.0, 0.1, 0.1)17364835
(-1.0, 0.1, 0.1)17364885
(-1.0, 0.1, 0.1)17364937
(-1.0, 0.1, 0.1)17364990
(-1.0, 0.1, 0.1)17365041
(-1.0, 0.1, 0.1)17365096
(-1.0, 0.1, 0.1)17365145
(-1.0, 0.1, 0.1)17365195
(-1.0, 0.1, 0.1)17365248
(-1.0, 0.1, 0.1)17365300
(-1.0, 0.1, 0.1)17365351
(-1.0, 0.1, 0.1)17365401
(-1.0, 0.1, 0.1)17365453
(-1.0, 0.1, 0.1)17365503
(-1.0, 0.1, 0.1)17365554
(-1.0, 0.1, 0.1)17365605
(-1.0, 0.1, 0.1)17365661
(-1.0, 0.1, 0.1)17365710
(-1.0, 0.1, 0.1)17365762
(-1.0, 0.1, 0.1)17365812
(-1.0, 0.1, 0.1)17365864
(-1.0, 0.1, 0.1)17365915
(-1.0, 0.1, 0.1)17365966
(-1.0, 0.1, 0.1)17370018
(-1.0, 0.1, 0.1)17370070
(-1.0, 0.1, 0.1)17370120
(-1.0, 0.1, 0.1)17370171
(-1.0, 0.1, 0.1)17370222
(-1.0, 0.1, 0.1)17370272
(-1.0, 0.1, 0.1)17370323
(-1.0, 0.1, 0.1)17370375
(-1.0, 0.1, 0.1)17370426
(-1.0, 0.1, 0.1)17370476
(-1.0, 0.1, 0.1)17370527
(-1.0, 0.1, 0.1)17370578
(-1.0, 0.1, 0.1)17370629
(-1.0, 0.1, 0.1)17370679
(-1.0, 0.1, 0.1)17370730
(-1.0, 0.1, 0.1)17370782
(-1.0, 0.1, 0.1)17370832
(-1.0, 0.1, 0.1)17370882
(-1.0, 0.1, 0.1)17370934
(-1.0, 0.1, 0.1)17370985
(-1.0, 0.1, 0.1)17371036
(-1.0, 0.1, 0.1)17371086
(-1.0, 0.1, 0.1)17371138
(-1.0, 0.1, 0.1)17371189
(-1.0, 0.1, 0.1)17371240
(-1.0, 0.1, 0.1)17371291
(-1.0, 0.1, 0.1)17371343
(-1.0, 0.1, 0.1)17371393
(-1.0, 0.1, 0.1)17371444
(-1.0, 0.1, 0.1)17371495
(-1.0, 0.1, 0.1)17371546
(-1.0, 0.1, 0.1)17371597
(-1.0, 0.1, 0.1)17371648
(-1.0, 0.1, 0.1)17371699
(-1.0, 0.1, 0.1)17371749
(-1.0, 0.1, 0.1)17371800
(-1.0, 0.1, 0.1)17371852
(-1.0, 0.1, 0.1)17371905
(-1.0, 0.1, 0.1)17371956
(-1.0, 0.1, 0.1)17372007
(-1.0, 0.1, 0.1)17372058
(-1.0, 0.1, 0.1)17372108
(-1.0, 0.1, 0.1)17372159
(-1.0, 0.1, 0.1)17372210
(-1.0, 0.1, 0.1)17372262
(-1.0, 0.1, 0.1)17372312
(-1.0, 0.1, 0.1)17372363
(-1.0, 0.1, 0.1)17372413
(-1.0, 0.1, 0.1)17372467
(-1.0, 0.1, 0.1)17372518
(-1.0, 0.1, 0.1)17372569
(-1.0, 0.1, 0.1)17372620
(-1.0, 0.1, 0.1)17372670
(-1.0, 0.1, 0.1)17372721
(-1.0, 0.1, 0.1)17372772
(-1.0, 0.1, 0.1)17372822
(-1.0, 0.1, 0.1)17372872
(-1.0, 0.1, 0.1)17372923
(-1.0, 0.1, 0.1)17372975
(-1.0, 0.1, 0.1)17373031
(-1.0, 0.1, 0.1)17373081
(-1.0, 0.1, 0.1)17373132
(-1.0, 0.1, 0.1)17373184
(-1.0, 0.1, 0.1)17373234
(-1.0, 0.1, 0.1)17373286
(-1.0, 0.1, 0.1)17373337
(-1.0, 0.1, 0.1)17373388
(-1.0, 0.1, 0.1)17373439
(-1.0, 0.1, 0.1)17373490
(-1.0, 0.1, 0.1)17373540
(-1.0, 0.1, 0.1)17373593
(-1.0, 0.1, 0.1)17373644
(-1.0, 0.1, 0.1)17373694
(-1.0, 0.1, 0.1)17373746
(-1.0, 0.1, 0.1)17373797
(-1.0, 0.1, 0.1)17373847
(-1.0, 0.1, 0.1)17373898
(-1.0, 0.1, 0.1)17373949
(-1.0, 0.1, 0.1)17374000
(-1.0, 0.1, 0.1)17374052
(-1.0, 0.1, 0.1)17374102
(-1.0, 0.1, 0.1)17374152
(-1.0, 0.1, 0.1)17374203
(-1.0, 0.1, 0.1)17374254
(-1.0, 0.1, 0.1)17374304
(-1.0, 0.1, 0.1)17374356
(-1.0, 0.1, 0.1)17374406
(-1.0, 0.1, 0.1)17374457
(-1.0, 0.1, 0.1)17374507
(-1.0, 0.1, 0.1)17374558
(-1.0, 0.1, 0.1)17374613
(-1.0, 0.1, 0.1)17374664
(-1.0, 0.1, 0.1)17374715
(-1.0, 0.1, 0.1)17374766
(-1.0, 0.1, 0.1)17374818
(-1.0, 0.1, 0.1)17374871
(-1.0, 0.1, 0.1)17374922
(-1.0, 0.1, 0.1)17374973
(-1.0, 0.1, 0.1)17375025
(-1.0, 0.1, 0.1)17375081
(-1.0, 0.1, 0.1)17375130
(-1.0, 0.1, 0.1)17375181
(-1.0, 0.1, 0.1)17375232
(-1.0, 0.1, 0.1)17375283
(-1.0, 0.1, 0.1)17375333
(-1.0, 0.1, 0.1)17375385
(-1.0, 0.1, 0.1)17375436
(-1.0, 0.1, 0.1)17375487
(-1.0, 0.1, 0.1)17375537
(-1.0, 0.1, 0.1)17375588
(-1.0, 0.1, 0.1)17375640
(-1.0, 0.1, 0.1)17375692
(-1.0, 0.1, 0.1)17375742
(-1.0, 0.1, 0.1)17375795
(-1.0, 0.1, 0.1)17375848
(-1.0, 0.1, 0.1)17375899
(-1.0, 0.1, 0.1)17375949
(-1.0, 0.1, 0.1)17380000
(-1.0, 0.1, 0.1)17380054
(-1.0, 0.1, 0.1)17380105
(-1.0, 0.1, 0.1)17380156
(-1.0, 0.1, 0.1)17380208
(-1.0, 0.1, 0.1)17380258
(-1.0, 0.1, 0.1)17380309
(-1.0, 0.1, 0.1)17380362
(-1.0, 0.1, 0.1)17380412
(-1.0, 0.1, 0.1)17380465
(-1.0, 0.1, 0.1)17380517
(-1.0, 0.1, 0.1)17380570
(-1.0, 0.1, 0.1)17380618
(-1.0, 0.1, 0.1)17380670
(-1.0, 0.1, 0.1)17380722
(-1.0, 0.1, 0.1)17380774
(-1.0, 0.1, 0.1)17380825
(-1.0, 0.1, 0.1)17380877
(-1.0, 0.1, 0.1)17380928
(-1.0, 0.1, 0.1)17380978
(-1.0, 0.1, 0.1)17381031
(-1.0, 0.1, 0.1)17381082
(-1.0, 0.1, 0.1)17381132
(-1.0, 0.1, 0.1)17381184
(-1.0, 0.1, 0.1)17381235
(-1.0, 0.1, 0.1)17381287
(-1.0, 0.1, 0.1)17381337
(-1.0, 0.1, 0.1)17381388
(-1.0, 0.1, 0.1)17381440
(-1.0, 0.1, 0.1)17381490
(-1.0, 0.1, 0.1)17381542
(-1.0, 0.1, 0.1)17381592
(-1.0, 0.1, 0.1)17381644
(-1.0, 0.1, 0.1)17381696
(-1.0, 0.1, 0.1)17381746
(-1.0, 0.1, 0.1)17381799
(-1.0, 0.1, 0.1)17381850
(-1.0, 0.1, 0.1)17381900
(-1.0, 0.1, 0.1)17381952
(-1.0, 0.1, 0.1)17382004
(-1.0, 0.1, 0.1)17382055
(-1.0, 0.1, 0.1)17382106
(-1.0, 0.1, 0.1)17382156
(-1.0, 0.1, 0.1)17382207
(-1.0, 0.1, 0.1)17382258
(-1.0, 0.1, 0.1)17382309
(-1.0, 0.1, 0.1)17382359
(-1.0, 0.1, 0.1)17382410
(-1.0, 0.1, 0.1)17382461
(-1.0, 0.1, 0.1)17382513
(-1.0, 0.1, 0.1)17382565
(-1.0, 0.1, 0.1)17382616
(-1.0, 0.1, 0.1)17382666
(-1.0, 0.1, 0.1)17382716
(-1.0, 0.1, 0.1)17382771
(-1.0, 0.1, 0.1)17382821
(-1.0, 0.1, 0.1)17382872
(-1.0, 0.1, 0.1)17382924
(-1.0, 0.1, 0.1)17382975
(-1.0, 0.1, 0.1)17383025
(-1.0, 0.1, 0.1)17383076
(-1.0, 0.1, 0.1)17383127
(-1.0, 0.1, 0.1)17383179
(-1.0, 0.1, 0.1)17383229
(-1.0, 0.1, 0.1)17383280
(-1.0, 0.1, 0.1)17383330
(-1.0, 0.1, 0.1)17383382
(-1.0, 0.1, 0.1)17383432
(-1.0, 0.1, 0.1)17383483
(-1.0, 0.1, 0.1)17383534
(-1.0, 0.1, 0.1)17383585
(-1.0, 0.1, 0.1)17383637
(-1.0, 0.1, 0.1)17383688
(-1.0, 0.1, 0.1)17383741
(-1.0, 0.1, 0.1)17383791
(-1.0, 0.1, 0.1)17383842
(-1.0, 0.1, 0.1)17383893
(-1.0, 0.1, 0.1)17383943
(-1.0, 0.1, 0.1)17383994
(-1.0, 0.1, 0.1)17384044
(-1.0, 0.1, 0.1)17384095
(-1.0, 0.1, 0.1)17384145
(-1.0, 0.1, 0.1)17384198
(-1.0, 0.1, 0.1)17384252
(-1.0, 0.1, 0.1)17384302
(-1.0, 0.1, 0.1)17384354
(-1.0, 0.1, 0.1)17384405
(-1.0, 0.1, 0.1)17384456
(-1.0, 0.1, 0.1)17384507
(-1.0, 0.1, 0.1)17384558
(-1.0, 0.1, 0.1)17384608
(-1.0, 0.1, 0.1)17384660
(-1.0, 0.1, 0.1)17384711
(-1.0, 0.1, 0.1)17384763
(-1.0, 0.1, 0.1)17384814
(-1.0, 0.1, 0.1)17384864
(-1.0, 0.1, 0.1)17384915
(-1.0, 0.1, 0.1)17384967
(-1.0, 0.1, 0.1)17385018
(-1.0, 0.1, 0.1)17385069
(-1.0, 0.1, 0.1)17385119
(-1.0, 0.1, 0.1)17385171
(-1.0, 0.1, 0.1)17385222
(-1.0, 0.1, 0.1)17385273
(-1.0, 0.1, 0.1)17385324
(-1.0, 0.1, 0.1)17385374
(-1.0, 0.1, 0.1)17385425
(-1.0, 0.1, 0.1)17385475
(-1.0, 0.1, 0.1)17385527
(-1.0, 0.1, 0.1)17385578
(-1.0, 0.1, 0.1)17385631
(-1.0, 0.1, 0.1)17385681
(-1.0, 0.1, 0.1)17385732
(-1.0, 0.1, 0.1)17385783
(-1.0, 0.1, 0.1)17385834
(-1.0, 0.1, 0.1)17385885
(-1.0, 0.1, 0.1)17385935
(-1.0, 0.1, 0.1)17385986
(-1.0, 0.1, 0.1)17390037
(-1.0, 0.1, 0.1)17390087
(-1.0, 0.1, 0.1)17390138
(-1.0, 0.1, 0.1)17390192
(-1.0, 0.1, 0.1)17390242
(-1.0, 0.1, 0.1)17390293
(-1.0, 0.1, 0.1)17390344
(-1.0, 0.1, 0.1)17390394
(-1.0, 0.1, 0.1)17390445
(-1.0, 0.1, 0.1)17390495
(-1.0, 0.1, 0.1)17390545
(-1.0, 0.1, 0.1)17390596
(-1.0, 0.1, 0.1)17390647
(-1.0, 0.1, 0.1)17390698
(-1.0, 0.1, 0.1)17390749
(-1.0, 0.1, 0.1)17390800
(-1.0, 0.1, 0.1)17390850
(-1.0, 0.1, 0.1)17390901
(-1.0, 0.1, 0.1)17390953
(-1.0, 0.1, 0.1)17391003
(-1.0, 0.1, 0.1)17391055
(-1.0, 0.1, 0.1)17391105
(-1.0, 0.1, 0.1)17391155
(-1.0, 0.1, 0.1)17391206
(-1.0, 0.1, 0.1)17391256
(-1.0, 0.1, 0.1)17391309
(-1.0, 0.1, 0.1)17391359
(-1.0, 0.1, 0.1)17391410
(-1.0, 0.1, 0.1)17391461
(-1.0, 0.1, 0.1)17391511
(-1.0, 0.1, 0.1)17391561
(-1.0, 0.1, 0.1)17391613
(-1.0, 0.1, 0.1)17391664
(-1.0, 0.1, 0.1)17391715
(-1.0, 0.1, 0.1)17391766
(-1.0, 0.1, 0.1)17391817
(-1.0, 0.1, 0.1)17391870
(-1.0, 0.1, 0.1)17391921
(-1.0, 0.1, 0.1)17391972
(-1.0, 0.1, 0.1)17392023
(-1.0, 0.1, 0.1)17392076
(-1.0, 0.1, 0.1)17392128
(-1.0, 0.1, 0.1)17392177
(-1.0, 0.1, 0.1)17392228
(-1.0, 0.1, 0.1)17392280
(-1.0, 0.1, 0.1)17392330
(-1.0, 0.1, 0.1)17392380
(-1.0, 0.1, 0.1)17392434
(-1.0, 0.1, 0.1)17392484
(-1.0, 0.1, 0.1)17392535
(-1.0, 0.1, 0.1)17392586
(-1.0, 0.1, 0.1)17392637
(-1.0, 0.1, 0.1)17392688
(-1.0, 0.1, 0.1)17392739
(-1.0, 0.1, 0.1)17392790
(-1.0, 0.1, 0.1)17392842
(-1.0, 0.1, 0.1)17392892
(-1.0, 0.1, 0.1)17392944
(-1.0, 0.1, 0.1)17392994
(-1.0, 0.1, 0.1)17393045
(-1.0, 0.1, 0.1)17393097
(-1.0, 0.1, 0.1)17393149
(-1.0, 0.1, 0.1)17393199
(-1.0, 0.1, 0.1)17393250
(-1.0, 0.1, 0.1)17393300
(-1.0, 0.1, 0.1)17393351
(-1.0, 0.1, 0.1)17393405
(-1.0, 0.1, 0.1)17393454
(-1.0, 0.1, 0.1)17393504
(-1.0, 0.1, 0.1)17393555
(-1.0, 0.1, 0.1)17393606
(-1.0, 0.1, 0.1)17393657
(-1.0, 0.1, 0.1)17393709
(-1.0, 0.1, 0.1)17393787
(-1.0, 0.1, 0.1)17393825
(-1.0, 0.1, 0.1)17393880
(-1.0, 0.1, 0.1)17393931
(-1.0, 0.1, 0.1)17393982
(-1.0, 0.1, 0.1)17394033
(-1.0, 0.1, 0.1)17394084
(-1.0, 0.1, 0.1)17394135
(-1.0, 0.1, 0.1)17394186
(-1.0, 0.1, 0.1)17394236
(-1.0, 0.1, 0.1)17394287
(-1.0, 0.1, 0.1)17394338
(-1.0, 0.1, 0.1)17394390
(-1.0, 0.1, 0.1)17394440
(-1.0, 0.1, 0.1)17394491
(-1.0, 0.1, 0.1)17394542
(-1.0, 0.1, 0.1)17394593
(-1.0, 0.1, 0.1)17394644
(-1.0, 0.1, 0.1)17394696
(-1.0, 0.1, 0.1)17394747
(-1.0, 0.1, 0.1)17394798
(-1.0, 0.1, 0.1)17394848
(-1.0, 0.1, 0.1)17394899
(-1.0, 0.1, 0.1)17394953
(-1.0, 0.1, 0.1)17395001
(-1.0, 0.1, 0.1)17395053
(-1.0, 0.1, 0.1)17395104
(-1.0, 0.1, 0.1)17395156
(-1.0, 0.1, 0.1)17395207
(-1.0, 0.1, 0.1)17395259
(-1.0, 0.1, 0.1)17395309
(-1.0, 0.1, 0.1)17395360
(-1.0, 0.1, 0.1)17395411
(-1.0, 0.1, 0.1)17395463
(-1.0, 0.1, 0.1)17395514
(-1.0, 0.1, 0.1)17395564
(-1.0, 0.1, 0.1)17395615
(-1.0, 0.1, 0.1)17395665
(-1.0, 0.1, 0.1)17395717
(-1.0, 0.1, 0.1)17395767
(-1.0, 0.1, 0.1)17395817
(-1.0, 0.1, 0.1)17395868
(-1.0, 0.1, 0.1)17395920
(-1.0, 0.1, 0.1)17395970
(-1.0, 0.1, 0.1)17400021
(-1.0, 0.1, 0.1)17400072
(-1.0, 0.1, 0.1)17400123
(-1.0, 0.1, 0.1)17400175
(-1.0, 0.1, 0.1)17400225
(-1.0, 0.1, 0.1)17400277
(-1.0, 0.1, 0.1)17400328
(-1.0, 0.1, 0.1)17400379
(-1.0, 0.1, 0.1)17400430
(-1.0, 0.1, 0.1)17400482
(-1.0, 0.1, 0.1)17400532
(-1.0, 0.1, 0.1)17400583
(-1.0, 0.1, 0.1)17400633
(-1.0, 0.1, 0.1)17400685
(-1.0, 0.1, 0.1)17400736
(-1.0, 0.1, 0.1)17400788
(-1.0, 0.1, 0.1)17400840
(-1.0, 0.1, 0.1)17400891
(-1.0, 0.1, 0.1)17400942
(-1.0, 0.1, 0.1)17400992
(-1.0, 0.1, 0.1)17401047
(-1.0, 0.1, 0.1)17401097
(-1.0, 0.1, 0.1)17401148
(-1.0, 0.1, 0.1)17401199
(-1.0, 0.1, 0.1)17401251
(-1.0, 0.1, 0.1)17401302
(-1.0, 0.1, 0.1)17401354
(-1.0, 0.1, 0.1)17401405
(-1.0, 0.1, 0.1)17401456
(-1.0, 0.1, 0.1)17401507
(-1.0, 0.1, 0.1)17401558
(-1.0, 0.1, 0.1)17402067
(-1.0, 0.1, 0.1)17402116
(-1.0, 0.1, 0.1)17402166
(-1.0, 0.1, 0.1)17402217
(-1.0, 0.1, 0.1)17402269
(-1.0, 0.1, 0.1)17402318
(-1.0, 0.1, 0.1)17402368
(-1.0, 0.1, 0.1)17402419
(-1.0, 0.1, 0.1)17402471
(-1.0, 0.1, 0.1)17402521
(-1.0, 0.1, 0.1)17402572
(-1.0, 0.1, 0.1)17402623
(-1.0, 0.1, 0.1)17402675
(-1.0, 0.1, 0.1)17402727
(-1.0, 0.1, 0.1)17402777
(-1.0, 0.1, 0.1)17402831
(-1.0, 0.1, 0.1)17402880
(-1.0, 0.1, 0.1)17402930
(-1.0, 0.1, 0.1)17402994
(-1.0, 0.1, 0.1)17403044
(-1.0, 0.1, 0.1)17403095
(-1.0, 0.1, 0.1)17403146
(-1.0, 0.1, 0.1)17403206
(-1.0, 0.1, 0.1)17403254
(-1.0, 0.1, 0.1)17403305
(-1.0, 0.1, 0.1)17403355
(-1.0, 0.1, 0.1)17403405
(-1.0, 0.1, 0.1)17403457
(-1.0, 0.1, 0.1)17403508
(-1.0, 0.1, 0.1)17403561
(-1.0, 0.1, 0.1)17403613
(-1.0, 0.1, 0.1)17403663
(-1.0, 0.1, 0.1)17403714
(-1.0, 0.1, 0.1)17403767
(-1.0, 0.1, 0.1)17403819
(-1.0, 0.1, 0.1)17403869
(-1.0, 0.1, 0.1)17403921
(-1.0, 0.1, 0.1)17403973
(-1.0, 0.1, 0.1)17404023
(-1.0, 0.1, 0.1)17404074
(-1.0, 0.1, 0.1)17404125
(-1.0, 0.1, 0.1)17404177
(-1.0, 0.1, 0.1)17404228
(-1.0, 0.1, 0.1)17404278
(-1.0, 0.1, 0.1)17404329
(-1.0, 0.1, 0.1)17404380
(-1.0, 0.1, 0.1)17404431
(-1.0, 0.1, 0.1)17404483
(-1.0, 0.1, 0.1)17404537
(-1.0, 0.1, 0.1)17404588
(-1.0, 0.1, 0.1)17404645
(-1.0, 0.1, 0.1)17404697
(-1.0, 0.1, 0.1)17404748
(-1.0, 0.1, 0.1)17404799
(-1.0, 0.1, 0.1)17404849
(-1.0, 0.1, 0.1)17404899
(-1.0, 0.1, 0.1)17404950
(-1.0, 0.1, 0.1)17405001
(-1.0, 0.1, 0.1)17405051
(-1.0, 0.1, 0.1)17405103
(-1.0, 0.1, 0.1)17405155
(-1.0, 0.1, 0.1)17405207
(-1.0, 0.1, 0.1)17405259
(-1.0, 0.1, 0.1)17405311
(-1.0, 0.1, 0.1)17405362
(-1.0, 0.1, 0.1)17405413
(-1.0, 0.1, 0.1)17405463
(-1.0, 0.1, 0.1)17405514
(-1.0, 0.1, 0.1)17405565
(-1.0, 0.1, 0.1)17405617
(-1.0, 0.1, 0.1)17405667
(-1.0, 0.1, 0.1)17405718
(-1.0, 0.1, 0.1)17405768
(-1.0, 0.1, 0.1)17405821
(-1.0, 0.1, 0.1)17405872
(-1.0, 0.1, 0.1)17410086
(-1.0, 0.1, 0.1)17410138
(-1.0, 0.1, 0.1)17410188
(-1.0, 0.1, 0.1)17410238
(-1.0, 0.1, 0.1)17410289
(-1.0, 0.1, 0.1)17410339
(-1.0, 0.1, 0.1)17410390
(-1.0, 0.1, 0.1)17410441
(-1.0, 0.1, 0.1)17410492
(-1.0, 0.1, 0.1)17410543
(-1.0, 0.1, 0.1)17410594
(-1.0, 0.1, 0.1)17410644
(-1.0, 0.1, 0.1)17410695
(-1.0, 0.1, 0.1)17410751
(-1.0, 0.1, 0.1)17410802
(-1.0, 0.1, 0.1)17410854
(-1.0, 0.1, 0.1)17410905
(-1.0, 0.1, 0.1)17410957
(-1.0, 0.1, 0.1)17411008
(-1.0, 0.1, 0.1)17411059
(-1.0, 0.1, 0.1)17411109
(-1.0, 0.1, 0.1)17411160
(-1.0, 0.1, 0.1)17411211
(-1.0, 0.1, 0.1)17411263
(-1.0, 0.1, 0.1)17411316
(-1.0, 0.1, 0.1)17411368
(-1.0, 0.1, 0.1)17411419
(-1.0, 0.1, 0.1)17411471
(-1.0, 0.1, 0.1)17411523
(-1.0, 0.1, 0.1)17411575
(-1.0, 0.1, 0.1)17411626
(-1.0, 0.1, 0.1)17411679
(-1.0, 0.1, 0.1)17411730
(-1.0, 0.1, 0.1)17411781
(-1.0, 0.1, 0.1)17411831
(-1.0, 0.1, 0.1)17411882
(-1.0, 0.1, 0.1)17411933
(-1.0, 0.1, 0.1)17411984
(-1.0, 0.1, 0.1)17412035
(-1.0, 0.1, 0.1)17412087
(-1.0, 0.1, 0.1)17412138
(-1.0, 0.1, 0.1)17412189
(-1.0, 0.1, 0.1)17412241
(-1.0, 0.1, 0.1)17412290
(-1.0, 0.1, 0.1)17412341
(-1.0, 0.1, 0.1)17412393
(-1.0, 0.1, 0.1)17412444
(-1.0, 0.1, 0.1)17412496
(-1.0, 0.1, 0.1)17412547
(-1.0, 0.1, 0.1)17412599
(-1.0, 0.1, 0.1)17412651
(-1.0, 0.1, 0.1)17412703
(-1.0, 0.1, 0.1)17412754
(-1.0, 0.1, 0.1)17412811
(-1.0, 0.1, 0.1)17412860
(-1.0, 0.1, 0.1)17412912
(-1.0, 0.1, 0.1)17412963
(-1.0, 0.1, 0.1)17413014
(-1.0, 0.1, 0.1)17413066
(-1.0, 0.1, 0.1)17413118
(-1.0, 0.1, 0.1)17413169
(-1.0, 0.1, 0.1)17413219
(-1.0, 0.1, 0.1)17413269
(-1.0, 0.1, 0.1)17413321
(-1.0, 0.1, 0.1)17413373
(-1.0, 0.1, 0.1)17413424
(-1.0, 0.1, 0.1)17413474
(-1.0, 0.1, 0.1)17413526
(-1.0, 0.1, 0.1)17413576
(-1.0, 0.1, 0.1)17413627
(-1.0, 0.1, 0.1)17413678
(-1.0, 0.1, 0.1)17413728
(-1.0, 0.1, 0.1)17413792
(-1.0, 0.1, 0.1)17413841
(-1.0, 0.1, 0.1)17413892
(-1.0, 0.1, 0.1)17413943
(-1.0, 0.1, 0.1)17413994
(-1.0, 0.1, 0.1)17414045
(-1.0, 0.1, 0.1)17414096
(-1.0, 0.1, 0.1)17414148
(-1.0, 0.1, 0.1)17414199
(-1.0, 0.1, 0.1)17414433
(-1.0, 0.1, 0.1)17414486
(-1.0, 0.1, 0.1)17414535
(-1.0, 0.1, 0.1)17414585
(-1.0, 0.1, 0.1)17414636
(-1.0, 0.1, 0.1)17414686
(-1.0, 0.1, 0.1)17414737
(-1.0, 0.1, 0.1)17414789
(-1.0, 0.1, 0.1)17414839
(-1.0, 0.1, 0.1)17414891
(-1.0, 0.1, 0.1)17414943
(-1.0, 0.1, 0.1)17414993
(-1.0, 0.1, 0.1)17415046
(-1.0, 0.1, 0.1)17415095
(-1.0, 0.1, 0.1)17415146
(-1.0, 0.1, 0.1)17415198
(-1.0, 0.1, 0.1)17415249
(-1.0, 0.1, 0.1)17415300
(-1.0, 0.1, 0.1)17415351
(-1.0, 0.1, 0.1)17415403
(-1.0, 0.1, 0.1)17415453
(-1.0, 0.1, 0.1)17415506
(-1.0, 0.1, 0.1)17415556
(-1.0, 0.1, 0.1)17415609
(-1.0, 0.1, 0.1)17415660
(-1.0, 0.1, 0.1)17415712
(-1.0, 0.1, 0.1)17415763
(-1.0, 0.1, 0.1)17415815
(-1.0, 0.1, 0.1)17415866
(-1.0, 0.1, 0.1)17415917
(-1.0, 0.1, 0.1)17415967
(-1.0, 0.1, 0.1)17420017
(-1.0, 0.1, 0.1)17420068
(-1.0, 0.1, 0.1)17420119
(-1.0, 0.1, 0.1)17420171
(-1.0, 0.1, 0.1)17420222
(-1.0, 0.1, 0.1)17420273
(-1.0, 0.1, 0.1)17420324
(-1.0, 0.1, 0.1)17420375
(-1.0, 0.1, 0.1)17420426
(-1.0, 0.1, 0.1)17420477
(-1.0, 0.1, 0.1)17420528
(-0.7, 0.1, 0.7)17420578
(-0.9, 0.0, 0.4)17420630
(-1.0, 0.0, 0.1)17420681
(-1.0, 0.0, 0.0)17420733
(-0.8, 0.0, 0.6)17420782
(-0.6, 0.0, 0.8)17420834
(-0.6, 0.1, 0.8)17420885
(-0.5, 0.1, 0.8)17420937
(-0.5, 0.5, 0.7)17420987
(-0.6, 0.3, 0.7)17421039
(-0.7, 0.2, 0.6)17421090
(-0.5, 0.5, 0.7)17421141
(-0.4, 0.5, 0.7)17421191
(-0.5, 0.2, 0.8)17421242
(-0.5, -0.1, 0.9)17421293
(-0.5, -0.2, 0.8)17421344
(-0.5, -0.3, 0.8)17421394
(-0.5, 0.1, 0.8)17421445
(-0.5, 0.3, 0.8)17421495
(-0.5, 0.4, 0.8)17421546
(-0.5, 0.4, 0.8)17421597
(-0.5, 0.4, 0.8)17421648
(-0.5, 0.4, 0.8)17421699
(-0.5, 0.4, 0.8)17421750
(-0.5, 0.4, 0.8)17421801
(-0.5, 0.4, 0.8)17421854
(-0.5, 0.4, 0.8)17421904
(-0.5, 0.4, 0.8)17421954
(-0.5, 0.4, 0.8)17422005
(-0.5, 0.4, 0.8)17422055
(-0.5, 0.4, 0.8)17422106
(-0.5, 0.4, 0.8)17422157
(-0.5, 0.4, 0.8)17422208
(-0.5, 0.4, 0.8)17422258
(-0.5, 0.4, 0.8)17422308
(-0.5, 0.4, 0.8)17422359
(-0.5, 0.4, 0.8)17422417
(-0.5, 0.4, 0.8)17422466
(-0.5, 0.4, 0.8)17422516
(-0.5, 0.4, 0.8)17422567
(-0.5, 0.4, 0.8)17422618
(-0.5, 0.4, 0.8)17422669
(-0.6, 0.2, 0.8)17422718
(-0.7, -0.2, 0.6)17422769
(-0.9, -0.2, 0.4)17422819
(-0.9, -0.2, 0.4)17422870
(-0.9, -0.2, 0.4)17422920
(-0.9, -0.2, 0.4)17422971
(-0.9, -0.2, 0.4)17423022
(-0.9, -0.2, 0.4)17423073
(-0.9, -0.2, 0.4)17423123
(-0.9, -0.2, 0.4)17423174
(-0.9, -0.2, 0.4)17423225
(-0.9, -0.2, 0.4)17423275
(-0.9, -0.2, 0.4)17423327
(-0.9, -0.2, 0.4)17423377
(-0.9, -0.2, 0.4)17423428
(-0.9, -0.2, 0.4)17423479
(-0.9, -0.2, 0.4)17423530
(-0.9, -0.2, 0.4)17423580
(-0.9, -0.2, 0.4)17423631
(-0.9, -0.2, 0.4)17423682
(-0.9, -0.2, 0.4)17423733
(-0.9, -0.2, 0.4)17423783
(-0.9, -0.2, 0.4)17423834
(-0.9, -0.2, 0.4)17423885
(-0.9, -0.2, 0.4)17423936
(-0.9, -0.2, 0.4)17423988
(-0.9, -0.2, 0.4)17424039
(-0.9, -0.2, 0.4)17424094
(-0.9, -0.2, 0.4)17424143
(-0.9, -0.2, 0.4)17424194
(-0.9, -0.2, 0.4)17424245
(-0.9, -0.2, 0.4)17424296
(-0.9, -0.2, 0.4)17424346
(-0.9, -0.2, 0.4)17424398
(-0.9, -0.2, 0.4)17424449
(-0.9, -0.2, 0.4)17424501
(-0.9, -0.2, 0.4)17424551
(-0.9, -0.2, 0.4)17424601
(-0.9, -0.2, 0.4)17424653
(-0.9, -0.2, 0.4)17424703
(-0.9, -0.2, 0.4)17424756
(-0.9, -0.2, 0.4)17424807
(-0.9, -0.2, 0.4)17424858
(-0.9, -0.2, 0.4)17424908
(-0.9, -0.2, 0.4)17424958
(-0.9, -0.2, 0.4)17425009
(-0.9, -0.2, 0.4)17425060
(-0.9, -0.2, 0.4)17425111
(-0.9, -0.2, 0.4)17425162
(-0.9, -0.2, 0.4)17425212
(-0.9, -0.2, 0.4)17425264
(-0.9, -0.2, 0.4)17425315
(-0.9, -0.2, 0.4)17425366
(-0.9, -0.2, 0.4)17425417
(-0.9, -0.2, 0.4)17425468
(-0.9, -0.2, 0.4)17425519
(-0.9, -0.2, 0.4)17425570
(-0.9, -0.2, 0.4)17425622
(-0.9, -0.2, 0.4)17425672
(-0.9, -0.2, 0.4)17425722
(-0.9, -0.2, 0.4)17425774
(-0.9, -0.2, 0.4)17425824
(-0.9, -0.2, 0.4)17425875
(-0.9, -0.2, 0.4)17425925
(-0.9, -0.2, 0.4)17425977
(-0.9, -0.2, 0.4)17430028
(-0.9, -0.2, 0.4)17430080
(-0.9, -0.2, 0.4)17430130
(-0.9, -0.2, 0.4)17430182
(-0.9, -0.2, 0.4)17430232
(-0.9, -0.2, 0.4)17430283
(-0.9, -0.2, 0.4)17430334
(-0.9, -0.2, 0.4)17430385
(-0.9, -0.2, 0.4)17430435
(-0.9, -0.2, 0.4)17430486
(-0.9, -0.2, 0.4)17430539
(-0.9, -0.2, 0.4)17430590
(-0.9, -0.2, 0.4)17430641
(-0.9, -0.2, 0.4)17430694
(-0.9, -0.2, 0.4)17430745
(-0.9, -0.2, 0.4)17430796
(-0.9, -0.2, 0.4)17430847
(-0.9, -0.2, 0.4)17430899
(-0.9, -0.2, 0.4)17430951
(-0.9, -0.2, 0.4)17431001
(-0.9, -0.2, 0.4)17431054
(-0.9, -0.2, 0.4)17431105
(-0.9, -0.2, 0.4)17431156
(-0.9, -0.2, 0.4)17431206
(-0.9, -0.2, 0.4)17431257
(-0.9, -0.2, 0.4)17431308
(-0.9, -0.2, 0.4)17431358
(-0.9, -0.2, 0.4)17431408
(-0.9, -0.2, 0.4)17431462
(-0.9, -0.2, 0.4)17431512
(-0.9, -0.2, 0.4)17431563
(-0.9, -0.2, 0.4)17431614
(-0.9, -0.2, 0.4)17431664
(-0.9, -0.2, 0.4)17431715
(-0.9, -0.2, 0.4)17431767
(-0.9, -0.2, 0.4)17431818
(-0.9, -0.2, 0.4)17431870
(-0.9, -0.2, 0.4)17431920
(-0.9, -0.2, 0.4)17431972
(-0.9, -0.2, 0.4)17432026
(-0.9, -0.2, 0.4)17432076
(-0.9, -0.2, 0.4)17432128
(-0.9, -0.2, 0.4)17432179
(-0.9, -0.2, 0.4)17432230
(-0.9, -0.2, 0.4)17432280
(-0.9, -0.2, 0.4)17432331
(-0.9, -0.2, 0.4)17432383
(-0.9, -0.2, 0.4)17432433
(-0.9, -0.2, 0.4)17432484
(-0.9, -0.2, 0.4)17432536
(-0.9, -0.2, 0.4)17432589
(-0.9, -0.2, 0.4)17432639
(-0.9, -0.2, 0.4)17432692
(-0.9, -0.2, 0.4)17432744
(-0.9, -0.2, 0.4)17432794
(-0.9, -0.2, 0.4)17432845
(-0.9, -0.2, 0.4)17432896
(-0.9, -0.2, 0.4)17432947
(-0.9, -0.2, 0.4)17432997
(-0.9, -0.2, 0.4)17433048
(-0.9, -0.2, 0.4)17433099
(-0.9, -0.2, 0.4)17433151
(-0.9, -0.2, 0.4)17433201
(-0.9, -0.2, 0.4)17433252
(-0.9, -0.2, 0.4)17433303
(-0.9, -0.2, 0.4)17433355
(-0.9, -0.2, 0.4)17433406
(-0.9, -0.2, 0.4)17433458
(-0.9, -0.2, 0.4)17433510
(-0.9, -0.2, 0.4)17433561
(-0.9, -0.2, 0.4)17433612
(-0.9, -0.2, 0.4)17433663
(-0.9, -0.2, 0.4)17433715
(-0.9, -0.2, 0.4)17433767
(-0.9, -0.2, 0.4)17433819
(-0.9, -0.2, 0.4)17433870
(-0.9, -0.2, 0.4)17433921
(-0.9, -0.2, 0.4)17433973
(-0.9, -0.2, 0.4)17434026
(-0.9, -0.2, 0.4)17434081
(-0.9, -0.2, 0.4)17434131
(-0.9, -0.2, 0.4)17434181
(-0.9, -0.2, 0.4)17434233
(-0.9, -0.2, 0.4)17434284
(-0.9, -0.2, 0.4)17434335
(-0.9, -0.2, 0.4)17434386
(-0.9, -0.2, 0.4)17434438
(-0.9, -0.2, 0.4)17434489
(-0.9, -0.2, 0.4)17434540
(-0.9, -0.2, 0.4)17434592
(-0.9, -0.2, 0.4)17434643
(-0.9, -0.2, 0.4)17434693
(-0.9, -0.2, 0.4)17434743
(-0.9, -0.2, 0.4)17434793
(-0.9, -0.2, 0.4)17434844
(-0.9, -0.2, 0.4)17434895
(-0.9, -0.2, 0.4)17434946
(-0.9, -0.2, 0.4)17434998
(-0.9, -0.2, 0.4)17435049
(-0.9, -0.2, 0.4)17435100
(-0.9, -0.2, 0.4)17435151
(-0.9, -0.2, 0.4)17435205
(-0.9, -0.2, 0.4)17435257
(-0.9, -0.2, 0.4)17435307
(-0.9, -0.2, 0.4)17435358
(-0.9, -0.2, 0.4)17435408
(-0.9, -0.2, 0.4)17435459
(-0.9, -0.2, 0.4)17435510
(-0.9, -0.2, 0.4)17435565
(-0.9, -0.2, 0.4)17435615
(-0.9, -0.2, 0.4)17435666
(-0.9, -0.2, 0.4)17435717
(-0.9, -0.2, 0.4)17435768
(-0.9, -0.2, 0.4)17435819
(-0.9, -0.2, 0.4)17435870
(-0.9, -0.2, 0.4)17435965
(-0.9, -0.2, 0.4)17440104
(-0.9, -0.2, 0.4)17440154
(-0.9, -0.2, 0.4)17440205
(-0.9, -0.2, 0.4)17440256
(-0.9, -0.2, 0.4)17440420
(-0.9, -0.2, 0.4)17440469
(-0.9, -0.2, 0.4)17440579
(-0.9, -0.2, 0.4)17440628
(-0.9, -0.2, 0.4)17440679
(-0.9, -0.2, 0.4)17440729
(-0.9, -0.2, 0.4)17440781
(-0.9, -0.2, 0.4)17440833
(-0.9, -0.2, 0.4)17440886
(-0.9, -0.2, 0.4)17440937
(-0.9, -0.2, 0.4)17440988
(-0.9, -0.2, 0.4)17441039
(-0.9, -0.2, 0.4)17441090
(-0.9, -0.2, 0.4)17441142
(-0.9, -0.2, 0.4)17441192
(-0.9, -0.2, 0.4)17441243
(-0.9, -0.2, 0.4)17441294
(-0.9, -0.2, 0.4)17441345
(-0.9, -0.2, 0.4)17441402
(-0.9, -0.2, 0.4)17441451
(-0.9, -0.2, 0.4)17441502
(-0.9, -0.2, 0.4)17441558
(-0.9, -0.2, 0.4)17441609
(-0.9, -0.2, 0.4)17441660
(-0.9, -0.2, 0.4)17441711
(-0.9, -0.2, 0.4)17441761
(-0.9, -0.2, 0.4)17441812
(-0.9, -0.2, 0.4)17441863
(-0.9, -0.2, 0.4)17441915
(-0.9, -0.2, 0.4)17441966
(-0.9, -0.2, 0.4)17442016
(-0.9, -0.2, 0.4)17442067
(-0.9, -0.2, 0.4)17442118
(-0.9, -0.2, 0.4)17442169
(-0.9, -0.2, 0.4)17442221
(-0.9, -0.2, 0.4)17442272
(-0.9, -0.2, 0.4)17442323
(-0.9, -0.2, 0.4)17442374
(-0.9, -0.2, 0.4)17442426
(-0.9, -0.2, 0.4)17442478
(-0.9, -0.2, 0.4)17442529
(-0.9, -0.2, 0.4)17442579
(-0.9, -0.2, 0.4)17442630
(-0.9, -0.2, 0.4)17442680
(-0.9, -0.2, 0.4)17442731
(-0.9, -0.2, 0.4)17442784
(-0.9, -0.2, 0.4)17442834
(-0.9, -0.2, 0.4)17442885
(-0.9, -0.2, 0.4)17442936
(-0.9, -0.2, 0.4)17442986
(-0.9, -0.2, 0.4)17443036
(-0.9, -0.2, 0.4)17443087
(-0.9, -0.2, 0.4)17443140
(-0.9, -0.2, 0.4)17443190
(-0.9, -0.2, 0.4)17443241
(-0.9, -0.2, 0.4)17443291
(-0.9, -0.2, 0.4)17443343
(-0.9, -0.2, 0.4)17443394
(-0.9, -0.2, 0.4)17443445
(-0.9, -0.2, 0.4)17443496
(-0.9, -0.2, 0.4)17443549
(-0.9, -0.2, 0.4)17443600
(-0.9, -0.2, 0.4)17443651
(-0.9, -0.2, 0.4)17443701
(-0.9, -0.2, 0.4)17443753
(-0.9, -0.2, 0.4)17443804
(-0.9, -0.2, 0.4)17443854
(-0.9, -0.2, 0.4)17443905
(-0.9, -0.2, 0.4)17443956
(-0.9, -0.2, 0.4)17444010
(-0.9, -0.2, 0.4)17444059
(-0.9, -0.2, 0.4)17444110
(-0.9, -0.2, 0.4)17444160
(-0.9, -0.2, 0.4)17444210
(-0.9, -0.2, 0.4)17444262
(-0.9, -0.2, 0.4)17444313
(-0.9, -0.2, 0.4)17444365
(-0.9, -0.2, 0.4)17444416
(-0.9, -0.2, 0.4)17444467
(-0.9, -0.2, 0.4)17444519
(-0.9, -0.2, 0.4)17444569
(-0.9, -0.2, 0.4)17444621
(-0.9, -0.2, 0.4)17444671
(-0.9, -0.2, 0.4)17444722
(-0.9, -0.2, 0.4)17444775
(-0.9, -0.2, 0.4)17444826
(-0.9, -0.2, 0.4)17444879
(-0.9, -0.2, 0.4)17444929
(-0.9, -0.2, 0.4)17444979
(-0.9, -0.2, 0.4)17445030
(-0.9, -0.2, 0.4)17445082
(-0.9, -0.2, 0.4)17445132
(-0.9, -0.2, 0.4)17445183
(-0.9, -0.2, 0.4)17445234
(-0.9, -0.2, 0.4)17445286
(-0.9, -0.2, 0.4)17445339
(-0.9, -0.2, 0.4)17445390
(-0.9, -0.2, 0.4)17445442
(-0.9, -0.2, 0.4)17445493
(-0.9, -0.2, 0.4)17445544
(-0.9, -0.2, 0.4)17445594
(-0.9, -0.2, 0.4)17445645
(-0.9, -0.2, 0.4)17445696
(-0.9, -0.2, 0.4)17445748
(-0.9, -0.2, 0.4)17445799
(-0.9, -0.2, 0.4)17445850
(-0.9, -0.2, 0.4)17445902
(-0.9, -0.2, 0.4)17445953
(-0.9, -0.2, 0.4)17450004
(-0.9, -0.2, 0.4)17450054
(-0.9, -0.2, 0.4)17450104
(-0.9, -0.2, 0.4)17450154
(-0.9, -0.2, 0.4)17450205
(-0.9, -0.2, 0.4)17450256
(-0.9, -0.2, 0.4)17450307
(-0.9, -0.2, 0.4)17450359
(-0.9, -0.2, 0.4)17450411
(-0.9, -0.2, 0.4)17450464
(-0.9, -0.2, 0.4)17450515
(-0.9, -0.2, 0.4)17450565
(-0.9, -0.2, 0.4)17450616
(-0.9, -0.2, 0.4)17450667
(-0.9, -0.2, 0.4)17450717
(-0.9, -0.2, 0.4)17450768
(-0.9, -0.2, 0.4)17450818
(-0.9, -0.2, 0.4)17450869
(-0.9, -0.2, 0.4)17450920
(-0.9, -0.2, 0.4)17450971
(-0.9, -0.2, 0.4)17451023
(-0.9, -0.2, 0.4)17451073
(-0.9, -0.2, 0.4)17451124
(-0.9, -0.2, 0.4)17451175
(-0.9, -0.2, 0.4)17451225
(-0.9, -0.2, 0.4)17451275
(-0.9, -0.2, 0.4)17451326
(-0.9, -0.2, 0.4)17451376
(-0.9, -0.2, 0.4)17451427
(-0.9, -0.2, 0.4)17451478
(-0.9, -0.2, 0.4)17451528
(-0.9, -0.2, 0.4)17451580
(-0.9, -0.2, 0.4)17451631
(-0.9, -0.2, 0.4)17451682
(-0.9, -0.2, 0.4)17451732
(-0.9, -0.2, 0.4)17451786
(-0.9, -0.2, 0.4)17451836
(-0.9, -0.2, 0.4)17451887
(-0.9, -0.2, 0.4)17451939
(-0.9, -0.2, 0.4)17451991
(-0.9, -0.2, 0.4)17452042
(-0.9, -0.2, 0.4)17452095
(-0.9, -0.2, 0.4)17452146
(-0.9, -0.2, 0.4)17452198
(-0.9, -0.2, 0.4)17452248
(-0.9, -0.2, 0.4)17452298
(-0.9, -0.2, 0.4)17452349
(-0.9, -0.2, 0.4)17452400
(-0.9, -0.2, 0.4)17452452
(-0.9, -0.2, 0.4)17452503
(-0.9, -0.2, 0.4)17452556
(-0.9, -0.2, 0.4)17452606
(-0.9, -0.2, 0.4)17452657
(-0.9, -0.2, 0.4)17452707
(-0.9, -0.2, 0.4)17452758
(-0.9, -0.2, 0.4)17452810
(-0.9, -0.2, 0.4)17452861
(-0.9, -0.2, 0.4)17452912
(-0.9, -0.2, 0.4)17452964
(-0.9, -0.2, 0.4)17453015
(-0.9, -0.2, 0.4)17453065
(-0.9, -0.2, 0.4)17453119
(-0.9, -0.2, 0.4)17453168
(-0.9, -0.2, 0.4)17453220
(-0.9, -0.2, 0.4)17453272
(-0.9, -0.2, 0.4)17453323
(-0.9, -0.2, 0.4)17453375
(-0.9, -0.2, 0.4)17453426
(-0.9, -0.2, 0.4)17453478
(-0.9, -0.2, 0.4)17453529
(-0.9, -0.2, 0.4)17453579
(-0.9, -0.2, 0.4)17453630
(-0.9, -0.2, 0.4)17453680
(-0.9, -0.2, 0.4)17453732
(-0.9, -0.2, 0.4)17453783
(-0.9, -0.2, 0.4)17453835
(-0.9, -0.2, 0.4)17453887
(-0.9, -0.2, 0.4)17453938
(-0.9, -0.2, 0.4)17453989
(-0.9, -0.2, 0.4)17454041
(-0.9, -0.2, 0.4)17454091
(-0.9, -0.2, 0.4)17454141
(-0.9, -0.2, 0.4)17454192
(-0.9, -0.2, 0.4)17454243
(-0.9, -0.2, 0.4)17454293
(-0.9, -0.2, 0.4)17454344
(-0.9, -0.2, 0.4)17454394
(-0.9, -0.2, 0.4)17454445
(-0.9, -0.2, 0.4)17454497
(-0.9, -0.2, 0.4)17454547
(-0.9, -0.2, 0.4)17454598
(-0.9, -0.2, 0.4)17454650
(-0.9, -0.2, 0.4)17454702
(-0.9, -0.2, 0.4)17454753
(-0.9, -0.2, 0.4)17454803
(-0.9, -0.2, 0.4)17454853
(-0.9, -0.2, 0.4)17454905
(-0.9, -0.2, 0.4)17454955
(-0.9, -0.2, 0.4)17455005
(-0.9, -0.2, 0.4)17455056
(-0.9, -0.2, 0.4)17455108
(-0.9, -0.2, 0.4)17455160
(-0.9, -0.2, 0.4)17455210
(-0.9, -0.2, 0.4)17455260
(-0.9, -0.2, 0.4)17455311
(-0.9, -0.2, 0.4)17455362
(-0.9, -0.2, 0.4)17455413
(-0.9, -0.2, 0.4)17455463
(-0.9, -0.2, 0.4)17455513
(-0.9, -0.2, 0.4)17455565
(-0.9, -0.2, 0.4)17455616
(-0.9, -0.2, 0.4)17455667
(-0.9, -0.2, 0.4)17455718
(-0.9, -0.2, 0.4)17455769
(-0.9, -0.2, 0.4)17455819
(-0.9, -0.2, 0.4)17455870
(-0.9, -0.2, 0.4)17455921
(-0.9, -0.2, 0.4)17455971
(-0.9, -0.2, 0.4)17460023
(-0.9, -0.2, 0.4)17460074
(-0.9, -0.2, 0.4)17460126
(-0.9, -0.2, 0.4)17460192
(-0.9, -0.2, 0.4)17460242
(-0.9, -0.2, 0.4)17460294
(-0.9, -0.2, 0.4)17460345
(-0.9, -0.2, 0.4)17460395
(-0.9, -0.2, 0.4)17460447
(-0.9, -0.2, 0.4)17460497
(-0.9, -0.2, 0.4)17460548
(-0.9, -0.2, 0.4)17460600
(-0.9, -0.2, 0.4)17460651
(-0.9, -0.2, 0.4)17460702
(-0.9, -0.2, 0.4)17460753
(-0.9, -0.2, 0.4)17460804
(-0.9, -0.2, 0.4)17460856
(-0.9, -0.2, 0.4)17460911
(-0.9, -0.2, 0.4)17460961
(-0.9, -0.2, 0.4)17461015
(-0.9, -0.2, 0.4)17461066
(-0.9, -0.2, 0.4)17461117
(-0.9, -0.2, 0.4)17461170
(-0.9, -0.2, 0.4)17461223
(-0.9, -0.2, 0.4)17461276
(-0.9, -0.2, 0.4)17461328
(-0.9, -0.2, 0.4)17461377
(-0.9, -0.2, 0.4)17461431
(-0.9, -0.2, 0.4)17461486
(-0.9, -0.2, 0.4)17461538
(-0.9, -0.2, 0.4)17461588
(-0.9, -0.2, 0.4)17461638
(-0.9, -0.2, 0.4)17461689
(-0.9, -0.2, 0.4)17461740
(-0.9, -0.2, 0.4)17461790
(-0.9, -0.2, 0.4)17461842
(-0.9, -0.2, 0.4)17461897
(-0.9, -0.2, 0.4)17461946
(-0.9, -0.2, 0.4)17461997
(-0.9, -0.2, 0.4)17462048
(-0.9, -0.2, 0.4)17462100
(-0.9, -0.2, 0.4)17462150
(-0.9, -0.2, 0.4)17462200
(-0.9, -0.2, 0.4)17462250
(-0.9, -0.2, 0.4)17462304
(-0.9, -0.2, 0.4)17462356
(-0.9, -0.2, 0.4)17462408
(-0.9, -0.2, 0.4)17462460
(-0.9, -0.2, 0.4)17462509
(-0.9, -0.2, 0.4)17462559
(-0.9, -0.2, 0.4)17462610
(-0.9, -0.2, 0.4)17462660
(-0.9, -0.2, 0.4)17462712
(-0.9, -0.2, 0.4)17462762
(-0.9, -0.2, 0.4)17462813
(-0.9, -0.2, 0.4)17462865
(-0.9, -0.2, 0.4)17462915
(-0.9, -0.2, 0.4)17462966
(-0.9, -0.2, 0.4)17463020
(-0.9, -0.2, 0.4)17463069
(-0.9, -0.2, 0.4)17463120
(-0.9, -0.2, 0.4)17463172
(-0.9, -0.2, 0.4)17463222
(-0.9, -0.2, 0.4)17463273
(-0.9, -0.2, 0.4)17463323
(-0.9, -0.2, 0.4)17463374
(-0.9, -0.2, 0.4)17463424
(-0.9, -0.2, 0.4)17463475
(-0.9, -0.2, 0.4)17463525
(-0.9, -0.2, 0.4)17463581
(-0.9, -0.2, 0.4)17463629
(-0.9, -0.2, 0.4)17463679
(-0.9, -0.2, 0.4)17463730
(-0.9, -0.2, 0.4)17463781
(-0.9, -0.2, 0.4)17463831
(-0.9, -0.2, 0.4)17463883
(-0.9, -0.2, 0.4)17463934
(-0.9, -0.2, 0.4)17463985
(-0.9, -0.2, 0.4)17464035
(-0.9, -0.2, 0.4)17464086
(-0.9, -0.2, 0.4)17464144
(-0.9, -0.2, 0.4)17464192
(-0.9, -0.2, 0.4)17464242
(-0.9, -0.2, 0.4)17464293
(-0.9, -0.2, 0.4)17464345
(-0.9, -0.2, 0.4)17464395
(-0.9, -0.2, 0.4)17464446
(-0.9, -0.2, 0.4)17464497
(-0.9, -0.2, 0.4)17464548
(-0.9, -0.2, 0.4)17464600
(-0.9, -0.2, 0.4)17464652
(-0.9, -0.2, 0.4)17464702
(-0.9, -0.2, 0.4)17464752
(-0.9, -0.2, 0.4)17464802
(-0.9, -0.2, 0.4)17464854
(-0.9, -0.2, 0.4)17464906
(-0.9, -0.2, 0.4)17464956
(-0.9, -0.2, 0.4)17465009
(-0.9, -0.2, 0.4)17465060
(-0.9, -0.2, 0.4)17465115
(-0.9, -0.2, 0.4)17465167
(-0.9, -0.2, 0.4)17465218
(-0.9, -0.2, 0.4)17465268
(-0.9, -0.2, 0.4)17465319
(-0.9, -0.2, 0.4)17465371
(-0.9, -0.2, 0.4)17465423
(-0.9, -0.2, 0.4)17465475
(-0.9, -0.2, 0.4)17465526
(-0.9, -0.2, 0.4)17465577
(-0.9, -0.2, 0.4)17465628
(-0.9, -0.2, 0.4)17465680
(-0.9, -0.2, 0.4)17465731
(-0.9, -0.2, 0.4)17465781
(-0.9, -0.2, 0.4)17465833
(-0.9, -0.2, 0.4)17465885
(-0.9, -0.2, 0.4)17465935
(-0.9, -0.2, 0.4)17465987
(-0.9, -0.2, 0.4)17470037
(-0.9, -0.2, 0.4)17470092
(-0.9, -0.2, 0.4)17470142
(-0.9, -0.2, 0.4)17470193
(-0.9, -0.2, 0.4)17470244
(-0.9, -0.2, 0.4)17470296
(-0.9, -0.2, 0.4)17470350
(-0.9, -0.2, 0.4)17470400
(-0.9, -0.2, 0.4)17470451
(-0.9, -0.2, 0.4)17470503
(-0.9, -0.2, 0.4)17470554
(-0.9, -0.2, 0.4)17470605
(-0.9, -0.2, 0.4)17470656
(-0.9, -0.2, 0.4)17470706
(-0.9, -0.2, 0.4)17470758
(-0.9, -0.2, 0.4)17470810
(-0.9, -0.2, 0.4)17470860
(-0.9, -0.2, 0.4)17470912
(-0.9, -0.2, 0.4)17470963
(-0.9, -0.2, 0.4)17471013
(-0.9, -0.2, 0.4)17471063
(-0.9, -0.2, 0.4)17471115
(-0.9, -0.2, 0.4)17471167
(-0.9, -0.2, 0.4)17471219
(-0.9, -0.2, 0.4)17471270
(-0.9, -0.2, 0.4)17471320
(-0.9, -0.2, 0.4)17471372
(-0.9, -0.2, 0.4)17471423
(-0.9, -0.2, 0.4)17471474
(-0.9, -0.2, 0.4)17471526
(-0.9, -0.2, 0.4)17471578
(-0.9, -0.2, 0.4)17471632
(-0.9, -0.2, 0.4)17471687
(-0.9, -0.2, 0.4)17471737
(-0.9, -0.2, 0.4)17471788
(-0.9, -0.2, 0.4)17471840
(-0.9, -0.2, 0.4)17471891
(-0.9, -0.2, 0.4)17471947
(-0.9, -0.2, 0.4)17471996
(-0.9, -0.2, 0.4)17472048
(-0.9, -0.2, 0.4)17472100
(-0.9, -0.2, 0.4)17472150
(-0.9, -0.2, 0.4)17472201
(-0.9, -0.2, 0.4)17472251
(-0.9, -0.2, 0.4)17472301
(-0.9, -0.2, 0.4)17472352
(-0.9, -0.2, 0.4)17472404
(-0.9, -0.2, 0.4)17472455
(-0.9, -0.2, 0.4)17472511
(-0.9, -0.2, 0.4)17472560
(-0.9, -0.2, 0.4)17472610
(-0.9, -0.2, 0.4)17472661
(-0.9, -0.2, 0.4)17472711
(-0.9, -0.2, 0.4)17472762
(-0.9, -0.2, 0.4)17472814
(-0.9, -0.2, 0.4)17472865
(-0.9, -0.2, 0.4)17472918
(-0.9, -0.2, 0.4)17472970
(-0.9, -0.2, 0.4)17473020
(-0.9, -0.2, 0.4)17473076
(-0.9, -0.2, 0.4)17473126
(-0.9, -0.2, 0.4)17473177
(-0.9, -0.2, 0.4)17473229
(-0.9, -0.2, 0.4)17473280
(-0.9, -0.2, 0.4)17473330
(-0.9, -0.2, 0.4)17473380
(-0.9, -0.2, 0.4)17473432
(-0.9, -0.2, 0.4)17473483
(-0.9, -0.2, 0.4)17473534
(-0.9, -0.2, 0.4)17473585
(-0.9, -0.2, 0.4)17473815
(-0.9, -0.2, 0.4)17473860
(-0.9, -0.2, 0.4)17473911
(-0.9, -0.2, 0.4)17473962
(-0.9, -0.2, 0.4)17474013
(-0.9, -0.2, 0.4)17474066
(-0.9, -0.2, 0.4)17474120
(-0.9, -0.2, 0.4)17474173
(-0.9, -0.2, 0.4)17474223
(-0.9, -0.2, 0.4)17474274
(-0.9, -0.2, 0.4)17474325
(-0.9, -0.2, 0.4)17474375
(-0.9, -0.2, 0.4)17474426
(-0.9, -0.2, 0.4)17474476
(-0.9, -0.2, 0.4)17474527
(-0.9, -0.2, 0.4)17474579
(-0.9, -0.2, 0.4)17474631
(-0.9, -0.2, 0.4)17474683
(-0.9, -0.2, 0.4)17474735
(-0.9, -0.2, 0.4)17474787
(-0.9, -0.2, 0.4)17474837
(-0.9, -0.2, 0.4)17474888
(-0.9, -0.2, 0.4)17474940
(-0.9, -0.2, 0.4)17474991
(-0.9, -0.2, 0.4)17475042
(-0.9, -0.2, 0.4)17475092
(-0.9, -0.2, 0.4)17475144
(-0.9, -0.2, 0.4)17475195
(-0.9, -0.2, 0.4)17475246
(-0.9, -0.2, 0.4)17475297
(-0.9, -0.2, 0.4)17475348
(-0.9, -0.2, 0.4)17475503
(-0.9, -0.2, 0.4)17475551
(-0.9, -0.2, 0.4)17475602
(-0.9, -0.2, 0.4)17475654
(-0.9, -0.2, 0.4)17475705
(-0.9, -0.2, 0.4)17475756
(-0.9, -0.2, 0.4)17475808
(-0.9, -0.2, 0.4)17475859
(-0.9, -0.2, 0.4)17475910
(-0.9, -0.2, 0.4)17475961
(-0.9, -0.2, 0.4)17480013
(-0.9, -0.2, 0.4)17480064
(-0.9, -0.2, 0.4)17480115
(-0.9, -0.2, 0.4)17480166
(-0.9, -0.2, 0.4)17480219
(-0.9, -0.2, 0.4)17480270
(-0.9, -0.2, 0.4)17480321
(-0.9, -0.2, 0.4)17480372
(-0.9, -0.2, 0.4)17480425
(-0.9, -0.2, 0.4)17480475
(-0.9, -0.2, 0.4)17480528
(-0.9, -0.2, 0.4)17480578
(-0.9, -0.2, 0.4)17480629
(-0.9, -0.2, 0.4)17480680
(-0.9, -0.2, 0.4)17480730
(-0.9, -0.2, 0.4)17480782
(-0.9, -0.2, 0.4)17480832
(-0.9, -0.2, 0.4)17480883
(-0.9, -0.2, 0.4)17480935
(-0.9, -0.2, 0.4)17480987
(-0.9, -0.2, 0.4)17481037
(-0.9, -0.2, 0.4)17481088
(-0.9, -0.2, 0.4)17481140
(-0.9, -0.2, 0.4)17481191
(-0.9, -0.2, 0.4)17481242
(-0.9, -0.2, 0.4)17481292
(-0.9, -0.2, 0.4)17481342
(-0.9, -0.2, 0.4)17481393
(-0.9, -0.2, 0.4)17481444
(-0.9, -0.2, 0.4)17481495
(-0.9, -0.2, 0.4)17481547
(-0.9, -0.2, 0.4)17481598
(-0.9, -0.2, 0.4)17481648
(-0.9, -0.2, 0.4)17481699
(-0.9, -0.2, 0.4)17481750
(-0.9, -0.2, 0.4)17481801
(-0.9, -0.2, 0.4)17481852
(-0.9, -0.2, 0.4)17481902
(-0.9, -0.2, 0.4)17481955
(-0.9, -0.2, 0.4)17482005
(-0.9, -0.2, 0.4)17482056
(-0.9, -0.2, 0.4)17482107
(-0.9, -0.2, 0.4)17482158
(-0.9, -0.2, 0.4)17482208
(-0.9, -0.2, 0.4)17482259
(-0.9, -0.2, 0.4)17482312
(-0.9, -0.2, 0.4)17482362
(-0.9, -0.2, 0.4)17482413
(-0.9, -0.2, 0.4)17482465
(-0.9, -0.2, 0.4)17482517
(-0.9, -0.2, 0.4)17482567
(-0.9, -0.2, 0.4)17482619
(-0.9, -0.2, 0.4)17482670
(-0.9, -0.2, 0.4)17482722
(-0.9, -0.2, 0.4)17482773
(-0.9, -0.2, 0.4)17482825
(-0.9, -0.2, 0.4)17482875
(-0.9, -0.2, 0.4)17482927
(-0.9, -0.2, 0.4)17482977
(-0.9, -0.2, 0.4)17483027
(-0.9, -0.2, 0.4)17483078
(-0.9, -0.2, 0.4)17483130
(-0.9, -0.2, 0.4)17483182
(-0.9, -0.2, 0.4)17483233
(-0.9, -0.2, 0.4)17483284
(-0.9, -0.2, 0.4)17483335
(-0.9, -0.2, 0.4)17483386
(-1.0, -0.2, -0.2)17483439
(-0.9, -0.1, -0.5)17483490
(-0.2, 0.0, -1.0)17483540
(0.5, -0.2, -0.9)17483590
(0.8, -0.4, -0.5)17483640
(1.0, -0.1, -0.2)17483690
(1.0, 0.0, -0.2)17483740
(1.0, 0.0, -0.2)17483790
(1.0, 0.0, -0.2)17483841
(1.0, 0.0, -0.2)17483891
(1.0, 0.0, -0.2)17483941
(1.0, 0.0, -0.2)17483994
(0.8, -0.1, -0.6)17484043
(0.8, -0.1, -0.6)17484093
(0.7, -0.1, -0.7)17484144
(0.7, -0.1, -0.7)17484194
(0.4, -0.4, -0.9)17484245
(0.1, -0.1, -1.0)17484296
(0.0, -0.1, -1.0)17484346
(-0.4, 0.2, -0.9)17484396
(-0.4, 0.3, -0.9)17484447
(-0.4, 0.3, -0.9)17484497
(-0.4, 0.3, -0.9)17484550
(-0.4, 0.3, -0.9)17484600
(-0.4, 0.3, -0.9)17484650
(-0.4, 0.3, -0.9)17484701
(-0.4, 0.3, -0.9)17484751
(-0.4, 0.3, -0.9)17484802
(-0.4, 0.3, -0.9)17484853
(-0.4, 0.3, -0.9)17484904
(-0.4, 0.3, -0.9)17484954
(-0.4, 0.3, -0.9)17485004
(-0.4, 0.3, -0.9)17485055
(-0.4, 0.3, -0.9)17485105
(-0.4, 0.3, -0.9)17485156
(-0.4, 0.3, -0.9)17485206
(-0.4, 0.3, -0.9)17485257
(-0.4, 0.3, -0.9)17485311
(-0.4, 0.3, -0.9)17485359
(-0.4, 0.3, -0.9)17485411
(-0.4, 0.3, -0.9)17485462
(-0.4, 0.3, -0.9)17485512
(-0.4, 0.3, -0.9)17485563
(-0.4, 0.3, -0.9)17485614
(-0.4, 0.3, -0.9)17485664
(-0.4, 0.3, -0.9)17485714
(-0.4, 0.3, -0.9)17485764
(-0.4, 0.3, -0.9)17485815
(-0.4, 0.3, -0.9)17485867
(-0.4, 0.3, -0.9)17485917
(-0.4, 0.3, -0.9)17485968
(-0.4, 0.3, -0.9)17490018
(-0.4, 0.3, -0.9)17490069
(-0.4, 0.3, -0.9)17490120
(-0.4, 0.3, -0.9)17490171
(-0.4, 0.3, -0.9)17490221
(-0.4, 0.3, -0.9)17490272
(-0.4, 0.3, -0.9)17490323
(-0.4, 0.3, -0.9)17490374
(-0.4, 0.3, -0.9)17490425
(-0.4, 0.3, -0.9)17490476
(-0.4, 0.3, -0.9)17490527
(-0.4, 0.3, -0.9)17490577
(-0.4, 0.3, -0.9)17490628
(-0.4, 0.3, -0.9)17490679
(-0.4, 0.3, -0.9)17490730
(-0.4, 0.3, -0.9)17490780
(-0.4, 0.3, -0.9)17490830
(-0.4, 0.3, -0.9)17490882
(-0.4, 0.3, -0.9)17490933
(-0.4, 0.3, -0.9)17490983
(-0.4, 0.3, -0.9)17491033
(-0.4, 0.3, -0.9)17491084
(-0.4, 0.3, -0.9)17491135
(-0.4, 0.3, -0.9)17491188
(-0.4, 0.3, -0.9)17491238
(-0.4, 0.3, -0.9)17491288
(-0.4, 0.3, -0.9)17491339
(-0.4, 0.3, -0.9)17491390
(-0.4, 0.3, -0.9)17491441
(-0.4, 0.3, -0.9)17491491
(-0.4, 0.3, -0.9)17491542
(-0.4, 0.3, -0.9)17491592
(-0.4, 0.3, -0.9)17491643
(-0.4, 0.3, -0.9)17491694
(-0.4, 0.3, -0.9)17491746
(-0.4, 0.3, -0.9)17491795
(-0.4, 0.3, -0.9)17491846
(-0.4, 0.3, -0.9)17491896
(-0.4, 0.3, -0.9)17491947
(-0.4, 0.3, -0.9)17491997
(-0.4, 0.3, -0.9)17492047
(-0.4, 0.3, -0.9)17492098
(-0.4, 0.3, -0.9)17492149
(-0.4, 0.3, -0.9)17492199
(-0.4, 0.3, -0.9)17492250
(-0.4, 0.3, -0.9)17492301
(-0.4, 0.3, -0.9)17492356
(-0.4, 0.3, -0.9)17492407
(-0.4, 0.3, -0.9)17492457
(-0.4, 0.3, -0.9)17492509
(-0.4, 0.3, -0.9)17492558
(-0.4, 0.3, -0.9)17492609
(-0.4, 0.3, -0.9)17492659
(-0.4, 0.3, -0.9)17492710
(-0.4, 0.3, -0.9)17492762
(-0.4, 0.3, -0.9)17492812
(-0.4, 0.3, -0.9)17492863
(-0.4, 0.3, -0.9)17492913
(-0.4, 0.3, -0.9)17492964
(-0.4, 0.3, -0.9)17493283
(-0.4, 0.3, -0.9)17493331
(-0.4, 0.3, -0.9)17493382
(-0.4, 0.3, -0.9)17493433
(-0.4, 0.3, -0.9)17493484
(-0.4, 0.3, -0.9)17493534
(-0.4, 0.3, -0.9)17493585
(-0.4, 0.3, -0.9)17493636
(-0.4, 0.3, -0.9)17493686
(-0.4, 0.3, -0.9)17493737
(-0.4, 0.3, -0.9)17493788
(-0.4, 0.3, -0.9)17493838
(-0.4, 0.3, -0.9)17493889
(-0.4, 0.3, -0.9)17493940
(-0.4, 0.3, -0.9)17493991
(-0.4, 0.3, -0.9)17494041
(-0.4, 0.3, -0.9)17494091
(-0.4, 0.3, -0.9)17494142
(-0.4, 0.3, -0.9)17494194
(-0.4, 0.3, -0.9)17494245
(-0.4, 0.3, -0.9)17494295
(-0.4, 0.3, -0.9)17494346
(-0.4, 0.3, -0.9)17494397
(-0.4, 0.3, -0.9)17494447
(-0.4, 0.3, -0.9)17494498
(-0.4, 0.3, -0.9)17494550
(-0.4, 0.3, -0.9)17494600
(-0.4, 0.3, -0.9)17494651
(-0.4, 0.3, -0.9)17494702
(-0.4, 0.3, -0.9)17494753
(-0.4, 0.3, -0.9)17494804
(-0.4, 0.3, -0.9)17494854
(-0.4, 0.3, -0.9)17494905
(-0.4, 0.3, -0.9