(-0.9, -0.2, -0.3)17351953
(-0.9, -0.2, -0.3)17352006
(-0.9, -0.2, -0.3)17352057
(-0.9, -0.2, -0.3)17352109
(-0.9, -0.2, -0.3)17352161
(-0.9, -0.2, -0.3)17352213
(-0.9, -0.2, -0.3)17352265
(-0.9, -0.2, -0.3)17352317
(-0.9, -0.2, -0.3)17352368
(-0.9, -0.2, -0.3)17352420
(-0.9, -0.2, -0.3)17352472
(-0.9, -0.2, -0.3)17352523
(-0.9, -0.2, -0.3)17352575
(-0.9, -0.2, -0.3)17352626
(-0.9, -0.2, -0.3)17352676
(-0.9, -0.2, -0.3)17352727
(-0.9, -0.2, -0.3)17352777
(-0.9, -0.2, -0.3)17352828
(-0.9, -0.2, -0.3)17352878
(-0.9, -0.2, -0.3)17352928
(-0.9, -0.2, -0.3)17352979
(-0.9, -0.2, -0.3)17353031
(-0.9, -0.2, -0.3)17353083
(-0.9, -0.2, -0.3)17353133
(-0.9, -0.2, -0.3)17353183
(-0.9, -0.2, -0.3)17353237
(-0.9, -0.2, -0.3)17353287
(-0.9, -0.2, -0.3)17353339
(-0.9, -0.2, -0.3)17353392
(-0.9, -0.2, -0.3)17353443
(-0.9, -0.2, -0.3)17353496
(-0.9, -0.2, -0.3)17353550
(-0.9, -0.2, -0.3)17353600
(-0.9, -0.2, -0.3)17353652
(-0.9, -0.2, -0.3)17353703
(-0.9, -0.2, -0.3)17353754
(-0.9, -0.2, -0.3)17353805
(-0.9, -0.2, -0.3)17353857
(-0.9, -0.2, -0.3)17353907
(-0.9, -0.2, -0.3)17353959
(-0.9, -0.2, -0.3)17354012
(-0.9, -0.2, -0.3)17354062
(-0.9, -0.2, -0.3)17354112
(-0.9, -0.2, -0.3)17354166
(-0.9, -0.2, -0.3)17354217
(-0.9, -0.2, -0.3)17354269
(-0.9, -0.2, -0.3)17354319
(-0.9, -0.2, -0.3)17354370
(-0.9, -0.2, -0.3)17354422
(-0.9, -0.2, -0.3)17354472
(-0.9, -0.2, -0.3)17354522
(-0.9, -0.2, -0.3)17354572
(-0.9, -0.2, -0.3)17354622
(-0.9, -0.2, -0.3)17354673
(-0.9, -0.2, -0.3)17354724
(-0.9, -0.2, -0.3)17354776
(-0.9, -0.2, -0.3)17354826
(-0.9, -0.2, -0.3)17354878
(-0.9, -0.2, -0.3)17354928
(-0.9, -0.2, -0.3)17354978
(-0.9, -0.2, -0.3)17355032
(-0.9, -0.2, -0.3)17355081
(-0.9, -0.2, -0.3)17355133
(-0.9, -0.2, -0.3)17355185
(-0.9, -0.2, -0.3)17355236
(-0.9, -0.2, -0.3)17355288
(-0.9, -0.2, -0.3)17355338
(-0.9, -0.2, -0.3)17355391
(-0.9, -0.2, -0.3)17355441
(-0.9, -0.2, -0.3)17355491
(-0.9, -0.2, -0.3)17355541
(-0.9, -0.2, -0.3)17355591
(-0.9, -0.2, -0.3)17355641
(-0.9, -0.2, -0.3)17355692
(-0.9, -0.2, -0.3)17355743
(-0.9, -0.2, -0.3)17355795
(-0.9, -0.2, -0.3)17355847
(-0.9, -0.2, -0.3)17355900
(-0.9, -0.2, -0.3)17355952
(-0.9, -0.2, -0.3)17360002
(-0.9, -0.2, -0.3)17360052
(-0.9, -0.2, -0.3)17360105
(-0.9, -0.2, -0.3)17360157
(-0.9, -0.2, -0.3)17360209
(-0.9, -0.2, -0.3)17360259
(-0.9, -0.2, -0.3)17360309
(-0.9, -0.2, -0.3)17360359
(-0.9, -0.2, -0.3)17360409
(-0.9, -0.2, -0.3)17360459
(-0.9, -0.2, -0.3)17360511
(-0.9, -0.2, -0.3)17360565
(-0.9, -0.2, -0.3)17360616
(-0.9, -0.2, -0.3)17360666
(-0.9, -0.2, -0.3)17360716
(-0.9, -0.2, -0.3)17360768
(-0.9, -0.2, -0.3)17360818
(-0.9, -0.2, -0.3)17360870
(-0.9, -0.2, -0.3)17360923
(-0.9, -0.2, -0.3)17360975
(-0.9, -0.2, -0.3)17361026
(-0.9, -0.2, -0.3)17361076
(-0.9, -0.2, -0.3)17361130
(-0.9, -0.2, -0.3)17361180
(-0.9, -0.2, -0.3)17361231
(-0.9, -0.2, -0.3)17361282
(-0.9, -0.2, -0.3)17361332
(-0.9, -0.2, -0.3)17361382
(-0.9, -0.2, -0.3)17361434
(-0.9, -0.2, -0.3)17361485
(-0.9, -0.2, -0.3)17361535
(-0.9, -0.2, -0.3)17361589
(-0.9, -0.2, -0.3)17361642
(-0.9, -0.2, -0.3)17361692
(-0.9, -0.2, -0.3)17361744
(-0.9, -0.2, -0.3)17361794
(-0.9, -0.2, -0.3)17361846
(-0.9, -0.2, -0.3)17361898
(-0.9, -0.2, -0.3)17361949
(-0.9, -0.2, -0.3)17362001
(-0.9, -0.2, -0.3)17362052
(-0.9, -0.2, -0.3)17362103
(-0.9, -0.2, -0.3)17362154
(-0.9, -0.2, -0.3)17362205
(-0.9, -0.2, -0.3)17362258
(-0.9, -0.2, -0.3)17362309
(-0.9, -0.2, -0.3)17362361
(-0.9, -0.2, -0.3)17362411
(-0.9, -0.2, -0.3)17362461
(-0.9, -0.2, -0.3)17362513
(-0.9, -0.2, -0.3)17362565
(-0.9, -0.2, -0.3)17362615
(-0.9, -0.2, -0.3)17362668
(-0.9, -0.2, -0.3)17362718
(-0.9, -0.2, -0.3)17362770
(-0.9, -0.2, -0.3)17362820
(-0.9, -0.2, -0.3)17362873
(-0.9, -0.2, -0.3)17362925
(-0.9, -0.2, -0.3)17362977
(-0.9, -0.2, -0.3)17363027
(-0.9, -0.2, -0.3)17363077
(-0.9, -0.2, -0.3)17363128
(-0.9, -0.2, -0.3)17363180
(-0.9, -0.2, -0.3)17363230
(-0.9, -0.2, -0.3)17363280
(-0.9, -0.2, -0.3)17363330
(-0.9, -0.2, -0.3)17363380
(-0.9, -0.2, -0.3)17363430
(-0.9, -0.2, -0.3)17363482
(-0.9, -0.2, -0.3)17363534
(-0.9, -0.2, -0.3)17363585
(-0.9, -0.2, -0.3)17363639
(-0.9, -0.2, -0.3)17363691
(-0.9, -0.2, -0.3)17363741
(-0.9, -0.2, -0.3)17363792
(-0.9, -0.2, -0.3)17363844
(-0.9, -0.2, -0.3)17363896
(-0.9, -0.2, -0.3)17363946
(-0.9, -0.2, -0.3)17363998
(-0.9, -0.2, -0.3)17364048
(-0.9, -0.2, -0.3)17364101
(-0.9, -0.2, -0.3)17364151
(-0.9, -0.2, -0.3)17364204
(-0.9, -0.2, -0.3)17364256
(-0.9, -0.2, -0.3)17364306
(-0.9, -0.2, -0.3)17364356
(-0.9, -0.2, -0.3)17364406
(-0.9, -0.2, -0.3)17364458
(-0.9, -0.2, -0.3)17364510
(-0.9, -0.2, -0.3)17364560
(-0.9, -0.2, -0.3)17364611
(-0.9, -0.2, -0.3)17364661
(-0.9, -0.2, -0.3)17364712
(-0.9, -0.2, -0.3)17364762
(-0.9, -0.2, -0.3)17364814
(-0.9, -0.2, -0.3)17364864
(-0.9, -0.2, -0.3)17364917
(-0.9, -0.2, -0.3)17364969
(-0.9, -0.2, -0.3)17365020
(-0.9, -0.2, -0.3)17365070
(-0.9, -0.2, -0.3)17365120
(-0.9, -0.2, -0.3)17365172
(-0.9, -0.2, -0.3)17365222
(-0.9, -0.2, -0.3)17365272
(-0.9, -0.2, -0.3)17365324
(-0.9, -0.2, -0.3)17365374
(-0.9, -0.2, -0.3)17365426
(-0.9, -0.2, -0.3)17365476
(-0.9, -0.2, -0.3)17365527
(-0.9, -0.2, -0.3)17365580
(-0.9, -0.2, -0.3)17365631
(-0.9, -0.2, -0.3)17365681
(-0.9, -0.2, -0.3)17365732
(-0.9, -0.2, -0.3)17365782
(-0.9, -0.2, -0.3)17365834
(-0.9, -0.2, -0.3)17365886
(-0.9, -0.2, -0.3)17365936
(-0.9, -0.2, -0.3)17365988
(-0.9, -0.2, -0.3)17370038
(-0.9, -0.2, -0.3)17370089
(-0.9, -0.2, -0.3)17370139
(-0.9, -0.2, -0.3)17370189
(-0.9, -0.2, -0.3)17370240
(-0.9, -0.2, -0.3)17370291
(-0.9, -0.2, -0.3)17370341
(-0.9, -0.2, -0.3)17370393
(-0.9, -0.2, -0.3)17370445
(-0.9, -0.2, -0.3)17370495
(-0.9, -0.2, -0.3)17370545
(-0.9, -0.2, -0.3)17370595
(-0.9, -0.2, -0.3)17370645
(-0.9, -0.2, -0.3)17370697
(-0.9, -0.2, -0.3)17370748
(-0.9, -0.2, -0.3)17370800
(-0.9, -0.2, -0.3)17370850
(-0.9, -0.2, -0.3)17370900
(-0.9, -0.2, -0.3)17370952
(-0.9, -0.2, -0.3)17371002
(-0.9, -0.2, -0.3)17371054
(-0.9, -0.2, -0.3)17371104
(-0.9, -0.2, -0.3)17371154
(-0.9, -0.2, -0.3)17371206
(-0.9, -0.2, -0.3)17371258
(-0.9, -0.2, -0.3)17371309
(-0.9, -0.2, -0.3)17371359
(-0.9, -0.2, -0.3)17371409
(-0.9, -0.2, -0.3)17371461
(-0.9, -0.2, -0.3)17371513
(-0.9, -0.2, -0.3)17371565
(-0.9, -0.2, -0.3)17371615
(-0.9, -0.2, -0.3)17371667
(-0.9, -0.2, -0.3)17371720
(-0.9, -0.2, -0.3)17371772
(-0.9, -0.2, -0.3)17371822
(-0.9, -0.2, -0.3)17371875
(-0.9, -0.2, -0.3)17371927
(-0.9, -0.2, -0.3)17371977
(-0.9, -0.2, -0.3)17372027
(-0.9, -0.2, -0.3)17372078
(-0.9, -0.2, -0.3)17372130
(-0.9, -0.2, -0.3)17372182
(-0.9, -0.2, -0.3)17372234
(-0.9, -0.2, -0.3)17372285
(-0.9, -0.2, -0.3)17372335
(-0.9, -0.2, -0.3)17372387
(-0.9, -0.2, -0.3)17372439
(-0.9, -0.2, -0.3)17372490
(-0.9, -0.2, -0.3)17372542
(-0.9, -0.2, -0.3)17372594
(-0.9, -0.2, -0.3)17372646
(-0.9, -0.2, -0.3)17372696
(-0.9, -0.2, -0.3)17372746
(-0.9, -0.2, -0.3)17372797
(-0.9, -0.2, -0.3)17372847
(-0.9, -0.2, -0.3)17372899
(-0.9, -0.2, -0.3)17372951
(-0.9, -0.2, -0.3)17373002
(-0.9, -0.2, -0.3)17373053
(-0.9, -0.2, -0.3)17373103
(-0.9, -0.2, -0.3)17373154
(-0.9, -0.2, -0.3)17373205
(-0.9, -0.2, -0.3)17373256
(-0.9, -0.2, -0.3)17373309
(-0.9, -0.2, -0.3)17373360
(-0.9, -0.2, -0.3)17373411
(-0.9, -0.2, -0.3)17373461
(-0.9, -0.2, -0.3)17373515
(-0.9, -0.2, -0.3)17373566
(-0.9, -0.2, -0.3)17373620
(-0.9, -0.2, -0.3)17373673
(-0.9, -0.2, -0.3)17373726
(-0.9, -0.2, -0.3)17373780
(-0.9, -0.2, -0.3)17373831
(-0.9, -0.2, -0.3)17373885
(-0.9, -0.2, -0.3)17373935
(-0.9, -0.2, -0.3)17373988
(-0.9, -0.2, -0.3)17374042
(-0.9, -0.2, -0.3)17374093
(-0.9, -0.2, -0.3)17374147
(-0.9, -0.2, -0.3)17374200
(-0.9, -0.2, -0.3)17374253
(-0.9, -0.2, -0.3)17374303
(-0.9, -0.2, -0.3)17374354
(-0.9, -0.2, -0.3)17374405
(-0.9, -0.2, -0.3)17374455
(-0.9, -0.2, -0.3)17374505
(-0.9, -0.2, -0.3)17374555
(-0.9, -0.2, -0.3)17374605
(-0.9, -0.2, -0.3)17374655
(-0.9, -0.2, -0.3)17374709
(-0.9, -0.2, -0.3)17374759
(-0.9, -0.2, -0.3)17374809
(-0.9, -0.2, -0.3)17374860
(-0.9, -0.2, -0.3)17374911
(-0.9, -0.2, -0.3)17374964
(-0.9, -0.2, -0.3)17375014
(-0.9, -0.2, -0.3)17375066
(-0.9, -0.2, -0.3)17375116
(-0.9, -0.2, -0.3)17375169
(-0.9, -0.2, -0.3)17375219
(-0.9, -0.2, -0.3)17375269
(-0.9, -0.2, -0.3)17375319
(-0.9, -0.2, -0.3)17375371
(-0.9, -0.2, -0.3)17375425
(-0.9, -0.2, -0.3)17375476
(-0.9, -0.2, -0.3)17375526
(-0.9, -0.2, -0.3)17375576
(-0.9, -0.2, -0.3)17375626
(-0.9, -0.2, -0.3)17375678
(-0.9, -0.2, -0.3)17375728
(-0.9, -0.2, -0.3)17375781
(-0.9, -0.2, -0.3)17375833
(-0.9, -0.2, -0.3)17375885
(-0.9, -0.2, -0.3)17375935
(-0.9, -0.2, -0.3)17375985
(-0.9, -0.2, -0.3)17380035
(-0.9, -0.2, -0.3)17380087
(-0.9, -0.2, -0.3)17380140
(-0.9, -0.2, -0.3)17380192
(-0.9, -0.2, -0.3)17380244
(-0.9, -0.2, -0.3)17380295
(-0.9, -0.2, -0.3)17380347
(-0.9, -0.2, -0.3)17380400
(-0.9, -0.2, -0.3)17380452
(-0.9, -0.2, -0.3)17380504
(-0.9, -0.2, -0.3)17380554
(-0.9, -0.2, -0.3)17380606
(-0.9, -0.2, -0.3)17380657
(-0.9, -0.2, -0.3)17380709
(-0.9, -0.2, -0.3)17380761
(-0.9, -0.2, -0.3)17380812
(-0.9, -0.2, -0.3)17380862
(-0.9, -0.2, -0.3)17380912
(-0.9, -0.2, -0.3)17380964
(-0.9, -0.2, -0.3)17381014
(-0.9, -0.2, -0.3)17381066
(-0.9, -0.2, -0.3)17381118
(-0.9, -0.2, -0.3)17381170
(-0.9, -0.2, -0.3)17381223
(-0.9, -0.2, -0.3)17381273
(-0.9, -0.2, -0.3)17381325
(-0.9, -0.2, -0.3)17381375
(-0.9, -0.2, -0.3)17381428
(-0.9, -0.2, -0.3)17381478
(-0.9, -0.2, -0.3)17381530
(-0.9, -0.2, -0.3)17381580
(-0.9, -0.2, -0.3)17381633
(-0.9, -0.2, -0.3)17381685
(-0.9, -0.2, -0.3)17381736
(-0.9, -0.2, -0.3)17381787
(-0.9, -0.2, -0.3)17381839
(-0.9, -0.2, -0.3)17381890
(-0.9, -0.2, -0.3)17381940
(-0.9, -0.2, -0.3)17381992
(-0.9, -0.2, -0.3)17382042
(-0.9, -0.2, -0.3)17382095
(-0.9, -0.2, -0.3)17382146
(-0.9, -0.2, -0.3)17382196
(-0.9, -0.2, -0.3)17382247
(-0.9, -0.2, -0.3)17382299
(-0.9, -0.2, -0.3)17382349
(-0.9, -0.2, -0.3)17382401
(-0.9, -0.2, -0.3)17382451
(-0.9, -0.2, -0.3)17382501
(-0.9, -0.2, -0.3)17382555
(-0.9, -0.2, -0.3)17382605
(-0.9, -0.2, -0.3)17382658
(-0.9, -0.2, -0.3)17382710
(-0.9, -0.2, -0.3)17382761
(-0.9, -0.2, -0.3)17382812
(-0.9, -0.2, -0.3)17382863
(-0.9, -0.2, -0.3)17382915
(-0.9, -0.2, -0.3)17382965
(-0.9, -0.2, -0.3)17383017
(-0.9, -0.2, -0.3)17383067
(-0.9, -0.2, -0.3)17383117
(-0.9, -0.2, -0.3)17383167
(-0.9, -0.2, -0.3)17383219
(-0.9, -0.2, -0.3)17383270
(-0.9, -0.2, -0.3)17383322
(-0.9, -0.2, -0.3)17383375
(-0.9, -0.2, -0.3)17383427
(-0.9, -0.2, -0.3)17383480
(-0.9, -0.2, -0.3)17383533
(-0.9, -0.2, -0.3)17383585
(-0.9, -0.2, -0.3)17383637
(-0.9, -0.2, -0.3)17383688
(-0.9, -0.2, -0.3)17383740
(-0.9, -0.2, -0.3)17383791
(-0.9, -0.2, -0.3)17383842
(-0.9, -0.2, -0.3)17383896
(-0.9, -0.2, -0.3)17383948
(-0.9, -0.2, -0.3)17383999
(-0.9, -0.2, -0.3)17384051
(-0.9, -0.2, -0.3)17384101
(-0.9, -0.2, -0.3)17384153
(-0.9, -0.2, -0.3)17384204
(-0.9, -0.2, -0.3)17384256
(-0.9, -0.2, -0.3)17384309
(-0.9, -0.2, -0.3)17384361
(-0.9, -0.2, -0.3)17384413
(-0.9, -0.2, -0.3)17384463
(-0.9, -0.2, -0.3)17384513
(-0.9, -0.2, -0.3)17384563
(-0.9, -0.2, -0.3)17384615
(-0.9, -0.2, -0.3)17384666
(-0.9, -0.2, -0.3)17384716
(-0.9, -0.2, -0.3)17384769
(-0.9, -0.2, -0.3)17384819
(-0.9, -0.2, -0.3)17384872
(-0.9, -0.2, -0.3)17384922
(-0.9, -0.2, -0.3)17384972
(-0.9, -0.2, -0.3)17385025
(-0.9, -0.2, -0.3)17385075
(-0.9, -0.2, -0.3)17385125
(-0.9, -0.2, -0.3)17385178
(-0.9, -0.2, -0.3)17385230
(-0.9, -0.2, -0.3)17385283
(-0.9, -0.2, -0.3)17385334
(-0.9, -0.2, -0.3)17385384
(-0.9, -0.2, -0.3)17385435
(-0.9, -0.2, -0.3)17385487
(-0.9, -0.2, -0.3)17385539
(-0.9, -0.2, -0.3)17385589
(-0.9, -0.2, -0.3)17385639
(-0.9, -0.2, -0.3)17385690
(-0.9, -0.2, -0.3)17385742
(-0.9, -0.2, -0.3)17385794
(-0.9, -0.2, -0.3)17385846
(-0.9, -0.2, -0.3)17385896
(-0.9, -0.2, -0.3)17385946
(-0.9, -0.2, -0.3)17385997
(-0.9, -0.2, -0.3)17390047
(-0.9, -0.2, -0.3)17390099
(-0.9, -0.2, -0.3)17390151
(-0.9, -0.2, -0.3)17390203
(-0.9, -0.2, -0.3)17390254
(-0.9, -0.2, -0.3)17390306
(-0.9, -0.2, -0.3)17390356
(-0.9, -0.2, -0.3)17390408
(-0.9, -0.2, -0.3)17390458
(-0.9, -0.2, -0.3)17390508
(-0.9, -0.2, -0.3)17390561
(-0.9, -0.2, -0.3)17390611
(-0.9, -0.2, -0.3)17390663
(-0.9, -0.2, -0.3)17390715
(-0.9, -0.2, -0.3)17390765
(-0.9, -0.2, -0.3)17390816
(-0.9, -0.2, -0.3)17390867
(-0.9, -0.2, -0.3)17390920
(-0.9, -0.2, -0.3)17390970
(-0.9, -0.2, -0.3)17391022
(-0.9, -0.2, -0.3)17391073
(-0.9, -0.2, -0.3)17391126
(-0.9, -0.2, -0.3)17391178
(-0.9, -0.2, -0.3)17391230
(-0.9, -0.2, -0.3)17391282
(-0.9, -0.2, -0.3)17391332
(-0.9, -0.2, -0.3)17391383
(-0.9, -0.2, -0.3)17391435
(-0.9, -0.2, -0.3)17391487
(-0.9, -0.2, -0.3)17391539
(-0.9, -0.2, -0.3)17391590
(-0.9, -0.2, -0.3)17391641
(-0.9, -0.2, -0.3)17391692
(-0.9, -0.2, -0.3)17391742
(-0.9, -0.2, -0.3)17391792
(-0.9, -0.2, -0.3)17391844
(-0.9, -0.2, -0.3)17391896
(-0.9, -0.2, -0.3)17391947
(-0.9, -0.2, -0.3)17391997
(-0.9, -0.2, -0.3)17392047
(-0.9, -0.2, -0.3)17392099
(-0.9, -0.2, -0.3)17392149
(-0.9, -0.2, -0.3)17392199
(-0.9, -0.2, -0.3)17392251
(-0.9, -0.2, -0.3)17392301
(-0.9, -0.2, -0.3)17392351
(-0.9, -0.2, -0.3)17392403
(-0.9, -0.2, -0.3)17392453
(-0.9, -0.2, -0.3)17392504
(-0.9, -0.2, -0.3)17392556
(-0.9, -0.2, -0.3)17392608
(-0.9, -0.2, -0.3)17392658
(-0.9, -0.2, -0.3)17392710
(-0.9, -0.2, -0.3)17392761
(-0.9, -0.2, -0.3)17392813
(-0.9, -0.2, -0.3)17392863
(-0.9, -0.2, -0.3)17392913
(-0.9, -0.2, -0.3)17392965
(-0.9, -0.2, -0.3)17393015
(-0.9, -0.2, -0.3)17393067
(-0.9, -0.2, -0.3)17393119
(-0.9, -0.2, -0.3)17393170
(-0.9, -0.2, -0.3)17393222
(-0.9, -0.2, -0.3)17393272
(-0.9, -0.2, -0.3)17393324
(-0.9, -0.2, -0.3)17393375
(-0.9, -0.2, -0.3)17393429
(-0.9, -0.2, -0.3)17393482
(-0.9, -0.2, -0.3)17393536
(-0.9, -0.2, -0.3)17393586
(-0.9, -0.2, -0.3)17393637
(-0.9, -0.2, -0.3)17393689
(-0.9, -0.2, -0.3)17393739
(-0.9, -0.2, -0.3)17393791
(-0.9, -0.2, -0.3)17393843
(-0.9, -0.2, -0.3)17393894
(-0.9, -0.2, -0.3)17393946
(-0.9, -0.2, -0.3)17393997
(-0.9, -0.2, -0.3)17394048
(-0.9, -0.2, -0.3)17394098
(-0.9, -0.2, -0.3)17394148
(-0.9, -0.2, -0.3)17394198
(-0.9, -0.2, -0.3)17394250
(-0.9, -0.2, -0.3)17394302
(-0.9, -0.2, -0.3)17394355
(-0.9, -0.2, -0.3)17394406
(-0.9, -0.2, -0.3)17394457
(-0.9, -0.2, -0.3)17394508
(-0.9, -0.2, -0.3)17394558
(-0.9, -0.2, -0.3)17394610
(-0.9, -0.2, -0.3)17394662
(-0.9, -0.2, -0.3)17394714
(-0.9, -0.2, -0.3)17394764
(-0.9, -0.2, -0.3)17394815
(-0.9, -0.2, -0.3)17394865
(-0.9, -0.2, -0.3)17394917
(-0.9, -0.2, -0.3)17394967
(-0.9, -0.2, -0.3)17395017
(-0.9, -0.2, -0.3)17395069
(-0.9, -0.2, -0.3)17395121
(-0.9, -0.2, -0.3)17395171
(-0.9, -0.2, -0.3)17395221
(-0.9, -0.2, -0.3)17395271
(-0.9, -0.2, -0.3)17395322
(-0.9, -0.2, -0.3)17395374
(-0.9, -0.2, -0.3)17395426
(-0.9, -0.2, -0.3)17395478
(-0.9, -0.2, -0.3)17395531
(-0.9, -0.2, -0.3)17395581
(-0.9, -0.2, -0.3)17395633
(-0.9, -0.2, -0.3)17395684
(-0.9, -0.2, -0.3)17395735
(-0.9, -0.2, -0.3)17395786
(-0.9, -0.2, -0.3)17395840
(-0.9, -0.2, -0.3)17395891
(-0.9, -0.2, -0.3)17395942
(-0.9, -0.2, -0.3)17395995
(-0.9, -0.2, -0.3)17400045
(-0.9, -0.2, -0.3)17400095
(-0.9, -0.2, -0.3)17400147
(-0.9, -0.2, -0.3)17400200
(-0.9, -0.2, -0.3)17400253
(-0.9, -0.2, -0.3)17400304
(-0.9, -0.2, -0.3)17400357
(-0.9, -0.2, -0.3)17400409
(-0.9, -0.2, -0.3)17400459
(-0.9, -0.2, -0.3)17400510
(-0.9, -0.2, -0.3)17400564
(-0.9, -0.2, -0.3)17400615
(-0.9, -0.2, -0.3)17400667
(-0.9, -0.2, -0.3)17400717
(-0.9, -0.2, -0.3)17400771
(-0.9, -0.2, -0.3)17400821
(-0.9, -0.2, -0.3)17400872
(-0.9, -0.2, -0.3)17400922
(-0.9, -0.2, -0.3)17400972
(-0.9, -0.2, -0.3)17401023
(-0.9, -0.2, -0.3)17401076
(-0.9, -0.2, -0.3)17401127
(-0.9, -0.2, -0.3)17401178
(-0.9, -0.2, -0.3)17401229
(-0.9, -0.2, -0.3)17401281
(-0.9, -0.2, -0.3)17401331
(-0.9, -0.2, -0.3)17401381
(-0.9, -0.2, -0.3)17401433
(-0.9, -0.2, -0.3)17401483
(-0.9, -0.2, -0.3)17401534
(-0.9, -0.2, -0.3)17401586
(-0.9, -0.2, -0.3)17401638
(-0.9, -0.2, -0.3)17401690
(-0.9, -0.2, -0.3)17401740
(-0.9, -0.2, -0.3)17401791
(-0.9, -0.2, -0.3)17401842
(-0.9, -0.2, -0.3)17401892
(-0.9, -0.2, -0.3)17401945
(-0.9, -0.2, -0.3)17401996
(-0.9, -0.2, -0.3)17402047
(-0.9, -0.2, -0.3)17402098
(-0.9, -0.2, -0.3)17402148
(-0.9, -0.2, -0.3)17402198
(-0.9, -0.2, -0.3)17402249
(-0.9, -0.2, -0.3)17402302
(-0.9, -0.2, -0.3)17402354
(-0.9, -0.2, -0.3)17402404
(-0.9, -0.2, -0.3)17402455
(-0.9, -0.2, -0.3)17402505
(-0.9, -0.2, -0.3)17402557
(-0.9, -0.2, -0.3)17402609
(-0.9, -0.2, -0.3)17402659
(-0.9, -0.2, -0.3)17402711
(-0.9, -0.2, -0.3)17402762
(-0.9, -0.2, -0.3)17402813
(-0.9, -0.2, -0.3)17402866
(-0.9, -0.2, -0.3)17402916
(-0.9, -0.2, -0.3)17402966
(-0.9, -0.2, -0.3)17403017
(-0.9, -0.2, -0.3)17403068
(-0.9, -0.2, -0.3)17403118
(-0.9, -0.2, -0.3)17403169
(-0.9, -0.2, -0.3)17403221
(-0.9, -0.2, -0.3)17403272
(-0.9, -0.2, -0.3)17403323
(-0.9, -0.2, -0.3)17403373
(-0.9, -0.2, -0.3)17403425
(-0.9, -0.2, -0.3)17403475
(-0.9, -0.2, -0.3)17403525
(-0.9, -0.2, -0.3)17403576
(-0.9, -0.2, -0.3)17403628
(-0.9, -0.2, -0.3)17403678
(-0.9, -0.2, -0.3)17403728
(-0.9, -0.2, -0.3)17403779
(-0.9, -0.2, -0.3)17403830
(-0.9, -0.2, -0.3)17403880
(-0.9, -0.2, -0.3)17403933
(-0.9, -0.2, -0.3)17403985
(-0.9, -0.2, -0.3)17404035
(-0.9, -0.2, -0.3)17404085
(-0.9, -0.2, -0.3)17404135
(-0.9, -0.2, -0.3)17404187
(-0.9, -0.2, -0.3)17404237
(-0.9, -0.2, -0.3)17404287
(-0.9, -0.2, -0.3)17404337
(-0.9, -0.2, -0.3)17404389
(-0.9, -0.2, -0.3)17404439
(-0.9, -0.2, -0.3)17404489
(-0.9, -0.2, -0.3)17404541
(-0.9, -0.2, -0.3)17404593
(-0.9, -0.2, -0.3)17404644
(-0.9, -0.2, -0.3)17404697
(-0.9, -0.2, -0.3)17404749
(-0.9, -0.2, -0.3)17404801
(-0.9, -0.2, -0.3)17404851
(-0.9, -0.2, -0.3)17404904
(-0.9, -0.2, -0.3)17404954
(-0.9, -0.2, -0.3)17405007
(-0.9, -0.2, -0.3)17405058
(-0.9, -0.2, -0.3)17405108
(-0.9, -0.2, -0.3)17405159
(-0.9, -0.2, -0.3)17405213
(-0.9, -0.2, -0.3)17405266
(-0.9, -0.2, -0.3)17405318
(-0.9, -0.2, -0.3)17405368
(-0.9, -0.2, -0.3)17405420
(-0.9, -0.2, -0.3)17405473
(-0.9, -0.2, -0.3)17405525
(-0.9, -0.2, -0.3)17405575
(-0.9, -0.2, -0.3)17405627
(-0.9, -0.2, -0.3)17405678
(-0.9, -0.2, -0.3)17405730
(-0.9, -0.2, -0.3)17405781
(-0.9, -0.2, -0.3)17405832
(-0.9, -0.2, -0.3)17405883
(-0.9, -0.2, -0.3)17405935
(-0.9, -0.2, -0.3)17405985
(-0.9, -0.2, -0.3)17410035
(-0.9, -0.2, -0.3)17410085
(-0.9, -0.2, -0.3)17410137
(-0.9, -0.2, -0.3)17410190
(-0.9, -0.2, -0.3)17410243
(-0.9, -0.2, -0.3)17410294
(-0.9, -0.2, -0.3)17410344
(-0.9, -0.2, -0.3)17410395
(-0.9, -0.2, -0.3)17410447
(-0.9, -0.2, -0.3)17410500
(-0.9, -0.2, -0.3)17410552
(-0.9, -0.2, -0.3)17410605
(-0.9, -0.2, -0.3)17410656
(-0.9, -0.2, -0.3)17410707
(-0.9, -0.2, -0.3)17410761
(-0.9, -0.2, -0.3)17410812
(-0.9, -0.2, -0.3)17410863
(-0.9, -0.2, -0.3)17410914
(-0.9, -0.2, -0.3)17410966
(-0.9, -0.2, -0.3)17411016
(-0.9, -0.2, -0.3)17411068
(-0.9, -0.2, -0.3)17411118
(-0.9, -0.2, -0.3)17411171
(-0.9, -0.2, -0.3)17411222
(-0.9, -0.2, -0.3)17411272
(-0.9, -0.2, -0.3)17411322
(-0.9, -0.2, -0.3)17411374
(-0.9, -0.2, -0.3)17411424
(-0.9, -0.2, -0.3)17411474
(-0.9, -0.2, -0.3)174115