(-0.9, 0.0, -0.3)18045139
(-0.9, 0.0, -0.3)18045190
(-0.9, 0.0, -0.3)18045241
(-0.9, 0.0, -0.3)18045293
(-0.9, 0.0, -0.3)18045344
(-0.9, 0.0, -0.3)18045395
(-0.9, 0.0, -0.3)18045446
(-0.9, 0.0, -0.3)18045497
(-0.9, 0.0, -0.3)18045548
(-0.9, 0.0, -0.3)18045598
(-0.9, 0.0, -0.3)18045649
(-0.9, 0.0, -0.3)18045701
(-0.9, 0.0, -0.3)18045751
(-0.9, 0.0, -0.3)18045802
(-0.9, 0.0, -0.3)18045853
(-0.9, 0.0, -0.3)18045904
(-0.9, 0.0, -0.3)18045954
(-0.9, 0.0, -0.3)18050005
(-0.9, 0.0, -0.3)18050056
(-0.9, 0.0, -0.3)18050107
(-0.9, 0.0, -0.3)18050157
(-0.9, 0.0, -0.3)18050208
(-0.9, 0.0, -0.3)18050259
(-0.9, 0.0, -0.3)18050309
(-0.9, 0.0, -0.3)18050362
(-0.9, 0.0, -0.3)18050413
(-0.9, 0.0, -0.3)18050463
(-0.9, 0.0, -0.3)18050515
(-0.9, 0.0, -0.3)18050566
(-0.9, 0.0, -0.3)18050616
(-0.9, 0.0, -0.3)18050668
(-0.9, 0.0, -0.3)18050718
(-0.9, 0.0, -0.3)18050769
(-0.9, 0.0, -0.3)18050820
(-0.9, 0.0, -0.3)18050871
(-0.9, 0.0, -0.3)18050922
(-0.9, 0.0, -0.3)18050973
(-0.9, 0.0, -0.3)18051024
(-0.9, 0.0, -0.3)18051075
(-0.9, 0.0, -0.3)18051126
(-0.9, 0.0, -0.3)18051177
(-0.9, 0.0, -0.3)18051227
(-0.9, 0.0, -0.3)18051278
(-0.9, 0.0, -0.3)18051330
(-0.9, 0.0, -0.3)18051381
(-0.9, 0.0, -0.3)18051431
(-0.9, 0.0, -0.3)18051483
(-0.9, 0.0, -0.3)18051534
(-0.9, 0.0, -0.3)18051584
(-0.9, 0.0, -0.3)18051636
(-0.9, 0.0, -0.3)18051686
(-0.9, 0.0, -0.3)18051737
(-0.9, 0.0, -0.3)18051788
(-0.9, 0.0, -0.3)18051839
(-0.9, 0.0, -0.3)18051890
(-0.9, 0.0, -0.3)18051941
(-0.9, 0.0, -0.3)18051993
(-0.9, 0.0, -0.3)18052043
(-0.9, 0.0, -0.3)18052094
(-0.9, 0.0, -0.3)18052145
(-0.9, 0.0, -0.3)18052195
(-0.9, 0.0, -0.3)18052246
(-0.9, 0.0, -0.3)18052302
(-0.9, 0.0, -0.3)18052351
(-0.9, 0.0, -0.3)18052401
(-0.9, 0.0, -0.3)18052452
(-0.9, 0.0, -0.3)18052503
(-0.9, 0.0, -0.3)18052554
(-0.9, 0.0, -0.3)18052606
(-0.9, 0.0, -0.3)18052658
(-0.9, 0.0, -0.3)18052708
(-0.9, 0.0, -0.3)18052758
(-0.9, 0.0, -0.3)18052811
(-0.9, 0.0, -0.3)18052862
(-0.9, 0.0, -0.3)18052913
(-0.9, 0.0, -0.3)18052967
(-0.9, 0.0, -0.3)18053017
(-0.9, 0.0, -0.3)18053067
(-0.9, 0.0, -0.3)18053119
(-0.9, 0.0, -0.3)18053168
(-0.9, 0.0, -0.3)18053218
(-0.9, 0.0, -0.3)18053270
(-0.9, 0.0, -0.3)18053320
(-0.9, 0.0, -0.3)18053371
(-0.9, 0.0, -0.3)18053421
(-0.9, 0.0, -0.3)18053472
(-0.9, 0.0, -0.3)18053524
(-0.9, 0.0, -0.3)18053574
(-0.9, 0.0, -0.3)18053625
(-0.9, 0.0, -0.3)18053675
(-0.9, 0.0, -0.3)18053725
(-0.9, 0.0, -0.3)18053778
(-0.9, 0.0, -0.3)18053828
(-0.9, 0.0, -0.3)18053879
(-0.9, 0.0, -0.3)18053932
(-0.9, 0.0, -0.3)18053982
(-0.9, 0.0, -0.3)18054033
(-0.9, 0.0, -0.3)18054084
(-0.9, 0.0, -0.3)18054135
(-0.9, 0.0, -0.3)18054187
(-0.9, 0.0, -0.3)18054238
(-0.9, 0.0, -0.3)18054288
(-0.9, 0.0, -0.3)18054338
(-0.9, 0.0, -0.3)18054389
(-0.9, 0.0, -0.3)18054442
(-0.9, 0.0, -0.3)18054493
(-0.9, 0.0, -0.3)18054544
(-0.9, 0.2, -0.4)18054598
(-1.0, 0.0, -0.3)18054649
(-0.9, 0.0, -0.4)18054700
(-0.9, -0.1, 0.3)18054751
(-0.7, -0.1, 0.7)18054802
(-0.7, -0.1, 0.7)18054853
(-0.7, -0.1, 0.7)18054905
(-0.7, -0.2, 0.7)18054955
(-0.7, -0.2, 0.7)18055005
(-0.6, -0.4, 0.7)18055056
(-0.5, -0.4, 0.7)18055107
(-0.5, -0.5, 0.7)18055158
(-0.5, -0.5, 0.7)18055209
(-0.6, -0.4, 0.7)18055260
(-0.5, -0.4, 0.7)18055313
(-0.3, -0.4, 0.8)18055364
(-0.4, -0.4, 0.8)18055415
(-0.5, -0.4, 0.8)18055466
(-0.5, -0.4, 0.8)18055517
(-0.5, -0.4, 0.8)18055569
(-0.5, -0.4, 0.8)18055618
(-0.6, -0.4, 0.7)18055669
(-0.7, -0.2, 0.7)18055721
(-0.8, -0.1, 0.6)18055772
(-0.8, -0.1, 0.6)18055822
(-0.8, -0.1, 0.6)18055872
(-0.8, -0.1, 0.6)18055924
(-0.8, -0.1, 0.6)18055974
(-0.8, -0.1, 0.6)18060025
(-0.8, -0.1, 0.6)18060078
(-0.8, -0.1, 0.6)18060127
(-0.8, -0.1, 0.6)18060178
(-0.8, -0.1, 0.6)18060231
(-0.8, -0.1, 0.6)18060282
(-0.8, -0.1, 0.6)18060332
(-0.8, -0.1, 0.6)18060383
(-0.8, -0.1, 0.6)18060432
(-0.8, -0.1, 0.6)18060485
(-0.8, -0.1, 0.6)18060536
(-0.8, -0.1, 0.6)18060588
(-0.8, -0.1, 0.6)18060639
(-0.8, -0.1, 0.6)18060690
(-0.8, -0.1, 0.6)18060741
(-0.8, -0.1, 0.6)18060793
(-0.8, -0.1, 0.6)18060843
(-0.8, -0.1, 0.6)18060895
(-0.8, -0.1, 0.6)18060946
(-0.8, -0.1, 0.6)18060998
(-0.8, -0.1, 0.6)18061048
(-0.8, -0.1, 0.6)18061098
(-0.8, -0.1, 0.6)18061150
(-0.8, -0.1, 0.6)18061206
(-0.8, -0.1, 0.6)18061257
(-0.8, -0.1, 0.6)18061308
(-0.8, -0.1, 0.6)18061364
(-0.8, -0.1, 0.6)18061415
(-0.8, -0.1, 0.6)18061465
(-0.8, -0.1, 0.6)18061517
(-0.8, -0.1, 0.6)18061567
(-0.8, -0.1, 0.6)18061619
(-0.8, -0.1, 0.6)18061672
(-0.8, -0.1, 0.6)18061721
(-0.8, -0.1, 0.6)18061772
(-0.8, -0.1, 0.6)18061823
(-0.8, -0.1, 0.6)18061874
(-0.8, -0.1, 0.6)18061925
(-0.8, -0.1, 0.6)18061976
(-0.8, -0.1, 0.6)18062027
(-0.8, -0.1, 0.6)18062078
(-0.8, -0.1, 0.6)18062129
(-0.8, -0.1, 0.6)18062180
(-0.8, -0.1, 0.6)18062231
(-0.8, -0.1, 0.6)18062283
(-0.8, -0.1, 0.6)18062338
(-1.0, -0.1, 0.1)18062389
(-1.0, -0.1, 0.1)18062440
(-1.0, -0.1, 0.1)18062491
(-1.0, -0.1, 0.1)18062541
(-1.0, -0.1, 0.1)18062592
(-1.0, -0.1, 0.1)18062643
(-1.0, -0.1, 0.1)18062695
(-1.0, -0.1, 0.1)18062747
(-1.0, -0.1, 0.1)18062798
(-1.0, -0.1, 0.1)18062849
(-1.0, -0.1, 0.1)18062900
(-1.0, -0.1, 0.1)18062952
(-1.0, -0.1, 0.1)18063004
(-1.0, -0.1, 0.1)18063054
(-1.0, -0.1, 0.1)18063105
(-1.0, -0.1, 0.1)18063159
(-1.0, -0.1, 0.1)18063208
(-1.0, -0.1, 0.1)18063258
(-1.0, -0.1, 0.1)18063310
(-1.0, -0.1, 0.1)18063361
(-1.0, -0.1, 0.1)18063412
(-1.0, -0.1, 0.1)18063466
(-1.0, -0.1, 0.1)18063516
(-1.0, -0.1, 0.1)18063567
(-1.0, -0.1, 0.1)18063621
(-1.0, -0.1, 0.1)18063672
(-1.0, -0.1, 0.1)18063722
(-1.0, -0.1, 0.1)18063773
(-1.0, -0.1, 0.1)18063824
(-1.0, -0.1, 0.1)18063875
(-1.0, -0.1, 0.1)18063926
(-1.0, -0.1, 0.1)18063977
(-1.0, -0.1, 0.1)18064029
(-1.0, -0.1, 0.1)18064080
(-1.0, -0.1, 0.1)18064132
(-1.0, -0.1, 0.1)18064182
(-1.0, -0.1, 0.1)18064232
(-1.0, -0.1, 0.1)18064283
(-1.0, -0.1, 0.1)18064333
(-1.0, -0.1, 0.1)18064384
(-1.0, -0.1, 0.1)18064437
(-1.0, -0.1, 0.1)18064487
(-1.0, -0.1, 0.1)18064537
(-1.0, -0.1, 0.1)18064589
(-1.0, -0.1, 0.1)18064640
(-1.0, -0.1, 0.1)18064692
(-1.0, -0.1, 0.1)18064743
(-1.0, -0.1, 0.0)18064794
(-1.0, -0.2, -0.1)18064846
(-1.0, -0.2, -0.1)18064897
(-1.0, -0.2, -0.1)18064948
(-1.0, -0.2, -0.1)18064998
(-1.0, -0.2, -0.1)18065049
(-1.0, -0.2, -0.1)18065102
(-1.0, -0.2, -0.1)18065152
(-1.0, -0.2, -0.1)18065203
(-1.0, -0.2, -0.1)18065255
(-1.0, -0.2, -0.1)18065305
(-1.0, -0.2, -0.1)18065357
(-1.0, -0.2, -0.1)18065407
(-1.0, -0.2, -0.1)18065459
(-1.0, -0.2, -0.1)18065510
(-1.0, -0.2, -0.1)18065560
(-1.0, -0.2, -0.1)18065611
(-1.0, -0.2, -0.1)18065663
(-1.0, -0.2, -0.1)18065714
(-1.0, -0.2, -0.1)18065765
(-1.0, -0.2, -0.1)18065815
(-1.0, -0.2, -0.1)18065867
(-1.0, -0.2, -0.1)18065918
(-1.0, -0.2, -0.1)18065970
(-1.0, -0.2, -0.1)18070020
(-1.0, -0.2, -0.1)18070072
(-1.0, -0.2, -0.1)18070123
(-1.0, -0.2, -0.1)18070173
(-1.0, -0.2, -0.1)18070228
(-1.0, -0.2, -0.1)18070279
(-1.0, -0.2, -0.1)18070330
(-1.0, -0.2, -0.1)18070380
(-1.0, -0.2, -0.1)18070431
(-1.0, -0.2, -0.1)18070481
(-1.0, -0.2, -0.1)18070533
(-1.0, -0.2, -0.1)18070584
(-1.0, -0.2, -0.1)18070634
(-1.0, -0.2, -0.1)18070684
(-1.0, -0.2, -0.1)18070738
(-1.0, -0.2, -0.1)18070788
(-1.0, -0.2, -0.1)18070839
(-1.0, -0.2, -0.1)18070891
(-1.0, -0.2, -0.1)18070942
(-1.0, -0.2, -0.1)18070993
(-1.0, -0.2, -0.1)18071048
(-1.0, -0.2, -0.1)18071098
(-1.0, -0.2, -0.1)18071148
(-1.0, -0.2, -0.1)18071199
(-1.0, -0.2, -0.1)18071250
(-1.0, -0.2, -0.1)18071300
(-1.0, -0.2, -0.1)18071351
(-1.0, -0.2, -0.1)18071402
(-1.0, -0.2, -0.1)18071452
(-1.0, -0.2, -0.1)18071502
(-1.0, -0.2, -0.1)18071552
(-1.0, -0.2, -0.1)18071604
(-1.0, -0.2, -0.1)18071655
(-1.0, -0.2, -0.1)18071707
(-1.0, -0.2, -0.1)18071759
(-1.0, -0.2, -0.1)18071809
(-1.0, -0.2, -0.1)18071861
(-1.0, -0.2, -0.1)18071912
(-1.0, -0.2, -0.1)18071964
(-1.0, -0.2, -0.1)18072017
(-1.0, -0.2, -0.1)18072068
(-1.0, -0.2, -0.1)18072118
(-1.0, -0.2, -0.1)18072170
(-1.0, -0.2, -0.1)18072222
(-1.0, -0.2, -0.1)18072273
(-1.0, -0.2, -0.1)18072323
(-1.0, -0.2, -0.1)18072374
(-1.0, -0.2, -0.1)18072425
(-1.0, -0.2, -0.1)18072476
(-1.0, -0.2, -0.1)18072527
(-1.0, -0.2, -0.1)18072578
(-1.0, -0.2, -0.1)18072629
(-1.0, -0.2, -0.1)18072681
(-1.0, -0.2, -0.1)18072732
(-1.0, -0.2, -0.1)18072784
(-1.0, -0.2, -0.1)18072836
(-1.0, -0.2, -0.1)18072886
(-1.0, -0.2, -0.1)18072936
(-1.0, -0.2, -0.1)18072991
(-1.0, -0.2, -0.1)18073041
(-1.0, -0.2, -0.1)18073093
(-1.0, -0.2, -0.1)18073145
(-1.0, -0.2, -0.1)18073195
(-1.0, -0.2, -0.1)18073247
(-1.0, -0.2, -0.1)18073298
(-1.0, -0.2, -0.1)18073350
(-1.0, -0.2, -0.1)18073401
(-1.0, -0.2, -0.1)18073452
(-1.0, -0.2, -0.1)18073503
(-1.0, -0.2, -0.1)18073554
(-1.0, -0.2, -0.1)18073604
(-1.0, -0.2, -0.1)18073656
(-1.0, -0.2, -0.1)18073708
(-1.0, -0.2, -0.1)18073758
(-1.0, -0.2, -0.1)18073810
(-1.0, -0.2, -0.1)18073861
(-1.0, -0.2, -0.1)18073912
(-1.0, -0.2, -0.1)18073967
(-1.0, -0.2, -0.1)18074016
(-1.0, -0.2, -0.1)18074067
(-1.0, -0.2, -0.1)18074119
(-1.0, -0.2, -0.1)18074169
(-1.0, -0.2, -0.1)18074220
(-1.0, -0.2, -0.1)18074271
(-1.0, -0.2, -0.1)18074321
(-1.0, -0.2, -0.1)18074371
(-1.0, -0.2, -0.1)18074423
(-1.0, -0.2, -0.1)18074474
(-1.0, -0.2, -0.1)18074525
(-1.0, -0.2, -0.1)18074575
(-1.0, -0.2, -0.1)18074625
(-1.0, -0.2, -0.1)18074675
(-1.0, -0.2, -0.1)18074726
(-1.0, -0.2, -0.1)18074779
(-1.0, -0.2, -0.1)18074830
(-1.0, -0.2, -0.1)18074881
(-1.0, -0.2, -0.1)18074935
(-1.0, -0.2, -0.1)18074985
(-1.0, -0.2, -0.1)18075035
(-1.0, -0.2, -0.1)18075086
(-1.0, -0.2, -0.1)18075136
(-1.0, -0.2, -0.1)18075186
(-1.0, -0.2, -0.1)18075237
(-1.0, -0.2, -0.1)18075288
(-1.0, -0.2, -0.1)18075338
(-1.0, -0.2, -0.1)18075389
(-1.0, -0.2, -0.1)18075443
(-1.0, -0.2, -0.1)18075494
(-1.0, -0.2, -0.1)18075546
(-1.0, -0.2, -0.1)18075597
(-1.0, -0.2, -0.1)18075649
(-1.0, -0.2, -0.1)18075699
(-1.0, -0.2, -0.1)18075753
(-1.0, -0.2, -0.1)18075802
(-1.0, -0.2, -0.1)18075853
(-1.0, -0.2, -0.1)18075908
(-1.0, -0.2, -0.1)18075958
(-1.0, -0.2, -0.1)18080009
(-1.0, -0.2, -0.1)18080059
(-1.0, -0.2, -0.1)18080110
(-1.0, -0.2, -0.1)18080160
(-1.0, -0.2, -0.1)18080211
(-1.0, -0.2, -0.1)18080263
(-1.0, -0.2, -0.1)18080313
(-1.0, -0.2, -0.1)18080365
(-1.0, -0.2, -0.1)18080417
(-1.0, -0.2, -0.1)18080468
(-1.0, -0.2, -0.1)18080519
(-1.0, -0.2, -0.1)18080571
(-1.0, -0.2, -0.1)18080622
(-1.0, -0.2, -0.1)18080673
(-1.0, -0.2, -0.1)18080723
(-1.0, -0.2, -0.1)18080774
(-1.0, -0.2, -0.1)18080824
(-1.0, -0.2, -0.1)18080875
(-1.0, -0.2, -0.1)18080925
(-1.0, -0.2, -0.1)18080977
(-1.0, -0.2, -0.1)18081028
(-1.0, -0.2, -0.1)18081079
(-1.0, -0.2, -0.1)18081130
(-1.0, -0.2, -0.1)18081180
(-1.0, -0.2, -0.1)18081232
(-1.0, -0.2, -0.1)18081282
(-1.0, -0.2, -0.1)18081333
(-1.0, -0.2, -0.1)18081386
(-1.0, -0.1, -0.3)18081437
(-0.9, -0.4, 0.0)18081488
(-0.9, -0.3, -0.2)18081541
(-0.9, -0.3, -0.2)18081591
(-0.9, -0.3, -0.2)18081642
(-0.9, -0.3, -0.2)18081692
(-0.9, -0.3, -0.2)18081742
(-0.9, -0.3, -0.2)18081794
(-0.9, -0.3, -0.2)18081844
(-0.9, -0.3, -0.2)18081895
(-0.9, -0.3, -0.2)18081949
(-0.9, -0.3, -0.2)18081999
(-0.9, -0.3, -0.2)18082051
(-0.9, -0.3, -0.2)18082101
(-0.9, -0.3, -0.2)18082175
(-1.0, -0.3, 0.0)18082226
(-1.0, -0.2, -0.1)18082277
(-1.0, -0.1, -0.1)18082327
(-1.0, -0.1, -0.1)18082378
(-1.0, -0.1, -0.1)18082428
(-1.0, -0.1, -0.1)18082479
(-1.0, -0.1, -0.1)18082531
(-1.0, -0.1, -0.1)18082581
(-1.0, -0.1, -0.1)18082631
(-1.0, -0.1, -0.1)18082682
(-1.0, -0.1, -0.1)18082732
(-1.0, -0.1, -0.1)18082782
(-1.0, -0.1, -0.1)18082836
(-1.0, -0.1, -0.1)18082884
(-1.0, -0.1, -0.1)18082934
(-1.0, -0.1, -0.1)18082985
(-1.0, -0.1, -0.1)18083036
(-1.0, -0.1, -0.1)18083087
(-1.0, -0.1, -0.1)18083138
(-1.0, -0.1, -0.1)18083189
(-1.0, -0.1, -0.1)18083239
(-1.0, -0.1, -0.1)18083290
(-1.0, -0.1, -0.1)18083344
(-1.0, -0.1, -0.1)18083394
(-1.0, -0.1, -0.1)18083445
(-1.0, -0.1, -0.1)18083498
(-1.0, -0.1, -0.1)18083548
(-1.0, -0.1, -0.1)18083600
(-1.0, -0.1, -0.1)18083652
(-1.0, -0.1, -0.1)18083702
(-1.0, -0.1, -0.1)18083753
(-1.0, -0.1, -0.1)18083804
(-1.0, -0.1, -0.1)18083855
(-0.9, -0.1, -0.4)18083905
(-0.9, -0.1, -0.5)18083956
(-0.9, -0.1, -0.5)18084007
(-0.9, -0.1, -0.5)18084058
(-0.9, -0.1, -0.5)18084109
(-0.9, -0.1, -0.5)18084160
(-0.9, -0.1, -0.5)18084212
(-0.9, -0.1, -0.5)18084263
(-0.9, -0.1, -0.5)18084316
(-0.9, -0.1, -0.5)18084366
(-0.9, -0.1, -0.5)18084417
(-0.9, -0.1, -0.5)18084469
(-0.9, -0.1, -0.5)18084519
(-0.9, -0.1, -0.5)18084569
(-0.9, -0.1, -0.5)18084622
(-0.9, -0.1, -0.5)18084673
(-0.9, -0.1, -0.5)18084724
(-0.9, -0.1, -0.5)18084775
(-0.9, -0.1, -0.5)18084826
(-0.9, -0.1, -0.5)18084876
(-0.9, -0.1, -0.5)18084927
(-0.9, -0.1, -0.5)18084978
(-0.9, -0.1, -0.5)18085029
(-0.9, -0.1, -0.5)18085080
(-0.9, -0.1, -0.5)18085133
(-0.9, -0.1, -0.5)18085185
(-0.9, -0.1, -0.5)18085235
(-0.9, -0.1, -0.5)18085286
(-0.9, -0.1, -0.5)18085337
(-0.9, -0.1, -0.5)18085388
(-0.9, -0.1, -0.5)18085439
(-0.9, -0.1, -0.5)18085491
(-0.9, -0.1, -0.5)18085541
(-0.9, -0.1, -0.5)18085597
(-0.9, -0.1, -0.5)18085648
(-0.9, -0.1, -0.5)18085699
(-0.9, -0.1, -0.5)18085752
(-0.9, -0.1, -0.5)18085801
(-0.9, -0.1, -0.5)1