(-0.5, 0.1, -0.9)18105429
(-0.5, 0.1, -0.9)18105480
(-0.5, 0.1, -0.9)18105532
(-0.5, 0.1, -0.9)18105583
(-0.5, 0.1, -0.9)18105634
(-0.5, 0.1, -0.9)18105686
(-0.5, 0.1, -0.9)18105738
(-0.5, 0.1, -0.9)18105788
(-0.5, 0.1, -0.9)18105840
(-0.5, 0.1, -0.9)18105891
(-0.5, 0.1, -0.9)18105943
(-0.5, 0.1, -0.9)18105994
(-0.5, 0.1, -0.9)18110044
(-0.5, 0.1, -0.9)18110094
(-0.5, 0.1, -0.9)18110144
(-0.5, 0.1, -0.9)18110195
(-0.5, 0.1, -0.9)18110245
(-0.5, 0.1, -0.9)18110297
(-0.5, 0.1, -0.9)18110348
(-0.5, 0.1, -0.9)18110402
(-0.5, 0.1, -0.9)18110454
(-0.5, 0.1, -0.9)18110505
(-0.5, 0.1, -0.9)18110557
(-0.5, 0.1, -0.9)18110607
(-0.5, 0.1, -0.9)18110658
(-0.5, 0.1, -0.9)18110712
(-0.5, 0.1, -0.9)18110762
(-0.5, 0.1, -0.9)18110814
(-0.5, 0.1, -0.9)18110865
(-0.5, 0.1, -0.9)18110917
(-0.5, 0.1, -0.9)18110971
(-0.5, 0.1, -0.9)18111021
(-0.5, 0.1, -0.9)18111072
(-0.5, 0.1, -0.9)18111122
(-0.5, 0.1, -0.9)18111174
(-0.5, 0.1, -0.9)18111224
(-0.5, 0.1, -0.9)18111276
(-0.5, 0.1, -0.9)18111329
(-0.5, 0.1, -0.9)18111379
(-0.5, 0.1, -0.9)18111430
(-0.5, 0.1, -0.9)18111481
(-0.5, 0.1, -0.9)18111531
(-0.5, 0.1, -0.9)18111583
(-0.5, 0.1, -0.9)18111635
(-0.5, 0.1, -0.9)18111685
(-0.5, 0.1, -0.9)18111735
(-0.5, 0.1, -0.9)18111786
(-0.5, 0.1, -0.9)18111836
(-0.5, 0.1, -0.9)18111886
(-0.5, 0.1, -0.9)18111938
(-0.5, 0.1, -0.9)18111989
(-0.5, 0.1, -0.9)18112041
(-0.5, 0.1, -0.9)18112093
(-0.5, 0.1, -0.9)18112143
(-0.5, 0.1, -0.9)18112193
(-0.5, 0.1, -0.9)18112243
(-0.5, 0.1, -0.9)18112293
(-0.5, 0.1, -0.9)18112343
(-0.5, 0.1, -0.9)18112395
(-0.5, 0.1, -0.9)18112445
(-0.5, 0.1, -0.9)18112497
(-0.5, 0.1, -0.9)18112549
(-0.5, 0.1, -0.9)18112600
(-0.5, 0.1, -0.9)18112650
(-0.5, 0.1, -0.9)18112700
(-0.5, 0.1, -0.9)18112750
(-0.5, 0.1, -0.9)18112802
(-0.5, 0.1, -0.9)18112854
(-0.5, 0.1, -0.9)18112906
(-0.5, 0.1, -0.9)18112956
(-0.5, 0.1, -0.9)18113006
(-0.5, 0.1, -0.9)18113057
(-0.5, 0.1, -0.9)18113108
(-0.5, 0.1, -0.9)18113159
(-0.5, 0.1, -0.9)18113211
(-0.5, 0.1, -0.9)18113261
(-0.5, 0.1, -0.9)18113313
(-0.5, 0.1, -0.9)18113363
(-0.5, 0.1, -0.9)18113416
(-0.5, 0.1, -0.9)18113468
(-0.5, 0.1, -0.9)18113519
(-0.5, 0.1, -0.9)18113571
(-0.5, 0.1, -0.9)18113623
(-0.5, 0.1, -0.9)18113675
(-0.5, 0.1, -0.9)18113728
(-0.5, 0.1, -0.9)18113779
(-0.5, 0.1, -0.9)18113833
(-0.5, 0.1, -0.9)18113883
(-0.5, 0.1, -0.9)18113934
(-0.5, 0.1, -0.9)18113985
(-0.5, 0.1, -0.9)18114038
(-0.5, 0.1, -0.9)18114092
(-0.5, 0.1, -0.9)18114143
(-0.5, 0.1, -0.9)18114193
(-0.5, 0.1, -0.9)18114243
(-0.5, 0.1, -0.9)18114297
(-0.5, 0.1, -0.9)18114347
(-0.5, 0.1, -0.9)18114397
(-0.5, 0.1, -0.9)18114448
(-0.5, 0.1, -0.9)18114498
(-0.5, 0.1, -0.9)18114551
(-0.5, 0.1, -0.9)18114602
(-0.5, 0.1, -0.9)18114654
(-0.5, 0.1, -0.9)18114704
(-0.5, 0.1, -0.9)18114756
(-0.5, 0.1, -0.9)18114809
(-0.5, 0.1, -0.9)18114861
(-0.5, 0.1, -0.9)18114912
(-0.5, 0.1, -0.9)18114962
(-0.5, 0.1, -0.9)18115014
(-0.5, 0.1, -0.9)18115064
(-0.5, 0.1, -0.9)18115116
(-0.5, 0.1, -0.9)18115167
(-0.5, 0.1, -0.9)18115219
(-0.5, 0.1, -0.9)18115271
(-0.5, 0.1, -0.9)18115322
(-0.5, 0.1, -0.9)18115372
(-0.5, 0.1, -0.9)18115423
(-0.5, 0.1, -0.9)18115475
(-0.5, 0.1, -0.9)18115525
(-0.5, 0.1, -0.9)18115577
(-0.5, 0.1, -0.9)18115627
(-0.5, 0.1, -0.9)18115677
(-0.5, 0.1, -0.9)18115729
(-0.5, 0.1, -0.9)18115780
(-0.5, 0.1, -0.9)18115832
(-0.5, 0.1, -0.9)18115884
(-0.5, 0.1, -0.9)18115934
(-0.5, 0.1, -0.9)18115985
(-0.5, 0.1, -0.9)18120036
(-0.5, 0.1, -0.9)18120089
(-0.5, 0.1, -0.9)18120140
(-0.5, 0.1, -0.9)18120191
(-0.5, 0.1, -0.9)18120241
(-0.5, 0.1, -0.9)18120292
(-0.5, 0.1, -0.9)18120342
(-0.5, 0.1, -0.9)18120393
(-0.5, 0.1, -0.9)18120444
(-0.5, 0.1, -0.9)18120494
(-0.5, 0.1, -0.9)18120546
(-0.5, 0.1, -0.9)18120596
(-0.5, 0.1, -0.9)18120648
(-0.5, 0.1, -0.9)18120699
(-0.5, 0.1, -0.9)18120749
(-0.5, 0.1, -0.9)18120801
(-0.5, 0.1, -0.9)18120853
(-0.5, 0.1, -0.9)18120906
(-0.5, 0.1, -0.9)18120958
(-0.5, 0.1, -0.9)18121009
(-0.5, 0.1, -0.9)18121061
(-0.5, 0.1, -0.9)18121113
(-0.5, 0.1, -0.9)18121163
(-0.5, 0.1, -0.9)18121213
(-0.5, 0.1, -0.9)18121263
(-0.5, 0.1, -0.9)18121315
(-0.5, 0.1, -0.9)18121365
(-0.5, 0.1, -0.9)18121415
(-0.5, 0.1, -0.9)18121467
(-0.5, 0.1, -0.9)18121519
(-0.5, 0.1, -0.9)18121570
(-0.5, 0.1, -0.9)18121622
(-0.5, 0.1, -0.9)18121673
(-0.5, 0.1, -0.9)18121725
(-0.5, 0.1, -0.9)18121775
(-0.5, 0.1, -0.9)18121827
(-0.5, 0.1, -0.9)18121876
(-0.5, 0.1, -0.9)18121927
(-0.5, 0.1, -0.9)18121978
(-0.5, 0.1, -0.9)18122028
(-0.5, 0.1, -0.9)18122078
(-0.5, 0.1, -0.9)18122128
(-0.5, 0.1, -0.9)18122178
(-0.5, 0.1, -0.9)18122229
(-0.5, 0.1, -0.9)18122279
(-0.5, 0.1, -0.9)18122329
(-0.5, 0.1, -0.9)18122380
(-0.5, 0.1, -0.9)18122432
(-0.5, 0.1, -0.9)18122484
(-0.5, 0.1, -0.9)18122534
(-0.5, 0.1, -0.9)18122584
(-0.5, 0.1, -0.9)18122634
(-0.5, 0.1, -0.9)18122684
(-0.5, 0.1, -0.9)18122736
(-0.5, 0.1, -0.9)18122787
(-0.5, 0.1, -0.9)18122839
(-0.5, 0.1, -0.9)18122891
(-0.5, 0.1, -0.9)18122944
(-0.5, 0.1, -0.9)18122994
(-0.5, 0.1, -0.9)18123044
(-0.5, 0.1, -0.9)18123094
(-0.5, 0.1, -0.9)18123144
(-0.5, 0.1, -0.9)18123194
(-0.5, 0.1, -0.9)18123246
(-0.5, 0.1, -0.9)18123298
(-0.5, 0.1, -0.9)18123350
(-0.5, 0.1, -0.9)18123400
(-0.5, 0.1, -0.9)18123451
(-0.5, 0.1, -0.9)18123503
(-0.5, 0.1, -0.9)18123555
(-0.5, 0.1, -0.9)18123607
(-0.5, 0.1, -0.9)18123658
(-0.5, 0.1, -0.9)18123710
(-0.5, 0.1, -0.9)18123762
(-0.5, 0.1, -0.9)18123812
(-0.5, 0.1, -0.9)18123863
(-0.5, 0.1, -0.9)18123915
(-0.5, 0.1, -0.9)18123965
(-0.5, 0.1, -0.9)18124017
(-0.5, 0.1, -0.9)18124069
(-0.5, 0.1, -0.9)18124119
(-0.5, 0.1, -0.9)18124170
(-0.5, 0.1, -0.9)18124222
(-0.5, 0.1, -0.9)18124274
(-0.5, 0.1, -0.9)18124325
(-0.5, 0.1, -0.9)18124377
(-0.5, 0.1, -0.9)18124429
(-0.5, 0.1, -0.9)18124481
(-0.5, 0.1, -0.9)18124531
(-0.5, 0.1, -0.9)18124582
(-0.5, 0.1, -0.9)18124632
(-0.5, 0.1, -0.9)18124683
(-0.5, 0.1, -0.9)18124733
(-0.5, 0.1, -0.9)18124783
(-0.5, 0.1, -0.9)18124833
(-0.5, 0.1, -0.9)18124884
(-0.5, 0.1, -0.9)18124935
(-0.5, 0.1, -0.9)18124986
(-0.5, 0.1, -0.9)18125036
(-0.5, 0.1, -0.9)18125086
(-0.5, 0.1, -0.9)18125136
(-0.5, 0.1, -0.9)18125186
(-0.5, 0.1, -0.9)18125238
(-0.5, 0.1, -0.9)18125292
(-0.5, 0.1, -0.9)18125343
(-0.5, 0.1, -0.9)18125393
(-0.5, 0.1, -0.9)18125447
(-0.5, 0.1, -0.9)18125497
(-0.5, 0.1, -0.9)18125548
(-0.5, 0.1, -0.9)18125600
(-0.5, 0.1, -0.9)18125651
(-0.5, 0.1, -0.9)18125702
(-0.5, 0.1, -0.9)18125753
(-0.5, 0.1, -0.9)18125804
(-0.5, 0.1, -0.9)18125855
(-0.5, 0.1, -0.9)18125907
(-0.5, 0.1, -0.9)18125961
(-0.5, 0.1, -0.9)18130012
(-0.5, 0.1, -0.9)18130064
(-0.5, 0.1, -0.9)18130114
(-0.5, 0.1, -0.9)18130164
(-0.5, 0.1, -0.9)18130214
(-0.5, 0.1, -0.9)18130266
(-0.5, 0.1, -0.9)18130316
(-0.5, 0.1, -0.9)18130366
(-0.5, 0.1, -0.9)18130416
(-0.5, 0.1, -0.9)18130467
(-0.5, 0.1, -0.9)18130518
(-0.5, 0.1, -0.9)18130568
(-0.5, 0.1, -0.9)18130619
(-0.5, 0.1, -0.9)18130671
(-0.5, 0.1, -0.9)18130723
(-0.5, 0.1, -0.9)18130773
(-0.5, 0.1, -0.9)18130825
(-0.5, 0.1, -0.9)18130878
(-0.5, 0.1, -0.9)18130928
(-0.5, 0.1, -0.9)18130980
(-0.5, 0.1, -0.9)18131033
(-0.5, 0.1, -0.9)18131084
(-0.5, 0.1, -0.9)18131135
(-0.5, 0.1, -0.9)18131187
(-0.5, 0.1, -0.9)18131238
(-0.5, 0.1, -0.9)18131290
(-0.5, 0.1, -0.9)18131342
(-0.5, 0.1, -0.9)18131392
(-0.5, 0.1, -0.9)18131444
(-0.5, 0.1, -0.9)18131495
(-0.5, 0.1, -0.9)18131547
(-0.5, 0.1, -0.9)18131599
(-0.5, 0.1, -0.9)18131651
(-0.5, 0.1, -0.9)18131704
(-0.5, 0.1, -0.9)18131754
(-0.5, 0.1, -0.9)18131804
(-0.5, 0.1, -0.9)18131854
(-0.5, 0.1, -0.9)18131906
(-0.5, 0.1, -0.9)18131957
(-0.5, 0.1, -0.9)18132009
(-0.5, 0.1, -0.9)18132059
(-0.5, 0.1, -0.9)18132111
(-0.5, 0.1, -0.9)18132161
(-0.5, 0.1, -0.9)18132211
(-0.5, 0.1, -0.9)18132261
(-0.5, 0.1, -0.9)18132313
(-0.5, 0.1, -0.9)18132366
(-0.5, 0.1, -0.9)18132417
(-0.5, 0.1, -0.9)18132468
(-0.5, 0.1, -0.9)18132519
(-0.5, 0.1, -0.9)18132569
(-0.5, 0.1, -0.9)18132620
(-0.5, 0.1, -0.9)18132671
(-0.5, 0.1, -0.9)18132721
(-0.5, 0.1, -0.9)18132771
(-0.5, 0.1, -0.9)18132822
(-0.5, 0.1, -0.9)18132872
(-0.5, 0.1, -0.9)18132924
(-0.5, 0.1, -0.9)18132974
(-0.5, 0.1, -0.9)18133024
(-0.5, 0.1, -0.9)18133075
(-0.5, 0.1, -0.9)18133129
(-0.5, 0.1, -0.9)18133182
(-0.5, 0.1, -0.9)18133233
(-0.5, 0.1, -0.9)18133284
(-0.5, 0.1, -0.9)18133336
(-0.5, 0.1, -0.9)18133387
(-0.5, 0.1, -0.9)18133439
(-0.5, 0.1, -0.9)18133491
(-0.5, 0.1, -0.9)18133542
(-0.5, 0.1, -0.9)18133596
(-0.5, 0.1, -0.9)18133649
(-0.5, 0.1, -0.9)18133701
(-0.5, 0.1, -0.9)18133753
(-0.5, 0.1, -0.9)18133803
(-0.5, 0.1, -0.9)18133854
(-0.5, 0.1, -0.9)18133906
(-0.5, 0.1, -0.9)18133958
(-0.5, 0.1, -0.9)18134010
(-0.5, 0.1, -0.9)18134062
(-0.5, 0.1, -0.9)18134113
(-0.5, 0.1, -0.9)18134163
(-0.5, 0.1, -0.9)18134215
(-0.5, 0.1, -0.9)18134268
(-0.5, 0.1, -0.9)18134320
(-0.5, 0.1, -0.9)18134371
(-0.5, 0.1, -0.9)18134423
(-0.5, 0.1, -0.9)18134475
(-0.5, 0.1, -0.9)18134528
(-0.5, 0.1, -0.9)18134580
(-0.5, 0.1, -0.9)18134633
(-0.5, 0.1, -0.9)18134683
(-0.5, 0.1, -0.9)18134735
(-0.5, 0.1, -0.9)18134787
(-0.5, 0.1, -0.9)18134837
(-0.5, 0.1, -0.9)18134889
(-0.5, 0.1, -0.9)18134940
(-0.5, 0.1, -0.9)18134992
(-0.5, 0.1, -0.9)18135044
(-0.5, 0.1, -0.9)18135094
(-0.5, 0.1, -0.9)18135144
(-0.5, 0.1, -0.9)18135196
(-0.5, 0.1, -0.9)18135246
(-0.5, 0.1, -0.9)18135296
(-0.5, 0.1, -0.9)18135348
(-0.5, 0.1, -0.9)18135401
(-0.5, 0.1, -0.9)18135453
(-0.5, 0.1, -0.9)18135506
(-0.5, 0.1, -0.9)18135556
(-0.5, 0.1, -0.9)18135608
(-0.5, 0.1, -0.9)18135658
(-0.5, 0.1, -0.9)18135711
(-0.5, 0.1, -0.9)18135762
(-0.5, 0.1, -0.9)18135812
(-0.5, 0.1, -0.9)18135863
(-0.5, 0.1, -0.9)18135915
(-0.5, 0.1, -0.9)18135965
(-0.5, 0.1, -0.9)18140016
(-0.5, 0.1, -0.9)18140068
(-0.5, 0.1, -0.9)18140120
(-0.5, 0.1, -0.9)18140170
(-0.5, 0.1, -0.9)18140222
(-0.5, 0.1, -0.9)18140272
(-0.5, 0.1, -0.9)18140322
(-0.5, 0.1, -0.9)18140372
(-0.5, 0.1, -0.9)18140423
(-0.5, 0.1, -0.9)18140475
(-0.5, 0.1, -0.9)18140525
(-0.5, 0.1, -0.9)18140577
(-0.5, 0.1, -0.9)18140629
(-0.5, 0.1, -0.9)18140679
(-0.5, 0.1, -0.9)18140730
(-0.5, 0.1, -0.9)18140782
(-0.5, 0.1, -0.9)18140832
(-0.5, 0.1, -0.9)18140884
(-0.5, 0.1, -0.9)18140936
(-0.5, 0.1, -0.9)18140987
(-0.5, 0.1, -0.9)18141037
(-0.5, 0.1, -0.9)18141089
(-0.5, 0.1, -0.9)18141141
(-0.5, 0.1, -0.9)18141191
(-0.5, 0.1, -0.9)18141241
(-0.5, 0.1, -0.9)18141291
(-0.5, 0.1, -0.9)18141341
(-0.5, 0.1, -0.9)18141392
(-0.5, 0.1, -0.9)18141444
(-0.5, 0.1, -0.9)18141494
(-0.5, 0.1, -0.9)18141546
(-0.5, 0.1, -0.9)18141598
(-0.5, 0.1, -0.9)18141649
(-0.5, 0.1, -0.9)18141700
(-0.5, 0.1, -0.9)18141750
(-0.5, 0.1, -0.9)18141802
(-0.5, 0.1, -0.9)18141852
(-0.5, 0.1, -0.9)18141903
(-0.5, 0.1, -0.9)18141955
(-0.5, 0.1, -0.9)18142005
(-0.5, 0.1, -0.9)18142057
(-0.5, 0.1, -0.9)18142107
(-0.5, 0.1, -0.9)18142158
(-0.5, 0.1, -0.9)18142209
(-0.5, 0.1, -0.9)18142260
(-0.5, 0.1, -0.9)18142312
(-0.5, 0.1, -0.9)18142364
(-0.5, 0.1, -0.9)18142415
(-0.5, 0.1, -0.9)18142466
(-0.5, 0.1, -0.9)18142517
(-0.5, 0.1, -0.9)18142567
(-0.5, 0.1, -0.9)18142619
(-0.5, 0.1, -0.9)18142672
(-0.5, 0.1, -0.9)18142722
(-0.5, 0.1, -0.9)18142774
(-0.5, 0.1, -0.9)18142826
(-0.5, 0.1, -0.9)18142877
(-0.5, 0.1, -0.9)18142929
(-0.5, 0.1, -0.9)18142979
(-0.5, 0.1, -0.9)18143031
(-0.5, 0.1, -0.9)18143081
(-0.5, 0.1, -0.9)18143133
(-0.5, 0.1, -0.9)18143183
(-0.5, 0.1, -0.9)18143235
(-0.5, 0.1, -0.9)18143284
(-0.5, 0.1, -0.9)18143336
(-0.5, 0.1, -0.9)18143388
(-0.5, 0.1, -0.9)18143440
(-0.5, 0.1, -0.9)18143490
(-0.5, 0.1, -0.9)18143543
(-0.5, 0.1, -0.9)18143595
(-0.5, 0.1, -0.9)18143647
(-0.5, 0.1, -0.9)18143700
(-0.5, 0.1, -0.9)18143752
(-0.5, 0.1, -0.9)18143802
(-0.5, 0.1, -0.9)18143855
(-0.5, 0.1, -0.9)18143907
(-0.5, 0.1, -0.9)18143959
(-0.5, 0.1, -0.9)18144010
(-0.5, 0.1, -0.9)18144062
(-0.5, 0.1, -0.9)18144114
(-0.5, 0.1, -0.9)18144164
(-0.5, 0.1, -0.9)18144214
(-0.5, 0.1, -0.9)18144266
(-0.5, 0.1, -0.9)18144317
(-0.5, 0.1, -0.9)18144367
(-0.5, 0.1, -0.9)18144417
(-0.5, 0.1, -0.9)18144468
(-0.5, 0.1, -0.9)18144519
(-0.5, 0.1, -0.9)18144571
(-0.5, 0.1, -0.9)18144622
(-0.5, 0.1, -0.9)18144674
(-0.5, 0.1, -0.9)18144726
(-0.5, 0.1, -0.9)18144776
(-0.5, 0.1, -0.9)18144826
(-0.5, 0.1, -0.9)18144878
(-0.5, 0.1, -0.9)18144929
(-0.5, 0.1, -0.9)18144981
(-0.5, 0.1, -0.9)18145031
(-0.5, 0.1, -0.9)18145083
(-0.5, 0.1, -0.9)18145133
(-0.5, 0.1, -0.9)18145183
(-0.5, 0.1, -0.9)18145236
(-0.5, 0.1, -0.9)18145286
(-0.5, 0.1, -0.9)18145338
(-0.5, 0.1, -0.9)18145388
(-0.5, 0.1, -0.9)18145440
(-0.5, 0.1, -0.9)18145491
(-0.5, 0.1, -0.9)18145542
(-0.5, 0.1, -0.9)18145594
(-0.5, 0.1, -0.9)18145644
(-0.5, 0.1, -0.9)18145695
(-0.5, 0.1, -0.9)18145747
(-0.5, 0.1, -0.9)18145798
(-0.5, 0.1, -0.9)18145848
(-0.5, 0.1, -0.9)18145900
(-0.5, 0.1, -0.9)18145952
(-0.5, 0.1, -0.9)18150002
(-0.5, 0.1, -0.9)18150054
(-0.5, 0.1, -0.9)18150104
(-0.5, 0.1, -0.9)18150155
(-0.5, 0.1, -0.9)18150207
(-0.5, 0.1, -0.9)18150259
(-0.5, 0.1, -0.9)18150311
(-0.5, 0.1, -0.9)18150361
(-0.5, 0.1, -0.9)18150414
(-0.5, 0.1, -0.9)18150467
(-0.5, 0.1, -0.9)18150518
(-0.5, 0.1, -0.9)18150568
(-0.5, 0.1, -0.9)18150621
(-0.5, 0.1, -0.9)18150671
(-0.5, 0.1, -0.9)18150722
(-0.5, 0.1, -0.9)18150774
(-0.5, 0.1, -0.9)18150824
(-0.5, 0.1, -0.9)18150874
(-0.5, 0.1, -0.9)18150925
(-0.5, 0.1, -0.9)18150976
(-0.5, 0.1, -0.9)18151027
(-0.5, 0.1, -0.9)18151078
(-0.5, 0.1, -0.9)18151130
(-0.5, 0.1, -0.9)18151180
(-0.5, 0.1, -0.9)18151230
(-0.5, 0.1, -0.9)18151281
(-0.5, 0.1, -0.9)18151332
(-0.5, 0.1, -0.9)18151382
(-0.5, 0.1, -0.9)18151433
(-0.5, 0.1, -0.9)18151484
(-0.5, 0.1, -0.9)18151535
(-0.5, 0.1, -0.9)18151585
(-0.5, 0.1, -0.9)18151638
(-0.5, 0.1, -0.9)18151690
(-0.5, 0.1, -0.9)18151742
(-0.5, 0.1, -0.9)18151794
(-0.5, 0.1, -0.9)18151846
(-0.5, 0.1, -0.9)18151897
(-0.5, 0.1, -0.9)18151949
(-0.5, 0.1, -0.9)18151999
(-0.5, 0.1, -0.9)18152050
(-0.5, 0.1, -0.9)18152101
(-0.5, 0.1, -0.9)18152152
(-0.5, 0.1, -0.9)18152206
(-0.5, 0.1, -0.9)18152257
(-0.5, 0.1, -0.9)18152307
(-0.5, 0.1, -0.9)18152359
(-0.5, 0.1, -0.9)18152409
(-0.5, 0.1, -0.9)18152460
(-0.5, 0.1, -0.9)18152511
(-0.5, 0.1, -0.9)18152563
(-0.5, 0.1, -0.9)18152613
(-0.5, 0.1, -0.9)18152665
(-0.5, 0.1, -0.9)18152715
(-0.5, 0.1, -0.9)18152766
(-0.5, 0.1, -0.9)18152818
(-0.5, 0.1, -0.9)18152868
(-0.5, 0.1, -0.9)18152920
(-0.5, 0.1, -0.9)18152972
(-0.5, 0.1, -0.9)18153023
(-0.5, 0.1, -0.9)18153073
(-0.5, 0.1, -0.9)18153125
(-0.5, 0.1, -0.9)18153177
(-0.5, 0.1, -0.9)18153227
(-0.5, 0.1, -0.9)18153279
(-0.5, 0.1, -0.9)18153330
(-0.5, 0.1, -0.9)18153380
(-0.5, 0.1, -0.9)18153430
(-0.5, 0.1, -0.9)18153480
(-0.5, 0.1, -0.9)18153532
(-0.5, 0.1, -0.9)18153584
(-0.5, 0.1, -0.9)18153635
(-0.5, 0.1, -0.9)18153687
(-0.5, 0.1, -0.9)18153739
(-0.5, 0.1, -0.9)18153790
(-0.5, 0.1, -0.9)18153841
(-0.5, 0.1, -0.9)18153894
(-0.5, 0.1, -0.9)18153946
(-0.5, 0.1, -0.9)18153996
(-0.5, 0.1, -0.9)18154046
(-0.5, 0.1, -0.9)18154097
(-0.5, 0.1, -0.9)18154148
(-0.5, 0.1, -0.9)18154198
(-0.5, 0.1, -0.9)18154248
(-0.5, 0.1, -0.9)18154299
(-0.5, 0.1, -0.9)18154351
(-0.5, 0.1, -0.9)18154403
(-0.5, 0.1, -0.9)18154454
(-0.5, 0.1, -0.9)18154506
(-0.5, 0.1, -0.9)18154558
(-0.5, 0.1, -0.9)18154608
(-0.5, 0.1, -0.9)18154658
(-0.5, 0.1, -0.9)18154710
(-0.5, 0.1, -0.9)18154762
(-0.5, 0.1, -0.9)18154812
(-0.5, 0.1, -0.9)18154862
(-0.5, 0.1, -0.9)18154913
(-0.5, 0.1, -0.9)18154965
(-0.5, 0.1, -0.9)18155017
(-0.5, 0.1, -0.9)18155068
(-0.5, 0.1, -0.9)18155119
(-0.5, 0.1, -0.9)18155170
(-0.5, 0.1, -0.9)18155222
(-0.5, 0.1, -0.9)18155273
(-0.5, 0.1, -0.9)18155325
(-0.5, 0.1, -0.9)18155376
(-0.5, 0.1, -0.9)18155427
(-0.5, 0.1, -0.9)18155479
(-0.5, 0.1, -0.9)18155529
(-0.5, 0.1, -0.9)18155579
(-0.5, 0.1, -0.9)18155630
(-0.5, 0.1, -0.9)18155681
(-0.5, 0.1, -0.9)18155732
(-0.5, 0.1, -0.9)18155783
(-0.5, 0.1, -0.9)18155834
(-0.5, 0.1, -0.9)18155886
(-0.5, 0.1, -0.9)18155937
(-0.5, 0.1, -0.9)18155989
(-0.5, 0.1, -0.9)18160039
(-0.5, 0.1, -0.9)18160091
(-0.5, 0.1, -0.9)18160141
(-0.5, 0.1, -0.9)18160191
(-0.5, 0.1, -0.9)18160243
(-0.5, 0.1, -0.9)18160293
(-0.5, 0.1, -0.9)18160344
(-0.5, 0.1, -0.9)18160396
(-0.5, 0.1, -0.9)18160446
(-0.5, 0.1, -0.9)18160498
(-0.5, 0.1, -0.9)18160550
(-0.5, 0.1, -0.9)18160600
(-0.5, 0.1, -0.9)18160652
(-0.5, 0.1, -0.9)18160703
(-0.5, 0.1, -0.9)18160753
(-0.5, 0.1, -0.9)18160805
(-0.5, 0.1, -0.9)18160855
(-0.5, 0.1, -0.9)18160907
(-0.5, 0.1, -0.9)18160957
(-0.5, 0.1, -0.9)18161007
(-0.5, 0.1, -0.9)18161057
(-0.5, 0.1, -0.9)18161109
(-0.5, 0.1, -0.9)18161160
(-0.5, 0.1, -0.9)18161210
(-0.5, 0.1, -0.9)18161262
(-0.5, 0.1, -0.9)18161314
(-0.5, 0.1, -0.9)18161366
(-0.5, 0.1, -0.9)18161417
(-0.5, 0.1, -0.9)18161467
(-0.5, 0.1, -0.9)18161519
(-0.5, 0.1, -0.9)18161571
(-0.5, 0.1, -0.9)18161622
(-0.5, 0.1, -0.9)18161672
(-0.5, 0.1, -0.9)18161726
(-0.5, 0.1, -0.9)18161776
(-0.5, 0.1, -0.9)18161828
(-0.5, 0.1, -0.9)18161878
(-0.5, 0.1, -0.9)18161929
(-0.5, 0.1, -0.9)18161981
(-0.5, 0.1, -0.9)18162031
(-0.5, 0.1, -0.9)18162082
(-0.5, 0.1, -0.9)18162133
(-0.5, 0.1, -0.9)18162185
(-0.5, 0.1, -0.9)18162236
(-0.5, 0.1, -0.9)18162286
(-0.5, 0.1, -0.9)18162337
(-0.5, 0.1, -0.9)18162388
(-0.5, 0.1, -0.9)18162438
(-0.5, 0.1, -0.9)18162489
(-0.5, 0.1, -0.9)18162539
(-0.5, 0.1, -0.9)18162589
(-0.5, 0.1, -0.9)18162639
(-0.5, 0.1, -0.9)18162692
(-0.5, 0.1, -0.9)18162742
(-0.5, 0.1, -0.9)18162792
(-0.5, 0.1, -0.9)18162845
(-0.5, 0.1, -0.9)18162895
(-0.5, 0.1, -0.9)18162948
(-0.5, 0.1, -0.9)18162999
(-0.5, 0.1, -0.9)18163050
(-0.5, 0.1, -0.9)18163100
(-0.5, 0.1, -0.9)18163152
(-0.5, 0.1, -0.9)18163204
(-0.5, 0.1, -0.9)18163254
(-0.5, 0.1, -0.9)18163306
(-0.5, 0.1, -0.9)18163357
(-0.5, 0.1, -0.9)18163409
(-0.5, 0.1, -0.9)18163461
(-0.5, 0.1, -0.9)18163511
(-0.5, 0.1, -0.9)18163561
(-0.5, 0.1, -0.9)18163612
(-0.5, 0.1, -0.9)18163664
(-0.5, 0.1, -0.9)18163718
(-0.5, 0.1, -0.9)18163768
(-0.5, 0.1, -0.9)18163819
(-0.5, 0.1, -0.9)18163871
(-0.5, 0.1, -0.9)18163924
(-0.5, 0.1, -0.9)18163976
(-0.5, 0.1, -0.9)18164027
(-0.5, 0.1, -0.9)18164080
(-0.5, 0.1, -0.9)18164130
(-0.5, 0.1, -0.9)18164183
(-0.5, 0.1, -0.9)18164236
(-0.5, 0.1, -0.9)18164288
(-0.5, 0.1, -0.9)1