(-0.9, 0.0, -0.3)18120276
(-0.9, 0.0, -0.3)18120327
(-0.9, 0.0, -0.3)18120377
(-0.9, 0.0, -0.3)18120428
(-0.9, 0.0, -0.3)18120480
(-0.9, 0.0, -0.3)18120530
(-0.9, 0.0, -0.3)18120581
(-0.9, 0.0, -0.3)18120633
(-0.9, 0.0, -0.3)18120684
(-0.9, 0.0, -0.3)18120737
(-0.9, 0.0, -0.3)18120786
(-0.9, 0.0, -0.3)18120837
(-0.9, 0.0, -0.3)18120888
(-0.9, 0.0, -0.3)18120939
(-0.9, 0.0, -0.5)18120990
(-0.6, 0.0, -0.8)18121040
(-0.5, 0.0, -0.9)18121091
(-0.5, 0.0, -0.9)18121141
(-0.5, 0.0, -0.9)18121192
(-0.5, 0.0, -0.9)18121243
(-0.5, 0.0, -0.9)18121294
(-0.5, 0.0, -0.9)18121345
(-0.5, 0.0, -0.9)18121395
(-0.5, 0.0, -0.9)18121446
(-0.5, 0.0, -0.9)18121497
(-0.5, 0.0, -0.9)18121547
(-0.5, 0.0, -0.9)18121598
(-0.5, 0.0, -0.9)18121649
(-0.5, 0.0, -0.9)18121699
(-0.5, 0.0, -0.9)18121750
(-0.5, 0.0, -0.9)18121801
(-0.5, 0.0, -0.9)18121856
(-0.5, 0.0, -0.9)18121906
(-0.5, 0.0, -0.9)18121956
(-0.5, 0.0, -0.9)18122007
(-0.5, 0.0, -0.9)18122058
(-0.5, 0.0, -0.9)18122109
(-0.5, 0.0, -0.9)18122160
(-0.5, 0.0, -0.9)18122210
(-0.5, 0.0, -0.9)18122260
(-0.5, 0.0, -0.9)18122310
(-0.5, 0.0, -0.9)18122360
(-0.5, 0.0, -0.9)18122411
(-0.5, 0.0, -0.9)18122462
(-0.5, 0.0, -0.9)18122512
(-0.5, 0.0, -0.9)18122564
(-0.5, 0.0, -0.9)18122615
(-0.5, 0.0, -0.9)18122665
(-0.5, 0.0, -0.9)18122717
(-0.5, 0.0, -0.9)18122768
(-0.5, 0.0, -0.9)18122818
(-0.5, 0.0, -0.9)18122868
(-0.5, 0.0, -0.9)18122919
(-0.5, 0.0, -0.9)18122969
(-0.5, 0.0, -0.9)18123019
(-0.5, 0.0, -0.9)18123070
(-0.5, 0.0, -0.9)18123121
(-0.5, 0.0, -0.9)18123173
(-0.5, 0.0, -0.9)18123223
(-0.5, 0.0, -0.9)18123273
(-0.5, 0.0, -0.9)18123323
(-0.5, 0.0, -0.9)18123374
(-0.5, 0.0, -0.9)18123426
(-0.5, 0.0, -0.9)18123477
(-0.5, 0.0, -0.9)18123528
(-0.5, 0.0, -0.9)18123579
(-0.5, 0.0, -0.9)18123630
(-0.1, 0.1, -1.0)18123680
(0.0, 0.0, -1.0)18123733
(0.3, 0.0, -0.9)18123782
(0.3, 0.0, -1.0)18123834
(0.2, 0.1, -1.0)18123884
(0.0, 0.1, -1.0)18123935
(0.0, 0.1, -1.0)18123985
(0.0, 0.1, -1.0)18124035
(-0.1, 0.1, -1.0)18124088
(-0.2, 0.0, -1.0)18124138
(-0.2, 0.0, -1.0)18124188
(-0.2, 0.0, -1.0)18124239
(-0.3, 0.0, -1.0)18124289
(-0.3, -0.1, -0.9)18124340
(-0.3, 0.0, -0.9)18124391
(-0.4, 0.0, -0.9)18124441
(-0.6, 0.0, -0.8)18124491
(-1.0, 0.0, -0.2)18124543
(-1.0, 0.0, 0.0)18124594
(-1.0, 0.0, 0.0)18124645
(-1.0, 0.0, 0.0)18124696
(-1.0, 0.0, 0.0)18124747
(-1.0, 0.0, 0.0)18124797
(-1.0, 0.0, 0.0)18124849
(-1.0, 0.0, 0.0)18124899
(-1.0, 0.0, 0.0)18124950
(-1.0, 0.0, 0.0)18125000
(-1.0, 0.0, 0.0)18125052
(-1.0, 0.0, 0.0)18125104
(-1.0, 0.0, 0.0)18125154
(-1.0, 0.0, 0.0)18125204
(-1.0, 0.0, -0.1)18125255
(-1.0, -0.1, -0.1)18125306
(-0.5, 0.0, -0.9)18125356
(-0.3, 0.0, -1.0)18125408
(-0.1, 0.0, -1.0)18125459
(-0.1, 0.0, -1.0)18125510
(-0.1, 0.0, -1.0)18125560
(-0.1, 0.0, -1.0)18125612
(-0.1, 0.0, -1.0)18125663
(-0.1, 0.0, -1.0)18125713
(-0.1, 0.0, -1.0)18125764
(-0.1, 0.0, -1.0)18125815
(-0.1, 0.0, -1.0)18125865
(-0.2, 0.0, -1.0)18125916
(-0.5, 0.0, -0.9)18125967
(-0.6, 0.0, -0.8)18130017
(-0.6, 0.0, -0.8)18130069
(-0.6, 0.0, -0.8)18130120
(-0.6, 0.0, -0.8)18130173
(-0.6, 0.0, -0.8)18130223
(-0.6, 0.0, -0.8)18130274
(-0.6, 0.0, -0.8)18130324
(-0.6, 0.0, -0.8)18130376
(-0.6, 0.0, -0.8)18130427
(-0.6, 0.0, -0.8)18130477
(-0.6, 0.0, -0.8)18130528
(-0.6, 0.0, -0.8)18130579
(-0.6, 0.0, -0.8)18130644
(-0.6, 0.0, -0.8)18130694
(-0.6, 0.0, -0.8)18130748
(-0.6, 0.0, -0.8)18130798
(-0.6, 0.0, -0.8)18130849
(0.3, -0.5, -0.8)18130899
(0.0, -0.5, -0.8)18130950
(-0.2, -0.3, -0.9)18131000
(-0.2, -0.1, -1.0)18131051
(-0.2, -0.1, -1.0)18131102
(-0.2, -0.1, -1.0)18131153
(-0.2, -0.1, -1.0)18131204
(-0.2, -0.1, -1.0)18131255
(-0.2, -0.1, -1.0)18131305
(-0.2, -0.1, -1.0)18131356
(-0.2, -0.1, -1.0)18131407
(-0.2, -0.1, -1.0)18131464
(-0.2, -0.1, -1.0)18131515
(-0.2, -0.1, -1.0)18131565
(-0.2, -0.1, -1.0)18131616
(-0.2, -0.1, -1.0)18131667
(-0.2, -0.1, -1.0)18131718
(-0.2, -0.1, -1.0)18131769
(-0.2, -0.1, -1.0)18131819
(-0.2, -0.1, -1.0)18131869
(-0.2, -0.1, -1.0)18131920
(-0.2, -0.1, -1.0)18131970
(-0.2, -0.1, -1.0)18132021
(-0.2, -0.1, -1.0)18132074
(-0.3, -0.1, -1.0)18132124
(-0.3, 0.0, -1.0)18132174
(-0.3, 0.0, -0.9)18132227
(-0.3, 0.0, -0.9)18132278
(-0.3, 0.0, -0.9)18132328
(-0.3, 0.0, -0.9)18132379
(-0.3, 0.0, -0.9)18132430
(-0.4, 0.0, -0.9)18132480
(-0.4, 0.0, -0.9)18132530
(-0.5, 0.1, -0.9)18132581
(-0.5, 0.1, -0.9)18132631
(-0.5, 0.1, -0.9)18132682
(-0.5, 0.1, -0.9)18132732
(-0.5, 0.1, -0.9)18132783
(-0.5, 0.1, -0.9)18132835
(-0.5, 0.1, -0.9)18132885
(-0.5, 0.1, -0.9)18132935
(-0.5, 0.1, -0.9)18132985
(-0.5, 0.1, -0.9)18133035
(-0.5, 0.1, -0.9)18133086
(-0.5, 0.1, -0.9)18133136
(-0.5, 0.1, -0.9)18133186
(-0.5, 0.1, -0.9)18133236
(-0.5, 0.1, -0.9)18133287
(-0.5, 0.1, -0.9)18133337
(-0.5, 0.1, -0.9)18133387
(-0.5, 0.1, -0.9)18133437
(-0.5, 0.1, -0.9)18133488
(-0.5, 0.1, -0.9)18133538
(-0.5, 0.1, -0.9)18133591
(-0.5, 0.1, -0.9)18133641
(-0.5, 0.1, -0.9)18133692
(-0.5, 0.1, -0.9)18133742
(-0.5, 0.1, -0.9)18133794
(-0.5, 0.1, -0.9)18133844
(-0.5, 0.1, 