(-0.8, -0.2, -0.5)19060039
(-0.8, -0.2, -0.5)19060089
(-0.9, -0.3, -0.2)19060140
(-0.8, -0.1, -0.5)19060190
(-0.8, -0.1, -0.5)19060242
(-0.8, -0.1, -0.5)19060302
(-0.7, 0.0, -0.7)19060351
(-0.7, 0.0, -0.7)19060401
(-0.7, 0.0, -0.7)19060452
(-1.0, 0.1, -0.2)19060502
(-1.0, -0.1, 0.0)19060553
(-1.0, -0.1, 0.0)19060604
(-1.0, -0.1, 0.0)19060656
(-1.0, -0.1, 0.0)19060706
(-1.0, -0.1, 0.0)19060757
(-1.0, -0.1, 0.0)19060808
(-1.0, -0.1, 0.0)19060859
(-1.0, -0.1, 0.0)19060909
(-1.0, -0.1, 0.0)19060961
(-1.0, -0.1, 0.0)19061138
(-1.0, -0.1, 0.0)19061189
(-1.0, -0.1, 0.0)19061239
(-1.0, -0.1, 0.0)19061290
(-1.0, -0.1, 0.0)19061341
(-1.0, -0.1, 0.0)19061391
(-1.0, -0.1, 0.0)19061442
(-1.0, -0.1, 0.0)19061493
(-1.0, -0.1, 0.0)19061544
(-1.0, -0.1, 0.0)19061594
(-1.0, -0.1, 0.0)19061645
(-1.0, -0.1, 0.0)19061696
(-1.0, -0.1, 0.0)19061747
(-1.0, -0.1, 0.0)19061798
(-1.0, -0.1, 0.0)19061848
(-1.0, -0.1, 0.0)19061898
(-1.0, -0.1, 0.0)19061950
(-1.0, -0.1, 0.0)19062001
(-1.0, -0.1, 0.0)19062051
(-1.0, -0.1, 0.0)19062103
(-1.0, -0.1, 0.0)19062153
(-1.0, -0.1, 0.0)19062204
(-1.0, -0.1, 0.0)19062255
(-1.0, -0.1, 0.0)19062306
(-1.0, -0.1, 0.0)19062358
(-1.0, -0.1, 0.0)19062409
(-1.0, -0.1, 0.0)19062460
(-1.0, -0.1, 0.0)19062511
(-1.0, -0.1, 0.0)19062562
(-1.0, -0.1, 0.0)19062614
(-1.0, -0.1, 0.0)19062665
(-1.0, -0.1, 0.0)19062716
(-1.0, -0.1, 0.0)19062766
(-1.0, -0.1, 0.0)19062818
(-1.0, -0.1, 0.0)19062868
(-1.0, -0.1, 0.0)19062919
(-1.0, -0.1, 0.0)19062969
(-1.0, -0.1, 0.0)19063019
(-1.0, -0.1, 0.0)19063071
(-1.0, -0.1, 0.0)19063123
(-1.0, -0.1, 0.0)19063173
(-1.0, -0.1, 0.0)19063225
(-1.0, -0.1, 0.0)19063276
(-1.0, -0.1, 0.0)19063328
(-1.0, -0.1, 0.0)19063379
(-1.0, -0.1, 0.0)19063429
(-1.0, -0.1, 0.0)19063480
(-1.0, -0.1, 0.0)19063531
(-1.0, -0.1, 0.0)19063583
(-1.0, -0.1, 0.0)19063633
(-1.0, -0.1, 0.0)19063683
(-1.0, -0.1, 0.0)19063733
(-1.0, -0.1, 0.0)19063784
(-1.0, -0.1, 0.0)19063836
(-1.0, -0.1, 0.0)19063886
(-1.0, -0.1, 0.0)19063938
(-1.0, -0.1, 0.0)19063989
(-1.0, -0.1, 0.0)19064040
(-1.0, -0.1, 0.0)19064090
(-1.0, -0.1, 0.0)19064140
(-1.0, -0.1, 0.0)19064191
(-1.0, -0.1, 0.0)19064241
(-1.0, -0.1, 0.0)19064292
(-1.0, -0.1, 0.0)19064343
(-1.0, -0.1, 0.0)19064394
(-1.0, -0.1, 0.0)19064444
(-1.0, -0.1, 0.0)19064495
(-1.0, -0.1, 0.0)19064546
(-1.0, -0.1, 0.0)19064596
(-1.0, -0.1, 0.0)19064647
(-1.0, -0.1, 0.0)19064697
(-1.0, -0.1, 0.0)19064748
(-1.0, -0.1, 0.0)19064798
(-1.0, -0.1, 0.0)19064848
(-1.0, -0.1, 0.0)19064899
(-1.0, -0.1, 0.0)19064949
(-1.0, -0.1, 0.0)19064999
(-1.0, -0.1, 0.0)19065050
(-1.0, -0.1, 0.0)19065100
(-1.0, -0.1, 0.0)19065151
(-1.0, -0.1, 0.0)19065202
(-1.0, -0.1, 0.0)19065253
(-1.0, -0.1, 0.0)19065305
(-1.0, -0.1, 0.0)19065357
(-1.0, -0.1, 0.0)19065407
(-1.0, -0.1, 0.0)19065458
(-1.0, -0.1, 0.0)19065508
(-1.0, -0.1, 0.0)19065559
(-1.0, -0.1, 0.0)19065609
(-1.0, -0.1, 0.0)19065659
(-1.0, -0.1, 0.0)19065711
(-1.0, -0.1, 0.0)19065763
(-1.0, -0.1, 0.0)19065814
(-1.0, -0.1, 0.0)19065865
(-1.0, -0.1, 0.0)19065915
(-1.0, -0.1, 0.0)19065966
(-1.0, -0.1, 0.0)19070017
(-1.0, -0.1, 0.0)19070067
(-1.0, -0.1, 0.0)19070118
(-1.0, -0.1, 0.0)19070169
(-1.0, -0.1, 0.0)19070219
(-1.0, -0.1, 0.0)19070269
(-1.0, -0.1, 0.0)19070320
(-1.0, -0.1, 0.0)19070371
(-1.0, -0.1, 0.0)19070423
(-1.0, -0.1, 0.0)19070473
(-1.0, -0.1, 0.0)19070524
(-1.0, -0.1, 0.0)19070574
(-1.0, -0.1, 0.0)19070625
(-1.0, -0.1, 0.0)19070675
(-1.0, -0.1, 0.0)19070727
(-1.0, -0.1, 0.0)19070777
(-1.0, -0.1, 0.0)19070828
(-1.0, -0.1, 0.0)19070879
(-1.0, -0.1, 0.0)19070930
(-1.0, -0.1, 0.0)19070981
(-1.0, -0.1, 0.0)19071033
(-1.0, -0.1, 0.0)19071084
(-1.0, -0.1, 0.0)19071134
(-1.0, -0.1, 0.0)19071184
(-1.0, -0.1, 0.0)19071236
(-1.0, -0.1, 0.0)19071287
(-1.0, -0.1, 0.0)19071338
(-1.0, -0.1, 0.0)19071389
(-1.0, -0.1, 0.0)19071441
(-1.0, -0.1, 0.0)19071493
(-1.0, -0.1, 0.0)19071543
(-1.0, -0.1, 0.0)19071593
(-1.0, -0.1, 0.0)19071644
(-1.0, -0.1, 0.0)19071695
(-1.0, -0.1, 0.0)19071746
(-1.0, -0.1, 0.0)19071796
(-1.0, -0.1, 0.0)19071848
(-1.0, -0.1, 0.0)19071899
(-1.0, -0.1, 0.0)19071949
(-1.0, -0.1, 0.0)19072000
(-1.0, -0.1, 0.0)19072051
(-1.0, -0.1, 0.0)19072101
(-1.0, -0.1, 0.0)19072152
(-1.0, -0.1, 0.0)19072203
(-1.0, -0.1, 0.0)19072253
(-1.0, -0.1, 0.0)19072304
(-1.0, -0.1, 0.0)19072355
(-1.0, -0.1, 0.0)19072405
(-1.0, -0.1, 0.0)19072456
(-1.0, -0.1, 0.0)19072507
(-1.0, -0.1, 0.0)19072558
(-1.0, -0.1, 0.0)19072609
(-1.0, -0.1, 0.0)19072659
(-1.0, -0.1, 0.0)19072710
(-1.0, -0.1, 0.0)19072762
(-1.0, -0.1, 0.0)19072813
(-1.0, -0.1, 0.0)19072863
(-1.0, -0.1, 0.0)19072914
(-1.0, -0.1, 0.0)19072965
(-1.0, -0.1, 0.0)19073016
(-1.0, -0.1, 0.0)19073067
(-1.0, -0.1, 0.0)19073117
(-1.0, -0.1, 0.0)19073167
(-1.0, -0.1, 0.0)19073219
(-1.0, -0.1, 0.0)19073270
(-1.0, -0.1, 0.0)19073321
(-1.0, -0.1, 0.0)19073373
(-1.0, -0.1, 0.0)19073423
(-1.0, -0.1, 0.0)19073474
(-1.0, -0.1, 0.0)19073525
(-1.0, -0.1, 0.0)19073575
(-1.0, -0.1, 0.0)19073626
(-1.0, -0.1, 0.0)19073677
(-1.0, -0.1, 0.0)19073728
(-1.0, -0.1, 0.0)19073779
(-1.0, -0.1, 0.0)19073830
(-1.0, -0.1, 0.0)19073880
(-1.0, -0.1, 0.0)19073932
(-1.0, -0.1, 0.0)19073983
(-1.0, -0.1, 0.0)19074035
(-1.0, -0.1, 0.0)19074086
(-1.0, -0.1, 0.0)19074136
(-1.0, -0.1, 0.0)19074187
(-1.0, -0.1, 0.0)19074237
(-1.0, -0.1, 0.0)19074288
(-1.0, -0.1, 0.0)19074340
(-1.0, -0.1, 0.0)19074391
(-1.0, -0.1, 0.0)19074442
(-1.0, -0.1, 0.0)19074494
(-1.0, -0.1, 0.0)19074544
(-1.0, -0.1, 0.0)19074595
(-1.0, -0.1, 0.0)19074646
(-1.0, -0.1, 0.0)19074696
(-1.0, -0.1, 0.0)19074747
(-1.0, -0.1, 0.0)19074798
(-1.0, -0.1, 0.0)19074849
(-1.0, -0.1, 0.0)19074901
(-1.0, -0.1, 0.0)19074953
(-1.0, -0.1, 0.0)19075003
(-1.0, -0.1, 0.0)19075054
(-1.0, -0.1, 0.0)19075105
(-1.0, -0.1, 0.0)19075155
(-1.0, -0.1, 0.0)19075206
(-1.0, -0.1, 0.0)19075258
(-1.0, -0.1, 0.0)19075308
(-1.0, -0.1, 0.0)19075359
(-1.0, -0.1, 0.0)19075410
(-1.0, -0.1, 0.0)19075461
(-1.0, -0.1, 0.0)19075511
(-1.0, -0.1, 0.0)19075561
(-1.0, -0.1, 0.0)19075613
(-1.0, -0.1, 0.0)19075664
(-1.0, -0.1, 0.0)19075714
(-1.0, -0.1, 0.0)19075766
(-1.0, -0.1, 0.0)19075817
(-1.0, -0.1, 0.0)19075868
(-1.0, -0.1, 0.0)19075918
(-1.0, -0.1, 0.0)19075969
(-1.0, -0.1, 0.0)19080020
(-1.0, -0.1, 0.0)19080071
(-1.0, -0.1, 0.0)19080123
(-1.0, -0.1, 0.0)19080175
(-1.0, -0.1, 0.0)19080226
(-1.0, -0.1, 0.0)19080276
(-1.0, -0.1, 0.0)19080327
(-1.0, -0.1, 0.0)19080379
(-1.0, -0.1, 0.0)19080430
(-1.0, -0.1, 0.0)19080482
(-1.0, -0.1, 0.0)19080533
(-1.0, -0.1, 0.0)19080584
(-1.0, -0.1, 0.0)19080634
(-1.0, -0.1, 0.0)19080684
(-1.0, -0.1, 0.0)19080735
(-1.0, -0.1, 0.0)19080787
(-1.0, -0.1, 0.0)19080838
(-1.0, -0.1, 0.0)19080888
(-1.0, -0.1, 0.0)19080940
(-1.0, -0.1, 0.0)19080991
(-1.0, -0.1, 0.0)19081041
(-1.0, -0.1, 0.0)19081092
(-1.0, -0.1, 0.0)19081143
(-1.0, -0.1, 0.0)19081194
(-1.0, -0.1, 0.0)19081245
(-1.0, -0.1, 0.0)19081295
(-1.0, -0.1, 0.0)19081347
(-1.0, -0.1, -0.1)19081398
(-1.0, 0.0, -0.3)19081449
(-1.0, 0.0, -0.3)19081500
(-1.0, 0.0, -0.3)19081551
(-1.0, 0.0, -0.3)19081602
(-1.0, 0.0, -0.3)19081652
(-1.0, 0.1, -0.2)19081704
(-1.0, 0.1, -0.2)19081755
(-1.0, 0.1, 0.2)19081806
(-1.0, 0.1, 0.2)19081857
(-1.0, 0.1, 0.2)19081908
(-1.0, 0.1, 0.2)19081965
(-1.0, 0.1, 0.2)19082015
(-1.0, 0.1, 0.2)19082065
(-1.0, 0.1, 0.2)19082117
(-1.0, 0.1, 0.2)19082167
(-1.0, 0.1, 0.2)19082219
(-1.0, 0.1, 0.2)19082269
(-1.0, 0.1, 0.2)19082320
(-1.0, 0.1, 0.2)19082371
(-1.0, 0.1, 0.2)19082421
(-1.0, 0.1, 0.2)19082472
(-1.0, 0.1, 0.2)19082523
(-1.0, 0.1, 0.2)19082574
(-1.0, 0.1, 0.2)19082625
(-1.0, 0.1, 0.2)19082676
(-1.0, 0.1, 0.2)19082726
(-1.0, 0.1, 0.2)19082777
(-1.0, 0.1, 0.2)19082828
(-1.0, 0.1, 0.2)19082878
(-1.0, 0.1, 0.2)19082928
(-1.0, 0.1, 0.2)19082978
(-1.0, 0.1, 0.2)19083030
(-1.0, 0.1, 0.2)19083080
(-1.0, 0.1, 0.2)19083130
(-1.0, 0.1, 0.2)19083180
(-1.0, 0.1, 0.2)19083231
(-1.0, 0.1, 0.2)19083282
(-1.0, 0.1, 0.2)19083333
(-1.0, 0.1, 0.2)19083383
(-1.0, 0.1, 0.2)19083433
(-1.0, 0.1, 0.2)19083485
(-1.0, 0.1, 0.2)19083535
(-1.0, 0.1, 0.2)19083587
(-1.0, 0.1, 0.2)19083638
(-1.0, 0.1, 0.2)19083689
(-1.0, 0.1, 0.2)19083740
(-1.0, 0.1, 0.2)19083790
(-1.0, 0.1, 0.2)19083841
(-1.0, 0.1, 0.2)19083892
(-1.0, 0.1, 0.2)19083943
(-1.0, 0.1, 0.2)19083993
(-1.0, 0.1, 0.2)19084045
(-1.0, 0.1, 0.2)19084096
(-1.0, 0.1, 0.2)19084146
(-1.0, 0.1, 0.2)19084198
(-1.0, 0.1, 0.2)19084249
(-1.0, 0.1, 0.2)19084300
(-1.0, 0.1, 0.2)19084350
(-1.0, 0.1, 0.2)19084403
(-1.0, 0.1, 0.2)19084453
(-1.0, 0.1, 0.2)19084505
(-1.0, 0.1, 0.2)19084556
(-1.0, 0.1, 0.2)19084607
(-1.0, 0.1, 0.2)19084658
(-1.0, 0.1, 0.2)19084835
(-1.0, 0.1, 0.2)19084886
(-1.0, 0.1, 0.2)19084936
(-1.0, 0.1, 0.2)19084987
(-1.0, 0.1, 0.2)19085038
(-1.0, 0.1, 0.2)19085090
(-1.0, 0.1, 0.2)19085169
(-1.0, 0.1, 0.2)19085220
(-1.0, 0.1, 0.2)19085271
(-1.0, 0.1, 0.2)19085321
(-1.0, 0.1, 0.2)19085373
(-1.0, 0.1, 0.2)19085426
(-1.0, 0.1, 0.2)19085477
(-1.0, 0.1, 0.2)19085528
(-1.0, 0.1, 0.2)19085580
(-1.0, 0.1, 0.2)19085631
(-1.0, 0.1, 0.2)19085682
(-1.0, 0.1, 0.2)19085733
(-1.0, 0.1, 0.2)19085783
(-1.0, 0.1, 0.2)19085835
(-1.0, 0.1, 0.2)19085885
(-1.0, 0.1, 0.2)19085937
(-1.0, 0.1, 0.2)19085987
(-1.0, 0.1, 0.2)19090038
(-1.0, 0.1, 0.2)19090090
(-1.0, 0.1, 0.2)19090140
(-1.0, 0.1, 0.2)19090191
(-1.0, 0.1, 0.2)19090242
(-1.0, 0.1, 0.2)19090294
(-1.0, 0.1, 0.2)19090345
(-1.0, 0.1, 0.2)19090396
(-1.0, 0.1, 0.2)19090447
(-1.0, 0.1, 0.2)19090499
(-1.0, 0.1, 0.2)19090551
(-1.0, 0.1, 0.2)19090602
(-1.0, 0.1, 0.2)19090653
(-1.0, 0.1, 0.2)19090703
(-1.0, 0.1, 0.2)19090754
(-1.0, 0.1, 0.2)19090804
(-1.0, 0.1, 0.2)19090860
(-1.0, 0.1, 0.2)19090916
(-1.0, 0.1, 0.2)19090967
(-1.0, 0.1, 0.2)19091017
(-1.0, 0.1, 0.2)19091068
(-1.0, 0.1, 0.2)19091239
(-1.0, 0.1, 0.2)19091289
(-1.0, 0.1, 0.2)19091340
(-1.0, 0.1, 0.2)19091391
(-1.0, 0.0, -0.3)19091443
(-0.9, 0.0, -0.4)19091495
(-0.9, 0.0, -0.4)19091546
(-0.9, -0.1, -0.4)19091597
(-0.9, -0.2, -0.4)19091648
(-0.9, -0.1, -0.5)19091698
(-0.9, -0.1, -0.5)19091749
(-0.9, -0.1, -0.5)19091800
(-0.9, -0.1, -0.5)19091850
(-0.9, -0.2, -0.4)19091902
(-0.9, -0.2, -0.4)19091953
(-0.9, -0.2, -0.4)19092004
(-0.9, -0.2, -0.4)19092054
(-0.9, -0.2, -0.4)19092105
(-0.9, -0.2, -0.4)19092155
(-0.9, -0.2, -0.4)19092206
(-0.9, -0.2, -0.4)19092257
(-0.9, -0.2, -0.4)19092309
(-0.9, -0.2, -0.4)19092359
(-0.9, -0.2, -0.4)19092411
(-0.9, -0.2, -0.4)19092462
(-0.9, -0.2, -0.4)19092512
(-0.9, -0.2, -0.4)19092562
(-0.9, -0.2, -0.4)19092614
(-0.9, -0.2, -0.4)19092664
(-0.9, -0.2, -0.4)19092715
(-0.9, -0.2, -0.4)19092766
(-0.9, -0.2, -0.4)19092817
(-0.9, -0.2, -0.4)19092868
(-0.9, -0.2, -0.4)19092919
(-0.9, -0.2, -0.4)19092970
(-0.9, -0.2, -0.4)19093021
(-0.9, -0.2, -0.4)19093072
(-0.9, -0.2, -0.4)19093123
(-0.9, -0.2, -0.4)19093173
(-0.9, -0.2, -0.4)19093223
(-0.9, -0.2, -0.4)19093274
(-0.9, -0.2, -0.4)19093325
(-0.9, -0.2, -0.4)19093376
(-0.9, -0.2, -0.4)19093427
(-0.9, -0.2, -0.4)19093478
(-0.9, -0.2, -0.4)19093528
(-0.9, -0.2, -0.4)19093579
(-0.9, -0.2, -0.4)19093630
(-0.9, -0.2, -0.4)19093680
(-0.9, -0.2, -0.4)19093732
(-0.9,