(-0.8, 0.5, 0.2)201024
(-0.8, 0.5, 0.2)201025
(-0.8, 0.5, 0.2)201025
(-0.8, 0.5, 0.2)201026
(-0.8, 0.5, 0.2)201026
(-0.8, 0.5, 0.2)201027
(-0.8, 0.5, 0.2)201027
(-0.8, 0.5, 0.2)201028
(-0.8, 0.5, 0.2)201028
(-0.8, 0.5, 0.2)201029
(-0.8, 0.5, 0.2)201029
(-0.8, 0.5, 0.2)201030
(-0.8, 0.5, 0.2)201030
(-0.8, 0.5, 0.2)201031
(-0.8, 0.5, 0.2)201031
(-0.8, 0.5, 0.2)201032
(-0.8, 0.5, 0.2)201032
(-0.8, 0.5, 0.2)201033
(-0.8, 0.5, 0.2)201033
(-0.8, 0.5, 0.2)201034
(-0.8, 0.5, 0.2)201035
(-0.8, 0.5, 0.2)201035
(-0.8, 0.5, 0.2)201036
(-0.8, 0.5, 0.2)201036
(-0.8, 0.5, 0.2)201037
(-0.8, 0.5, 0.2)201037
(-0.8, 0.5, 0.2)201038
(-0.8, 0.5, 0.2)201038
(-0.8, 0.5, 0.2)201039
(-0.8, 0.5, 0.2)201039
(-0.8, 0.5, 0.2)201040
(-0.8, 0.5, 0.2)201040
(-0.8, 0.5, 0.2)201041
(-0.8, 0.5, 0.2)201041
(-0.8, 0.5, 0.2)201042
(-0.8, 0.5, 0.2)201042
(-0.8, 0.5, 0.2)201043
(-0.8, 0.5, 0.2)201043
(-0.8, 0.5, 0.2)201044
(-0.8, 0.5, 0.2)201044
(-0.8, 0.5, 0.2)201045
(-0.8, 0.5, 0.2)201045
(-0.8, 0.5, 0.2)201046
(-0.8, 0.5, 0.2)201047
(-0.8, 0.5, 0.2)201047
(-0.8, 0.5, 0.2)201048
(-0.8, 0.5, 0.2)201048
(-0.8, 0.5, 0.2)201049
(-0.8, 0.5, 0.2)201049
(-0.8, 0.5, 0.2)201050
(-0.8, 0.5, 0.2)201050
(-0.8, 0.5, 0.2)201051
(-0.8, 0.5, 0.2)201051
(-0.8, 0.5, 0.2)201052
(-0.8, 0.5, 0.2)201052
(-0.8, 0.5, 0.2)201053
(-0.8, 0.5, 0.2)201053
(-0.8, 0.5, 0.2)201054
(-0.8, 0.5, 0.2)201054
(-0.8, 0.5, 0.2)201055
(-0.8, 0.5, 0.2)201055
(-0.8, 0.5, 0.2)201056
(-0.8, 0.5, 0.2)201056
(-0.8, 0.5, 0.2)201057
(-0.8, 0.5, 0.2)201057
(-0.8, 0.5, 0.2)201058
(-0.8, 0.5, 0.2)201058
(-0.8, 0.5, 0.2)201059
(-0.8, 0.5, 0.2)201059
(-0.8, 0.5, 0.2)201100
(-0.8, 0.5, 0.2)201101
(-0.8, 0.5, 0.2)201101
(-0.8, 0.5, 0.2)201102
(-0.8, 0.5, 0.2)201102
(-0.8, 0.5, 0.2)201103
(-0.8, 0.5, 0.2)201103
(-0.8, 0.5, 0.2)201104
(-0.8, 0.5, 0.2)201104
(-0.8, 0.5, 0.2)201105
(-0.8, 0.5, 0.2)201105
(-0.8, 0.5, 0.2)201106
(-0.8, 0.5, 0.2)201106
(-0.8, 0.5, 0.2)201107
(-0.8, 0.5, 0.2)201107
(-0.8, 0.5, 0.2)201108
(-0.8, 0.5, 0.2)201108
(-0.8, 0.5, 0.2)201109
(-0.8, 0.5, 0.2)201109
(-0.8, 0.5, 0.2)201110
(-0.8, 0.5, 0.2)201110
(-0.8, 0.5, 0.2)201111
(-0.8, 0.5, 0.2)201111
(-0.8, 0.5, 0.2)201112
(-0.8, 0.5, 0.2)201113
(-0.8, 0.5, 0.2)201113
(-0.8, 0.5, 0.2)201114
(-0.8, 0.5, 0.2)201114
(-0.8, 0.5, 0.2)201115
(-0.8, 0.5, 0.2)201115
(-0.8, 0.5, 0.2)201116
(-0.8, 0.5, 0.2)201116
(-0.8, 0.5, 0.2)201117
(-0.8, 0.5, 0.2)201117
(-0.8, 0.5, 0.2)201118
(-0.8, 0.5, 0.2)201118
(-0.8, 0.5, 0.2)201119
(-0.8, 0.5, 0.2)201119
(-0.8, 0.5, 0.2)201120
(-0.8, 0.5, 0.2)201120
(-0.8, 0.5, 0.2)201121
(-0.8, 0.5, 0.2)201121
(-0.8, 0.5, 0.2)201122
(-0.8, 0.5, 0.2)201122
(-0.8, 0.5, 0.2)201123
(-0.8, 0.5, 0.2)201123
(-0.8, 0.5, 0.2)201124
(-0.8, 0.5, 0.2)201124
(-0.8, 0.5, 0.2)201125
(-0.8, 0.5, 0.2)201126
(-0.8, 0.5, 0.2)201126
(-0.8, 0.5, 0.1)201127
(-0.8, 0.5, 0.3)201127
(-0.6, 0.5, 0.7)201128
(-0.7, 0.4, 0.7)201128
(-0.7, 0.4, 0.7)201129
(-0.7, 0.4, 0.7)201129
(-0.4, 0.3, 0.9)201130
(-0.2, -0.2, 1.0)201130
(0.3, -0.6, 0.8)201131
(0.7, -0.6, 0.4)201131
(0.7, -0.6, 0.4)201132
(0.8, -0.6, 0.1)201132
(0.6, -0.7, -0.4)201133
(0.5, -0.7, -0.5)201133
(0.6, -0.8, -0.3)201134
(0.6, -0.8, -0.3)201134
(0.6, -0.8, -0.3)201135
(0.7, -0.8, 0.1)201135
(0.5, -0.8, 0.4)201136
(0.1, -1.0, 0.1)201136
(-0.1, -1.0, 0.0)201137
(-0.4, -0.9, 0.2)201137
(-0.7, -0.6, 0.4)201138
(-0.9, -0.4, 0.2)201139
(-1.0, -0.3, 0.1)201139
(-0.7, -0.2, 0.7)201140
(-0.8, -0.2, 0.6)201140
(-0.8, -0.2, 0.6)201141
(-0.8, -0.2, 0.6)201141
(-0.8, -0.2, 0.6)201142
(-0.8, -0.2, 0.6)201142
(-0.8, -0.2, 0.6)201143
(-0.8, -0.2, 0.6)201143
(-0.8, -0.2, 0.6)201144
(-0.8, -0.2, 0.6)201144
(-0.8, -0.2, 0.6)201145
(-0.8, -0.2, 0.6)201145
(-0.8, -0.2, 0.6)201146
(-0.8, -0.2, 0.6)201146
(-0.8, -0.2, 0.6)201147
(-0.8, -0.2, 0.6)201147
(-0.8, -0.2, 0.6)201148
(-0.8, -0.2, 0.6)201148
(-0.8, -0.2, 0.6)201149
(-0.8, -0.2, 0.6)201149
(-0.8, -0.2, 0.6)201150
(-0.8, -0.2, 0.6)201150
(-0.8, -0.2, 0.6)201151
(-0.8, -0.2, 0.6)201151
(-0.8, -0.2, 0.6)201152
(-0.8, -0.2, 0.6)201153
(-0.8, -0.2, 0.6)201153
(-0.8, -0.2, 0.6)201154
(-0.8, -0.2, 0.6)201154
(-0.8, -0.2, 0.6)201155
(-0.8, -0.2, 0.6)201155
(-0.8, -0.2, 0.6)201156
(-0.8, -0.2, 0.6)201156
(-0.8, -0.2, 0.6)201157
(-0.8, -0.2, 0.6)201157
(-0.8, -0.2, 0.6)201158
(-0.8, -0.2, 0.6)201158
(-0.8, -0.2, 0.6)201159
(-0.8, -0.2, 0.6)201159
(-0.8, -0.2, 0.6)201200
(-0.8, -0.2, 0.6)201200
(-0.8, -0.2, 0.6)201201
(-0.8, -0.2, 0.6)201201
(-0.8, -0.2, 0.6)201202
(-0.8, -0.2, 0.6)201202
(-0.8, -0.2, 0.6)201203
(-0.8, -0.2, 0.6)201203
(-0.8, -0.2, 0.6)201204
(-0.8, -0.2, 0.6)201204
(-0.8, -0.2, 0.6)201205
(-0.8, -0.2, 0.6)201206
(-0.8, -0.2, 0.6)201206
(-0.8, -0.2, 0.6)201207
(-0.8, -0.2, 0.6)201207
(-0.8, -0.2, 0.6)201208
(-0.8, -0.2, 0.6)201208
(-0.8, -0.2, 0.6)201209
(-0.8, -0.2, 0.6)201209
(-0.8, -0.2, 0.6)201210
(-0.8, -0.2, 0.6)201210
(-0.8, -0.2, 0.6)201211
(-0.8, -0.2, 0.6)201211
(-0.8, -0.2, 0.6)201212
(-0.8, -0.2, 0.6)201212
(-0.8, -0.2, 0.6)201213
(-0.8, -0.2, 0.6)201213
(-0.8, -0.2, 0.6)201214
(-0.8, -0.2, 0.6)201214
(-0.8, -0.2, 0.6)201215
(-0.8, -0.2, 0.6)201215
(-0.8, -0.2, 0.6)201216
(-0.8, -0.2, 0.6)201216
(-0.8, -0.2, 0.6)201217
(-0.8, -0.2, 0.6)201218
(-0.8, -0.2, 0.6)201218
(-0.8, -0.2, 0.6)201219
(-0.8, -0.2, 0.6)201219
(-0.8, -0.2, 0.6)201220
(-0.8, -0.2, 0.6)201220
(-0.8, -0.2, 0.6)201221
(-0.8, -0.2, 0.6)201221
(-0.8, -0.2, 0.6)201222
(-0.8, -0.2, 0.6)201222
(-0.8, -0.2, 0.6)201223
(-0.8, -0.2, 0.6)201223
(-0.8, -0.2, 0.6)201224
(-0.8, -0.2, 0.6)201224
(-0.8, -0.2, 0.6)201225
(-0.8, -0.2, 0.6)201225
(-0.5, -0.1, 0.8)201226
(-0.5, -0.1, 0.9)201226
(-0.5, -0.1, 0.9)201227
(-0.6, -0.1, 0.8)201227
(-0.6, -0.1, 0.8)201228
(-0.5, -0.1, 0.8)201228
(-0.5, -0.1, 0.8)201229
(-0.5, -0.1, 0.8)201229
(-0.5, -0.1, 0.8)201230
(-0.5, -0.1, 0.8)201230
(-0.5, -0.1, 0.8)201231
(-0.5, -0.1, 0.8)201231
(-0.5, -0.1, 0.8)201232
(-0.5, -0.1, 0.8)201232
(-0.5, -0.1, 0.8)201233
(-0.5, -0.1, 0.8)201234
(-0.5, -0.1, 0.8)201234
(-0.5, -0.1, 0.8)201235
(-0.5, -0.1, 0.8)201235
(-0.5, -0.1, 0.8)201236
(-0.5, -0.1, 0.8)201236
(-0.5, -0.1, 0.8)201237
(-0.5, -0.1, 0.8)201237
(-0.5, -0.1, 0.8)201240
(-0.5, -0.1, 0.8)201240
(-0.5, -0.1, 0.8)201241
(-0.5, -0.1, 0.8)201241
(-0.5, -0.1, 0.8)201242
(-0.5, -0.1, 0.8)201242
(-0.5, -0.1, 0.8)201243
(-0.5, -0.1, 0.8)201243
(-0.5, -0.1, 0.8)201244
(-0.5, -0.1, 0.8)201244
(-0.5, -0.1, 0.8)201245
(-0.5, -0.1, 0.8)201245
(-0.5, -0.1, 0.8)201246
(-0.5, -0.1, 0.8)201246
(-0.5, -0.1, 0.8)201247
(-0.5, -0.1, 0.8)201247
(-0.5, -0.1, 0.8)201248
(-0.5, -0.1, 0.8)201248
(-0.5, -0.1, 0.8)201249
(-0.5, -0.1, 0.8)201249
(-0.5, -0.1, 0.8)201250
(-0.5, -0.1, 0.8)201250
(-0.5, -0.1, 0.8)201251
(-0.5, -0.1, 0.8)201251
(-0.5, -0.1, 0.8)201252
(-0.5, -0.1, 0.8)201252
(-0.5, -0.1, 0.8)201253
(-0.5, -0.1, 0.8)201253
(-0.5, -0.1, 0.8)201254
(-0.5, -0.1, 0.8)201254
(-0.5, -0.1, 0.8)201255
(-0.5, -0.1, 0.8)201256
(-0.5, -0.1, 0.8)201256
(-0.5, -0.1, 0.8)201257
(-0.5, -0.1, 0.8)201257
(-0.5, -0.1, 0.8)201258
(-0.5, -0.1, 0.8)201258
(-0.5, -0.1, 0.8)201259
(-0.5, -0.1, 0.8)201259
(-0.5, -0.1, 0.8)201300
(-0.5, -0.1, 0.8)201300
(-0.5, -0.1, 0.8)201301
(-0.5, -0.1, 0.8)201301
(-0.5, -0.1, 0.8)201302
(-0.5, -0.1, 0.8)201302
(-0.5, -0.1, 0.8)201303
(-0.5, -0.1, 0.8)201303
(-0.5, -0.1, 0.8)201304
(-0.5, -0.1, 0.8)201304
(-0.5, -0.1, 0.8)201305
(-0.5, -0.1, 0.8)201305
(-0.5, -0.1, 0.8)201306
(-0.5, -0.1, 0.8)201306
(-0.5, -0.1, 0.8)201307
(-0.5, -0.1, 0.8)201307
(-0.5, -0.1, 0.8)201308
(-0.5, -0.1, 0.8)201308
(-0.5, -0.1, 0.8)201309
(-0.5, -0.1, 0.8)201309
(-0.5, -0.1, 0.8)201310
(-0.5, -0.1, 0.8)201311
(-0.5, -0.1, 0.8)201311
(-0.5, -0.1, 0.8)201312
(-0.5, -0.1, 0.8)201312
(-0.5, -0.1, 0.8)201313
(-0.5, -0.1, 0.8)201313
(-0.5, -0.1, 0.8)201314
(-0.5, -0.1, 0.8)201314
(-0.5, -0.1, 0.8)201315
(-0.5, -0.1, 0.8)201315
(-0.5, -0.1, 0.8)201316
(-0.5, -0.1, 0.8)201316
(-0.5, -0.1, 0.8)201317
(-0.5, -0.1, 0.8)201317
(-0.5, -0.1, 0.8)201318
(-0.5, -0.1, 0.8)201318
(