(0.1, -1.0, 0.2)201428
(0.1, -1.0, 0.2)201429
(0.1, -1.0, 0.2)201429
(0.1, -1.0, 0.2)201430
(0.1, -1.0, 0.2)201430
(0.1, -1.0, 0.2)201431
(0.1, -1.0, 0.2)201431
(0.1, -1.0, 0.2)201432
(0.1, -1.0, 0.2)201432
(0.1, -1.0, 0.2)201433
(0.1, -1.0, 0.2)201433
(0.1, -1.0, 0.2)201434
(0.1, -1.0, 0.2)201434
(0.1, -1.0, 0.2)201435
(0.1, -1.0, 0.2)201435
(0.1, -1.0, 0.2)201436
(0.1, -1.0, 0.2)201436
(0.1, -1.0, 0.2)201437
(0.1, -1.0, 0.2)201438
(0.1, -1.0, 0.2)201438
(0.1, -1.0, 0.2)201439
(0.1, -1.0, 0.2)201439
(0.1, -1.0, 0.2)201440
(0.1, -1.0, 0.2)201440
(0.1, -1.0, 0.2)201441
(0.1, -1.0, 0.2)201441
(0.1, -1.0, 0.2)201442
(0.1, -1.0, 0.2)201442
(0.1, -1.0, 0.2)201443
(0.1, -1.0, 0.2)201443
(0.1, -1.0, 0.2)201444
(0.1, -1.0, 0.2)201444
(0.1, -1.0, 0.2)201445
(0.1, -1.0, 0.2)201445
(0.1, -1.0, 0.2)201446
(0.1, -1.0, 0.2)201446
(0.1, -1.0, 0.2)201447
(0.1, -1.0, 0.2)201447
(0.1, -1.0, 0.2)201448
(0.1, -1.0, 0.2)201448
(0.1, -1.0, 0.2)201449
(0.1, -1.0, 0.2)201449
(0.1, -1.0, 0.2)201450
(0.1, -1.0, 0.2)201450
(0.1, -1.0, 0.2)201451
(0.1, -1.0, 0.2)201451
(0.1, -1.0, 0.2)201452
(0.1, -1.0, 0.2)201452
(0.1, -1.0, 0.2)201453
(0.1, -1.0, 0.2)201453
(0.1, -1.0, 0.2)201454
(0.1, -1.0, 0.2)201454
(0.1, -1.0, 0.2)201455
(0.1, -1.0, 0.2)201455
(0.1, -1.0, 0.2)201456
(0.1, -1.0, 0.2)201456
(0.1, -1.0, 0.2)201457
(0.1, -1.0, 0.2)201457
(0.1, -1.0, 0.2)201458
(0.1, -1.0, 0.2)201459
(0.2, -1.0, 0.0)201459
(0.2, -1.0, 0.2)201500
(0.2, -1.0, 0.2)201500
(0.3, -0.9, 0.2)201501
(0.6, -0.8, 0.2)201501
(0.6, -0.8, 0.2)201502
(0.6, -0.8, 0.2)201502
(0.6, -0.8, 0.2)201503
(0.6, -0.8, 0.2)201503
(0.6, -0.8, 0.2)201504
(0.6, -0.8, 0.2)201504
(0.6, -0.8, 0.2)201505
(0.6, -0.8, 0.2)201505
(0.6, -0.8, 0.2)201506
(0.6, -0.8, 0.2)201506
(0.6, -0.8, 0.2)201507
(0.6, -0.8, 0.2)201507
(0.6, -0.8, 0.2)201508
(0.6, -0.8, 0.2)201508
(0.6, -0.8, 0.2)201509
(0.6, -0.8, 0.2)201509
(0.6, -0.8, 0.2)201510
(0.6, -0.8, 0.2)201510
(0.6, -0.8, 0.2)201511
(0.6, -0.8, 0.2)201511
(0.6, -0.8, 0.2)201512
(0.6, -0.8, 0.2)201512
(0.6, -0.8, 0.2)201513
(0.6, -0.8, 0.2)201513
(0.6, -0.8, 0.2)201514
(0.6, -0.8, 0.2)201514
(0.6, -0.8, 0.2)201515
(0.6, -0.8, 0.2)201516
(0.6, -0.8, 0.2)201516
(0.6, -0.8, 0.2)201517
(0.6, -0.8, 0.2)201517
(0.6, -0.8, 0.2)201518
(0.6, -0.8, 0.2)201518
(0.6, -0.8, 0.2)201519
(0.6, -0.8, 0.2)201519
(0.6, -0.8, 0.2)201520
(0.6, -0.8, 0.2)201520
(0.6, -0.8, 0.2)201521
(0.6, -0.8, 0.2)201521
(0.6, -0.8, 0.2)201522
(0.6, -0.8, 0.2)201522
(0.6, -0.8, 0.2)201523
(0.6, -0.8, 0.2)201523
(0.6, -0.8, 0.2)201524
(0.6, -0.8, 0.2)201524
(0.6, -0.8, 0.2)201525
(0.6, -0.8, 0.2)201525
(0.6, -0.8, 0.2)201526
(0.6, -0.8, 0.2)201526
(0.6, -0.8, 0.2)201527
(0.6, -0.8, 0.2)201527
(0.6, -0.8, 0.2)201528
(0.6, -0.8, 0.2)201528
(0.6, -0.8, 0.2)201529
(0.6, -0.8, 0.2)201530
(0.6, -0.8, 0.2)201530
(0.6, -0.8, 0.2)201531
(0.6, -0.8, 0.2)201531
(0.6, -0.8, 0.2)201532
(0.6, -0.8, 0.2)201532
(0.6, -0.8, 0.2)201533
(0.6, -0.8, 0.2)201533
(0.6, -0.8, 0.2)201534
(0.6, -0.8, 0.2)201534
(0.6, -0.8, 0.2)201535
(0.6, -0.8, 0.2)201535
(0.6, -0.8, 0.2)201536
(0.6, -0.8, 0.2)201536
(0.6, -0.8, 0.2)201537
(0.6, -0.8, 0.2)201537
(0.6, -0.8, 0.2)201538
(0.6, -0.8, 0.2)201538
(0.6, -0.8, 0.2)201539
(0.6, -0.8, 0.2)201539
(0.6, -0.8, 0.2)201540
(0.6, -0.8, 0.2)201540
(0.6, -0.8, 0.2)201541
(0.6, -0.8, 0.2)201541
(0.6, -0.8, 0.2)201542
(0.6, -0.8, 0.2)201542
(0.6, -0.8, 0.2)201543
(0.6, -0.8, 0.2)201544
(0.6, -0.8, 0.2)201544
(0.6, -0.8, 0.2)201545
(0.6, -0.8, 0.2)201545
(0.6, -0.8, 0.2)201546
(0.6, -0.8, 0.2)201546
(0.6, -0.8, 0.2)201547
(0.6, -0.8, 0.2)201547
(0.6, -0.8, 0.2)201548
(0.6, -0.8, 0.2)201548
(0.6, -0.8, 0.2)201549
(0.6, -0.8, 0.2)201549
(0.6, -0.8, 0.2)201550
(0.6, -0.8, 0.2)201550
(0.6, -0.8, 0.2)201551
(0.6, -0.8, 0.2)201551
(0.6, -0.8, 0.2)201552
(0.6, -0.8, 0.2)201552
(0.6, -0.8, 0.2)201553
(0.6, -0.8, 0.2)201553
(0.6, -0.8, 0.2)201554
(0.6, -0.8, 0.2)201554
(0.6, -0.8, 0.2)201555
(0.6, -0.8, 0.2)201555
(0.6, -0.8, 0.2)201556
(0.6, -0.8, 0.2)201556
(0.6, -0.8, 0.2)201557
(0.6, -0.8, 0.2)201557
(0.6, -0.8, 0.2)201558
(0.6, -0.8, 0.2)201558
(0.6, -0.8, 0.2)201559
(0.6, -0.8, 0.2)201559
(0.6, -0.8, 0.2)201600
(0.6, -0.8, 0.2)201601
(0.6, -0.8, 0.2)201601
(0.6, -0.8, 0.2)201602
(0.6, -0.8, 0.2)201602
(0.6, -0.8, 0.2)201603
(0.6, -0.8, 0.2)201603
(0.6, -0.8, 0.2)201604
(0.6, -0.8, 0.2)201604
(0.6, -0.8, 0.2)201605
(0.6, -0.8, 0.2)201605
(0.6, -0.8, 0.2)201606
(0.6, -0.8, 0.2)201606
(0.6, -0.8, 0.2)201607
(0.6, -0.8, 0.2)201607
(0.6, -0.8, 0.2)201608
(0.6, -0.8, 0.2)201608
(0.6, -0.8, 0.2)201609
(0.6, -0.8, 0.2)201609
(0.6, -0.8, 0.2)201610
(0.6, -0.8, 0.2)201610
(0.6, -0.8, 0.2)201611
(0.6, -0.8, 0.2)201611
(0.6, -0.8, 0.2)201612
(0.6, -0.8, 0.2)201612
(0.6, -0.8, 0.2)201613
(0.6, -0.8, 0.2)201613
(0.6, -0.8, 0.2)201614
(0.6, -0.8, 0.2)201614
(0.6, -0.8, 0.2)201615
(0.6, -0.8, 0.2)201615
(0.6, -0.8, 0.2)201616
(0.6, -0.8, 0.2)201616
(0.6, -0.8, 0.2)201617
(0.6, -0.8, 0.2)201618
(0.6, -0.8, 0.2)201618
(0.6, -0.8, 0.2)201619
(0.6, -0.8, 0.2)201619
(0.6, -0.8, 0.2)201620
(0.6, -0.8, 0.2)201620
(0.6, -0.8, 0.2)201621
(0.6, -0.8, 0.2)201621
(0.6, -0.8, 0.2)201622
(0.6, -0.8, 0.2)201622
(0.6, -0.8, 0.2)201623
(0.6, -0.8, 0.2)201623
(0.6, -0.8, 0.2)201624
(0.6, -0.8, 0.2)201624
(0.6, -0.8, 0.2)201625
(0.6, -0.8, 0.2)201625
(0.6, -0.8, 0.2)201626
(0.6, -0.8, 0.2)201626
(0.6, -0.8, 0.2)201627
(0.6, -0.8, 0.2)201627
(0.6, -0.8, 0.2)201628
(0.6, -0.8, 0.2)201628
(0.6, -0.8, 0.2)201629
(0.6, -0.8, 0.2)201629
(0.6, -0.8, 0.2)201630
(0.6, -0.8, 0.2)201630
(0.6, -0.8, 0.2)201631
(0.6, -0.8, 0.2)201631
(0.6, -0.8, 0.2)201632
(0.6, -0.8, 0.2)201633
(0.6, -0.8, 0.2)201633
(0.6, -0.8, 0.2)201634
(0.6, -0.8, 0.2)201634
(0.6, -0.8, 0.2)201635
(0.6, -0.8, 0.2)201635
(0.6, -0.8, 0.2)201636
(0.6, -0.8, 0.2)201636
(0.6, -0.8, 0.2)201637
(0.6, -0.8, 0.2)201637
(0.6, -0.8, 0.2)201638
(0.6, -0.8, 0.2)201638
(0.6, -0.8, 0.2)201639
(0.6, -0.8, 0.2)201639
(0.6, -0.8, 0.2)201640
