(0.5, -0.5, 0.7)201853
(0.5, -0.5, 0.7)201854
(0.5, -0.5, 0.7)201855
(0.5, -0.5, 0.7)201855
(0.5, -0.5, 0.7)201856
(0.5, -0.5, 0.7)201856
(0.5, -0.5, 0.7)201857
(0.5, -0.5, 0.7)201857
(0.5, -0.5, 0.7)201858
(0.5, -0.5, 0.7)201858
(0.5, -0.5, 0.7)201859
(0.5, -0.5, 0.7)201859
(0.5, -0.5, 0.7)201900
(0.5, -0.5, 0.7)201900
(0.5, -0.5, 0.7)201901
(0.5, -0.5, 0.7)201901
(0.5, -0.5, 0.7)201902
(0.5, -0.5, 0.7)201902
(0.5, -0.5, 0.7)201903
(0.5, -0.5, 0.7)201903
(0.5, -0.5, 0.7)201904
(0.5, -0.5, 0.7)201904
(0.5, -0.5, 0.7)201905
(0.5, -0.5, 0.7)201905
(0.5, -0.5, 0.7)201906
(0.5, -0.5, 0.7)201906
(0.5, -0.5, 0.7)201907
(0.5, -0.5, 0.7)201907
(0.5, -0.5, 0.7)201908
(0.5, -0.5, 0.7)201908
(0.5, -0.5, 0.7)201909
(0.5, -0.5, 0.7)201909
(0.5, -0.5, 0.7)201910
(0.5, -0.5, 0.7)201910
(0.5, -0.5, 0.7)201911
(0.5, -0.5, 0.7)201912
(0.5, -0.5, 0.7)201912
(0.5, -0.5, 0.7)201913
(0.5, -0.5, 0.7)201913
(0.5, -0.5, 0.7)201914
(0.5, -0.5, 0.7)201914
(0.5, -0.5, 0.7)201915
(0.5, -0.5, 0.7)