(0.5, -0.2, 0.9)202318
(0.5, -0.2, 0.9)202319
(0.5, -0.2, 0.9)202319
(0.5, -0.2, 0.9)202320
(0.5, -0.2, 0.9)202320
(0.5, -0.2, 0.9)202321
(0.5, -0.2, 0.9)202321
(0.5, -0.2, 0.9)202322
(0.5, -0.2, 0.9)202322
(0.5, -0.2, 0.9)202323
(0.5, -0.2, 0.9)202323
(0.5, -0.2, 0.9)202324
(0.5, -0.2, 0.9)202325
(0.5, -0.2, 0.9)202325
(0.5, -0.2, 0.9)202326
(0.5, -0.2, 0.9)202326
(0.5, -0.2, 0.9)202327
(0.5, -0.2, 0.9)202327
(0.5, -0.2, 0.9)202328
(0.5, -0.2, 0.9)202328
(0.5, -0.2, 0.9)202329
(0.5, -0.2, 0.9)202329
(0.5, -0.2, 0.9)202330
(0.5, -0.2, 0.9)202331
(0.5, -0.2, 0.9)202331
(0.5, -0.2, 0.9)202332
(0.5, -0.2, 0.9)202332
(0.5, -0.2, 0.9)202333
(0.5, -0.2, 0.9)202333
(0.5, -0.2, 0.9)202334
(0.5, -0.2, 0.9)202334
(0.5, -0.2, 0.9)202335
(0.5, -0.2, 0.9)202335
(0.5, -0.2, 0.9)202336
(0.5, -0.2, 0.9)202336
(0.5, -0.2, 0.9)202337
(0.5, -0.2, 0.9)202338
(0.5, -0.2, 0.9)202338
(0.5, -0.2, 0.9)202339
(0.5, -0.2, 0.9)202339
(0.5, -0.2, 0.9)202340
(0.5, -0.2, 0.9)202340
(0.5, -0.2, 0.9)202341
(0.5, -0.2, 0.9)202341
(0.5, -0.2, 0.9)202342
(0.5, -0.2, 0.9)202343
(0.5, -0.2, 0.9)202343
(0.5, -0.2, 0.9)202344
(0.5, -0.2, 0.9)202344
(0.5, -0.2, 0.9)202345
(0.5, -0.2, 0.9)202346
(0.5, -0.2, 0.9)202346
(0.5, -0.2, 0.9)202347
(0.5, -0.2, 0.9)202347
(0.5, -0.2, 0.9)202348
(0.5, -0.2, 0.9)202348
(0.5, -0.2, 0.9)202349
(0.5, -0.2, 0.9)202349
(0.5, -0.2, 0.9)202350
(0.5, -0.2, 0.9)202350
(0.5, -0.2, 0.9)202351
(0.5, -0.2, 0.9)202351
(0.5, -0.2, 0.9)202352
(0.5, -0.2, 0.9)202352
(0.5, -0.2, 0.9)202353
(0.5, -0.2, 0.9)202353
(0.5, -0.2, 0.9)202354
(0.5, -0.2, 0.9)202354
(0.5, -0.2, 0.9)202355
(0.5, -0.2, 0.9)202356
(0.5, -0.2, 0.9)202356
(0.5, -0.2, 0.9)202357
(0.5, -0.2, 0.9)202357
(0.5, -0.2, 0.9)202358
(0.5, -0.2, 0.9)202358
(0.5, -0.2, 0.9)202359
(0.5, -0.2, 0.9)202359
(0.5, -0.2, 0.9)202400
(0.5, -0.2, 0.9)202401
(0.5, -0.2, 0.9)202401
(0.5, -0.2, 0.9)202402
(0.5, -0.2, 0.9)202402
(0.5, -0.2, 0.9)202403
(0.5, -0.2, 0.9)202403
(0.5, -0.2, 0.9)202404
(0.5, -0