(0.3, -0.8, 0.5)202518
(0.3, -0.8, 0.5)202518
(0.3, -0.8, 0.5)202519
(0.3, -0.8, 0.5)202520
(0.3, -0.8, 0.5)202520
(0.3, -0.8, 0.5)202521
(0.3, -0.8, 0.5)202521
(0.3, -0.8, 0.5)202522
(0.3, -0.8, 0.5)202522
(0.3, -0.8, 0.5)202523
(0.3, -0.8, 0.5)202523
(0.3, -0.8, 0.5)202524
(0.3, -0.8, 0.5)202524
(0.3, -0.8, 0.5)202525
(0.3, -0.8, 0.5)202525
(0.3, -0.8, 0.5)202526
(0.3, -0.8, 0.5)202526
(0.3, -0.8, 0.5)202527
(0.8, -0.3, 0.6)202527
(0.8, 0.3, 0.5)202528
(0.8, 0.1, 0.6)202528
(0.8, 0.1, 0.6)202529
(0.8, 0.1, 0.6)202529
(0.8, 0.5, 0.2)202530
(0.4, 0.9, 0.1)202530
(0.6, 0.7, -0.4)202531
(0.6, 0.7, -0.4)202531
(0.6, 0.7, -0.4)202532
(0.6, 0.7, -0.4)202532
(0.6, 0.7, -0.4)202533
(0.6, 0.7, -0.4)202533
(0.6, 0.7, -0.4)202534
(0.6, 0.7, -0.4)202534
(0.6, 0.7, -0.4)202535
(0.9, 0.1, -0.4)202536
(0.7, 0.7, -0.3)202536
(0.8, 0.0, -0.6)202537
(0.9, 0.0, -0.5)202537
(0.9, 0.0, -0.5)202538
(0.9, 0.0, -0.5)202538
(0.9, 0.0, -0.5)202539
(0.9, 0.0, -0.5)202539
(0.9, 0.0, -0.5)202540