(-0.9, 0.0, -0.4)20264262
(-0.9, 0.0, -0.4)20264314
(-0.9, 0.0, -0.4)20264364
(-0.9, 0.0, -0.4)20264416
(-0.9, 0.0, -0.4)20264466
(-0.9, 0.0, -0.4)20264517
(-0.9, 0.0, -0.4)20264568
(-0.9, 0.0, -0.4)20264619
(-0.9, 0.0, -0.4)20264670
(-0.9, 0.0, -0.4)20264720
(-0.9, 0.0, -0.4)20264770
(-0.9, 0.0, -0.4)20264821
(-0.9, 0.0, -0.4)20264872
(-0.9, 0.0, -0.4)20264923
(-0.9, 0.0, -0.4)20264974
(-1.0, 0.0, 0.3)20265026
(-0.8, 0.4, 0.5)20265076
(-0.8, 0.4, 0.5)20265127
(-0.8, 0.4, 0.5)20265179
(-0.8, 0.4, 0.5)20265229
(-0.8, 0.4, 0.5)20265279
(-0.8, 0.4, 0.5)20265331
(-0.8, 0.4, 0.5)20265381
(-0.8, 0.4, 0.5)20265433
(-0.8, 0.4, 0.5)20265484
(-0.8, 0.4, 0.5)20265535
(-0.8, 0.4, 0.5)20265586
(-0.8, 0.4, 0.5)20265636
(-0.8, 0.4, 0.5)20265687
(-0.8, 0.4, 0.5)20265738
(-0.8, 0.4, 0.5)20265788
(-0.8, 0.4, 0.5)20265840
(-0.8, 0.4, 0.5)20265893
(-0.8, 0.4, 0.5)20265944
(-0.8, 0.4, 0.5)20265994
(-0.8, 0.4, 0.5)20270046
(-0.8, 0.4, 0.5)20270343
(-0.8, 0.4, 0.5)20270394
(-0.8, 0.4, 0.5)20270444
(-0.8, 0.4, 0.5)20270495
(-0.8, 0.4, 0.5)20270545
(-0.8, 0.4, 0.5)20270596
(-0.8, 0.4, 0.5)20270647
(-0.8, 0.4, 0.5)20270698
(-0.8, 0.4, 0.5)20270748
(-0.8, 0.4, 0.5)20270799
(-0.8, 0.4, 0.5)20270850
(-0.8, 0.4, 0.5)20270901
(-0.8, 0.4, 0.5)20270952
(-0.8, 0.4, 0.5)20271002
(-0.8, 0.4, 0.5)20271053
(-0.8, 0.4, 0.5)20271104
(-0.8, 0.4, 0.5)20271190
(-0.8, 0.4, 0.5)20271373
(-0.8, 0.4, 0.5)20271423
(-0.8, 0.4, 0.5)20271474
(-0.8, 0.4, 0.5)20271524
(-0.8, 0.4, 0.5)20271575
(-0.8, 0.4, 0.5)20271625
(-0.8, 0.4, 0.5)20271675
(-0.8, 0.4, 0.5)20271726
(-0.8, 0.4, 0.5)20271778
(-0.8, 0.4, 0.5)20271828
(-0.8, 0.4, 0.5)20271879
(-0.8, 0.4, 0.5)20271930
(-0.8, 0.4, 0.5)20271982
(-0.8, 0.4, 0.5)20272033
(-0.8, 0.4, 0.5)20272083
(-0.8, 0.4, 0.5)20272138
(-0.8, 0.4, 0.5)20272189
(-0.8, 0.4, 0.5)20272240
(-0.8, 0.4, 0.5)20272291
(-0.8, 0.4, 0.5)20272343
(-0.8, 0.4, 0.5)20272394
(-0.8, 0.4, 0.5)20272583
(-0.8, 0.4, 0.5)20272632
(-0.8, 0.4, 0.5)20272683
(-0.8, 0.4, 0.5)20272734
(-0.8, 0.4, 0.5)20272784
(-0.8, 0.4, 0.5)20272835
(-0.8, 0.4, 0.5)20272886
(-0.8, 0.4, 0.5)20272937
(-0.8, 0.4, 0.5)20272988
(-0.8, 0.4, 0.5)20273039
(-0.8, 0.4, 0.5)20273089
(-0.8, 0.4, 0.5)20273140
(-0.8, 0.4, 0.5)20273191
(-0.8, 0.4, 0.5)20273242
(-0.8, 0.4, 0.5)20273293
(-0.8, 0.4, 0.5)20273343
(-0.8, 0.4, 0.5)20273394
(-0.8, 0.4, 0.5)20273445
(-0.8, 0.4, 0.5)20273495
(-0.8, 0.4, 0.5)20273546
(-0.8, 0.4, 0.5)20273598
(-0.8, 0.4, 0.5)20273651
(-0.8, 0.4, 0.5)20273701
(-0.8, 0.4, 0.5)20273752
(-0.8, 0.4, 0.5)20273803
(-0.8, 0.4, 0.5)20273855
(-0.8, 0.4, 0.5)20273907
(-0.8, 0.4, 0.5)20273959
(-0.8, 0.4, 0.5)20274009
(-0.8, 0.4, 0.5)20274060
(-0.8, 0.4, 0.5)20274111
(-0.8, 0.4, 0.5)20274161
(-0.8, 0.4, 0.5)20274212
(-0.8, 0.4, 0.5)20274262
(-0.8, 0.4, 0.5)20274313
(-0.8, 0.4, 0.5)20274363
(-0.8, 0.4, 0.5)20274414
(-0.8, 0.4, 0.5)20274465
(-0.8, 0.4, 0.5)20274516
(-0.8, 0.4, 0.5)20274567
(-0.8, 0.4, 0.5)20274618
(-0.8, 0.4, 0.5)20274668
(-0.8, 0.4, 0.5)20274721
(-0.8, 0.4, 0.5)20274771
(-0.8, 0.4, 0.5)20274822
(-0.8, 0.4, 0.5)20274872
(-0.8, 0.4, 0.5)20274922
(-0.8, 0.4, 0.5)20274973
(-0.8, 0.4, 0.5)20275025
(-0.8, 0.4, 0.5)20275076
(-0.8, 0.4, 0.5)20275128
(-0.8, 0.4, 0.5)20275180
(-0.8, 0.4, 0.5)20275231
(-0.8, 0.4, 0.5)20275281
(-0.8, 0.4, 0.5)20275333
(-0.8, 0.4, 0.5)20275384
(-0.8, 0.4, 0.5)20275435
(-0.8, 0.4, 0.5)20275486
(-0.8, 0.4, 0.5)20275537
(-0.8, 0.4, 0.5)20275588
(-0.8, 0.4, 0.5)20275639
(-0.8, 0.4, 0.5)20275689
(-0.8, 0.4, 0.5)20275741
(-0.8, 0.4, 0.5)20275792
(-0.8, 0.4, 0.5)20275842
(-0.8, 0.4, 0.5)20275893
(-0.8, 0.4, 0.5)20275944
(-0.8, 0.4, 0.5)20275994
(-0.8, 0.4, 0.5)20280044
(-0.8, 0.4, 0.5)20280096
(-0.8, 0.4, 0.5)20280146
(-0.8, 0.4, 0.5)20280197
(-0.8, 0.4, 0.5)20280248
(-0.8, 0.4, 0.5)20280298
(-0.8, 0.4, 0.5)20280348
(-0.8, 0.4, 0.5)20280400
(-0.8, 0.4, 0.5)20280450
(-0.8, 0.4, 0.5)20280501
(-0.8, 0.4, 0.5)20280551
(-0.8, 0.4, 0.5)20280601
(-0.8, 0.4, 0.5)20280651
(-0.8, 0.4, 0.5)20280703
(-0.8, 0.4, 0.5)20280754
(-0.8, 0.4, 0.5)20280805
(-0.8, 0.4, 0.5)20280855
(-0.8, 0.4, 0.5)20280907
(-0.8, 0.4, 0.5)20280957
(-0.8, 0.4, 0.5)20281008
(-0.8, 0.4, 0.5)20281060
(-0.8, 0.4, 0.5)20281111
(-0.8, 0.4, 0.5)20281163
(-0.8, 0.4, 0.5)20281213
(-0.8, 0.4, 0.5)20281264
(-0.8, 0.4, 0.5)20281315
(-0.8, 0.4, 0.5)20281366
(-0.8, 0.4, 0.5)20281416
(-0.8, 0.4, 0.5)20281467
(-0.8, 0.4, 0.5)20281518
(-0.8, 0.4, 0.5)20281568
(-0.8, 0.4, 0.5)20281619
(-0.8, 0.4, 0.5)20281685
(-0.8, 0.4, 0.5)20281735
(-0.8, 0.4, 0.5)20281786
(-0.8, 0.4, 0.5)20281837
(-0.8, 0.4, 0.5)20281888
(-0.8, 0.4, 0.5)20281939
(-0.8, 0.4, 0.5)20281990
(-0.8, 0.4, 0.5)20282040
(-0.8, 0.4, 0.5)20282091
(-0.8, 0.4, 0.5)20282141
(-0.8, 0.4, 0.5)20282192
(-0.8, 0.4, 0.5)20282243
(-0.8, 0.4, 0.5)20282293
(-0.8, 0.4, 0.5)20282343
(-0.8, 0.4, 0.5)20282393
(-0.8, 0.4, 0.5)20282445
(-0.8, 0.4, 0.5)20282496
(-0.8, 0.4, 0.5)20282547
(-0.8, 0.4, 0.5)20282597
(-0.8, 0.4, 0.5)20282648
(-0.8, 0.4, 0.5)20282699
(-0.8, 0.4, 0.5)20282751
(-0.8, 0.4, 0.5)20282808
(-0.8, 0.4, 0.5)20282858
(-0.8, 0.4, 0.5)20282910
(-0.8, 0.4, 0.5)20282961
(-0.8, 0.4, 0.5)20283011
(-0.8, 0.4, 0.5)20283063
(-0.8, 0.4, 0.5)20283113
(-0.8, 0.4, 0.5)20283164
(-0.8, 0.4, 0.5)20283215
(-0.8, 0.4, 0.5)20283266
(-0.8, 0.4, 0.5)20283317
(-0.8, 0.4, 0.5)20283369
(-0.8, 0.4, 0.5)20283422
(-0.8, 0.4, 0.5)20283473
(-0.8, 0.4, 0.5)20283523
(-0.8, 0.4, 0.5)20283576
(-0.8, 0.4, 0.5)20283627
(-0.8, 0.4, 0.5)20283678
(-0.8, 0.4, 0.5)20283731
(-0.8, 0.4, 0.5)20283783
(-0.8, 0.4, 0.5)20283834
(-0.8, 0.4, 0.5)20283884
(-0.8, 0.4, 0.5)20283936
(-0.8, 0.4, 0.5)20283986
(-0.8, 0.4, 0.5)20284038
(-0.8, 0.4, 0.5)20284088
(-0.8, 0.4, 0.5)20284141
(-0.8, 0.4, 0.5)20284191
(-0.8, 0.4, 0.5)20284241
(-0.8, 0.4, 0.5)20284293
(-0.8, 0.4, 0.5)20284343
(-0.8, 0.4, 0.5)20284394
(-0.8, 0.4, 0.5)20284445
(-0.8, 0.4, 0.5)20284495
(-0.8, 0.4, 0.5)20284547
(-0.8, 0.4, 0.5)20284598
(-0.8, 0.4, 0.5)20284649
(-0.8, 0.4, 0.5)20284699
(-0.8, 0.4, 0.5)20284749
(-0.8, 0.4, 0.5)20284799
(-0.8, 0.4, 0.5)20284851
(-0.8, 0.4, 0.5)20284902
(-0.8, 0.4, 0.5)20284952
(-0.8, 0.4, 0.5)20285002
(-0.8, 0.4, 0.5)20285054
(-0.8, 0.4, 0.5)20285105
(-0.8, 0.4, 0.5)20285155
(-0.8, 0.4, 0.5)20285205
(-0.8, 0.4, 0.5)20285259
(-0.8, 0.4, 0.5)20285311
(-0.8, 0.4, 0.5)20285362
(-0.8, 0.4, 0.5)20285413
(-0.8, 0.4, 0.5)20285463
(-0.8, 0.4, 0.5)20285516
(-0.8, 0.4, 0.5)20285567
(-0.8, 0.4, 0.5)20285619
(-0.8, 0.4, 0.5)20285670
(-0.8, 0.4, 0.5)20285720
(-0.8, 0.4, 0.5)20285773
(-0.8, 0.4, 0.5)20285826
(-0.8, 0.4, 0.5)20285877
(-0.8, 0.4, 0.5)20285928
(-0.8, 0.4, 0.5)20285979
(-0.8, 0.4, 0.5)20290031
(-0.8, 0.4, 0.5)20290083
(-0.8, 0.4, 0.5)20290135
(-0.8, 0.4, 0.5)20290187
(-0.8, 0.4, 0.5)20290239
(-0.8, 0.4, 0.5)20290290
(-0.8, 0.4, 0.5)20290341
(-0.8, 0.4, 0.5)20290391
(-0.8, 0.4, 0.5)20290443
(-0.8, 0.4, 0.5)20290493
(-0.8, 0.4, 0.5)20290544
(-0.8, 0.4, 0.5)20290595
(-0.8, 0.4, 0.5)20290645
(-0.8, 0.4, 0.5)20290696
(-0.8, 0.4, 0.5)20290747
(-0.8, 0.4, 0.5)20290798
(-0