(0.6, -0.2, 0.8)202637
(0.6, -0.2, 0.8)202637
(0.6, -0.2, 0.8)202638
(0.6, -0.2, 0.8)202638
(0.6, -0.2, 0.8)202639
(0.6, -0.2, 0.8)202639
(0.6, -0.2, 0.8)202640
(0.6, -0.2, 0.8)202640
(0.6, -0.2, 0.8)202641
(0.6, -0.2, 0.8)202642
(0.0, -0.6, 0.8)202642
(-0.1, -0.7, 0.7)202643
(-0.1, -0.7, 0.7)202643
(-0.2, -1.0, 0.2)202644
(-0.1, -1.0, 0.1)202644
(-0.1, -1.0, 0.1)202645
(-0.1, -1.0, 0.1)202645
(-0.1, -1.0, 0.1)202646
(-0.1, -1.0, 0.1)202646
(-0.1, -1.0, 0.1)202647
(-0.1, -1.0, 0.1)202647
(-0.1, -1.0, 0.1)202648
(-0.1, -1.0, 0.1)202648
(-0.1, -1.0, 0.1)202649
(-0.1, -1.0, 0.1)202650
(-0.1, -1.0, 0.1)202650
(-0.1, -1.0, 0.1)202651
(-0.1, -1.0, 0.1)202651
(-0.1, -1.0, 0.1)202652
(-0.1, -1.0, 0.1)202652
(-0.1, -1.0, 0.1)202653
(-0.1, -1.0, 0.1)202653
(-0.1, -1.0, 0.1)202654
(-0.1, -1.0, 0.1)202654
(-0.1, -1.0, 0.1)202655
(-0.1, -1.0, 0.1)202655
(-0.1, -1.0, 0.1)202656
(-0.1, -1.0, 0.1)202656
(-0.1, -1.0, 0.1)202657
(-0.1, -1.0, 0.1)202657
(-0.1, -1.0, 0.1)202658
(-0.1, -1.0, 0.1)202658
(-0.1, -1.0, 0.1)202659
(-0.1, -1.0, 0.1)202659
(-0.1, -1.0, 0.1)202700
(-0.1, -1.0, 0.1)202700
(-0.1, -1.0, 0.1)202701
(-0.1, -1.0, 0.1)202702
(-0.1, -1.0, 0.1)202702
(-0.1, -1.0, 0.1)202703
(-0.1, -1.0, 0.1)202703
(-0.1, -1.0, 0.1)202704
(-0.1, -1.0, 0.1)202704
(-0.1, -1.0, 0.1)202705
(-0.1, -1.0, 0.1)202705
(-0.1, -1.0, 0.1)202706
(-0.1, -1.0, 0.1)202706
(-0.1, -1.0, 0.1)202707
(-0.1, -1.0, 0.1)202707
(-0.1, -1.0, 0.1)202708
(-0.1, -1.0, 0.1)202708
(-0.1, -1.0, 0.1)202709
(-0.1, -1.0, 0.1)202709
(-0.1, -1.0, 0.1)202710
(-0.1, -1.0, 0.1)202710
(-0.1, -1.0, 0.1)202711
(-0.1, -1.0, 0.1)202711
(-0.1, -1.0, 0.1)202712
(-0.1, -1.0, 0.1)202712
(-0.1, -1.0, 0.1)202713
(-0.1, -1.0, 0.1)202713
(-0.1, -1.0, 0.1)202714
(-0.1, -1.0, 0.1)202714
(-0.1, -1.0, 0.1)202715
(-0.1, -1.0, 0.1)202715
(-0.1, -1.0, 0.1)202716
(-0.1, -1.0, 0.1)202716
(-0.1, -1.0, 0.1)202717
(-0.1, -1.0, 0.1)202718
(-0.1, -1.0, 0.1)202718
(-0.1, -1.0, 0.1)202719
(-0.1, -1.0, 0.1)202719
(-0.1, -1.0, 0.1)202720
(-0.1, -1.0, 0.1)202720
(-0.1, -1.0, 0.1)202721
(-0.1, -1.0, 0.1)202721
(-0.1, -1.0, 0.1)202722
(-0.1, -1.0, 0.1)202722
(-0.1, -1.0, 0.1)202723
(-0.1, -1.0, 0.1)202723
(-0.1, -1.0, 0.1)202724
(-0.1, -1.0, 0.1)202724
(-0.1, -1.0, 0.1)202725
(-0.1, -1.0, 0.1)202725
(-0.1, -1.0, 0.1)202726
(-0.1, -1.0, 0.1)202726
(-0.1, -1.0, 0.1)202727
(-0.1, -1.0, 0.1)202727
(-0.1, -1.0, 0.1)202728
(-0.1, -1.0, 0.1)202728
(-0.1, -1.0, 0.1)202729
(-0.1, -1.0, 0.1)202729
(-0.1, -1.0, 0.1)202730
(-0.1, -1.0, 0.1)202730
(-0.1, -1.0, 0.1)202731
(-0.1, -1.0, 0.1)202731
(-0.1, -1.0, 0.1)202732
(-0.1, -1.0, 0.1)202732
(-0.1, -1.0, 0.1)202733
(-0.1, -1.0, 0.1)202734
(-0.1, -1.0, 0.1)202734
(-0.1, -1.0, 0.1)202735
(-0.1, -1.0, 0.1)202735
(-0.1, -1.0, 0.1)202736
(-0.1, -1.0, 0.1)202736
(-0.1, -1.0, 0.1)202737
(-0.1, -1.0, 0.1)202737
(-0.1, -1.0, 0.1)202738
(-0.1, -1.0, 0.1)202738
(-0.1, -1.0, 0.1)202739
(-0.1, -1.0, 0.1)202739
(-0.1, -1.0, 0.1)202740
(-0.1, -1.0, 0.1)202740
(-0.1, -1.0, 0.1)202741
(-0.1, -1.0, 0.1)202741
(-0.1, -1.0, 0.1)202742
(-0.1, -1.0, 0.1)202742
(-0.1, -1.0, 0.1)202743
(-0.1, -1.0, 0.1)202743
(-0.1, -1.0, 0.1)202744
(-0.1, -1.0, 0.1)202744
(-0.1, -1.0, 0.1)202745
(-0.1, -1.0, 0.1)202745
(-0.1, -1.0, 0.1)202746
(-0.1, -1.0, 0.1)202746
(-0.1, -1.0, 0.1)202747
(-0.1, -1.0, 0.1)202747
(-0.1, -1.0, 0.1)202748
(-0.1, -1.0, 0.1)202748
(-0.1, -1.0, 0.1)202749
(-0.1, -1.0, 0.1)202749
(-0.1, -1.0, 0.1)202750
(-0.1, -1.0, 0.1)202750
(-0.1, -1.0, 0.1)202751
(-0.1, -1.0, 0.1)202752
(-0.1, -1.0, 0.1)202752
(-0.1, -1.0, 0.1)202753
(-0.1, -1.0, 0.1)202753
(-0.1, -1.0, 0.1)202754
(-0.1, -1.0, 0.1)202754
(-0.1, -1.0, 0.1)202755
(-0.1, -1.0, 0.1)202755
(-0.1, -1.0, 0.1)202756
(-0.1, -1.0, 0.1)202756
(-0.1, -1.0, 0.1)202757
(-0.1, -1.0, 0.1)202757
(-0.1, -1.0, 0.1)202758
(-0.1, -1.0, 0.1)202758
(-0.1, -1.0, 0.1)202759
(-0.1, -1.0, 0.1)202759
(-0.1, -1.0, 0.1)202800
(-0.1, -1.0, 0.1)202800
(-0.1, -1.0, 0.1)202801
(-0.1, -1.0, 0.1)202801
(-0.1, -1.0, 0.1)202802
(-0.1, -1.0, 0.1)202802
(-0.1, -1.0, 0.1)202803
(-0.1, -1.0, 0.1)202803
(-0.1, -1.0, 0.1)202804
(-0.1, -1.0, 0.1)202804
(-0.1, -1.0, 0.1)202805
(-0.1, -1.0, 0.1)202805
(-0.1, -1.0, 0.1)202806
(-0.1, -1.0, 0.1)202806
(-0.1, -1.0, 0.1)202807
(-0.1, -1.0, 0.1)202807
(-0.1, -1.0, 0.1)202808
(-0.1, -1.0, 0.1)202808
(-0.1, -1.0, 0.1)202809
(-0.1, -1.0, 0.1)202810
(-0.1, -1.0, 0.1)202810
(-0.1, -1.0, 0.1)202811
(-0.1, -1.0, 0.1)202811
(-0.1, -1.0, 0.1)202812
(-0.1, -1.0, 0.1)202812
(-0.1, -1.0, 0.1)202813
(-0.1, -1.0, 0.1)202813
(-0.1, -1.0, 0.1)202814
(-0.1, -1.0, 0.1)202814
(-0.1, -1.0, 0.1)202815
(-0.1, -1.0, 0.1)202815
(-0.1, -1.0, 0.1)202816
(-0.1, -1.0, 0.1)202816
(-0.1, -1.0, 0.1)202817
(-0.1, -1.0, 0.1)202817
(-0.1, -1.0, 0.1)202818
(-0.1, -1.0, 0.1)202818
(-0.1, -1.0, 0.1)202819
(-0.1, -1.0, 0.1)202819
(-0.1, -1.0, 0.1)202820
(-0.1, -1.0, 0.1)202820
(-0.1, -1.0, 0.1)202821
(-0.1, -1.0, 0.1)202821
(-0.1, -1.0, 0.1)202822
(-0.1, -1.0, 0.1)202822
(-0.1, -1.0, 0.1)202823
(-0.1, -1.0, 0.1)202823
(-0.1, -1.0, 0.1)202824
(-0.1, -1.0, 0.1)202824
(-0.1, -1.0, 0.1)202825
(-0.1, -1.0, 0.1)202825
(-0.1, -1.0, 0.1)202826
(-0.1, -1.0, 0.1)202826
(-0.1, -1.0, 0.1)202827
(-0.1, -1.0, 0.1)202827
(-0.1, -1.0, 0.1)202828
(-0.1, -1.0, 0.1)202829
(-0.1, -1.0, 0.1)202829
(-0.1, -1.0, 0.1)202830
(-0.1, -1.0, 0.1)202830
(-0.1, -1.0, 0.1)202831
(-0.1, -1.0, 0.1)202831
(-0.1, -1.0, 0.1)202832
(-0.1, -1.0, 0.1)202832
(-0.1, -1.0, 0.1)202833
(-0.1, -1.0, 0.1)202833
(-0.1, -1.0, 0.1)202834
(-0.1, -1.0, 0.1)202834
(-0.1, -1.0, 0.1)202835
(-0.1, -1.0, 0.1)202835
(-0.1, -1.0, 0.1)202836
(-0.1, -1.0, 0.1)202836
(-0.1, -1.0, 0.1)202837
(-0.1, -1.0, 0.1)202837
(-0.1, -1.0, 0.1)202838
(-0.1, -1.0, 0.1)202838
(-0.1, -1.0, 0.1)202839
(-0.1, -1.0, 0.1)202839
(-0.1, -1.0, 0.1)202840
(-0.1, -1.0, 0.1)202840
(-0.1, -1.0, 0.1)202841
(-0.1, -1.0, 0.1)202841
(-0.1, -1.0, 0.1)202842
(-0.1, -1.0, 0.1)202842
(-0.1, -1.0, 0.1)202843
(-0.1, -1.0, 0.1)202843
(-0.1, -1.0, 0.1)202844
(-0.1, -1.0, 0.1)202845
(-0.1, -1.0, 0.1)202845
(-0.1, -1.0, 0.1)202846
(-0.1, -1.0, 0.1)202846
(-0.1, -1.0, 0.1)202847
(-0.1, -1.0, 0.1)202847
(-0.1, -1.0, 0.1)202848
(-0.1, -1.0, 0.1)202848
(-0.1, -1.0, 0.1)202849
(-0.1, -1.0, 0.1)202849
(-0.1, -1.0, 0.1)202850
(-0.1, -1.0, 0.1)202850
(-0.1, -1.0, 0.1)202851
(-0.1, -1.0, 0.1)202851
(-0.1, -1.0, 0.1)202852
(-0.1, -1.0, 0.1)202852
(-0.1, -1.0, 0.1)202853
(-0.1, -1.0, 0.1)202853
(-0.1, -1.0, 0.1)202854
(-0.1, -1.0, 0.1)202854
(-0.1, -1.0, 0.1)202855
(-0.1, -1.0, 0.1)202855
(-0.1, -1.0, 0.1)202856
(-0.1, -1.0, 0.1)202856
(-0.1, -1.0, 0.1)202857
(-0.1, -1.0, 0.1)202858
(-0.1, -1.0, 0.1)202858
(-0.1, -1.0, 0.1)202859
(-0.1, -1.0, 0.1)202859
(-0.1, -1.0, 0.1)202900
(-0.1, -1.0, 0.1)202900
(-0.1, -1.0, 0.1)202901
(-0.1, -1.0, 0.1)202901
(-0.1, -1.0, 0.1)202902
(-0.1, -1.0, 0.1)202902
(-0.1, -1.0, 0.1)202903
(-0.1, -1.0, 0.1)202903
(-0.1, -1.0, 0.1)202904
(-0.1, -1.0, 0.1)202904
(-0.1, -1.0, 0.1)202905
(-0.1, -1.0, 0.1)202905
(-0.1, -1.0, 0.1)202906
(-0.1, -1.0, 0.1)202906
(-0.1, -1.0, 0.1)202907
(-0.1, -1.0, 0.1)202907
(-0.1, -1.0, 0.1)202908
(-0.1, -1.0, 0.1)202908
(-0.1, -1.0, 0.1)202909
(-0.1, -1.0, 0.1)202909
(-0.1, -1.0, 0.1)202910
(-0.1, -1.0, 0.1)202910
(-0.1, -1.0, 0.1)202911
(-0.1, -1.0, 0.1)202911
(-0.1, -1.0, 0.1)202912
(-0.1, -1.0, 0.1)202912
(-0.1, -1.0, 0.1)202913
(-0.1, -1.0, 0.1)202913
(-0.1, -1.0, 0.1)202914
(-0.1, -1.0, 0.1)202915
(-0.1, -1.0, 0.1)202915
(-0.1, -1.0, 0.1)202916
(-0.1, -1.0, 0.1)202916
(-0.1, -1.0, 0.1)202917
(-0.1, -1.0, 0.1)202917
(-0.1, -1.0, 0.1)202918
(-0.1, -1.0, 0.1)202918
(-0.1, -1.0, 0.1)202919
(-0.1, -1.0, 0.1)202919
(-0.1, -1.0, 0.1)202920
(-0.1, -1.0, 0.1)202920
(-0.1, -1.0, 0.1)202921
(-0.1, -1.0, 0.1)202921
(-0.1, -1.0, 0.1)202922
(-0.1, -1.0, 0.1)202922
(-0.1, -1.0, 0.1)202923
(-0.1, -1.0, 0.1)202923
(-0.1, -1.0, 0.1)202924
(-0.1, -1.0, 0.1)202924
(-0.1, -1.0, 0.1)202925
(-0.1, -1.0, 0.1)202925
(-0.1, -1.0, 0.1)202926
(-0.1, -1.0, 0.1)202926
(-0.1, -1.0, 0.1)202927
(-0.1, -1.0, 0.1)202927
(-0.1, -1.0, 0.1)202928
(-0.1, -1.0, 0.1)202929
(-0.1, -1.0, 0.1)202929
(-0.1, -1.0, 0.1)202930
(-0.1, -1.0, 0.1)202930
(-0.1, -1.0, 0.1)202931
(-0.1, -1.0, 0.1)202931
(-0.1, -1.0, 0.1)202932
(-0.1, -1.0, 0.1)202932
(-0.1, -1.0, 0.1)202933
(-0.1, -1.0, 0.1)202933
(-0.1, -1.0, 0.1)202934
(-0.1, -1.0, 0.1)202934
(-0.1, -1.0, 0.1)202935
(-0.1, -1.0, 0.1)202935
(-0.1, -1.0, 0.1)202936
(-0.1, -1.0, 0.1)202936
(-0.1, -1.0, 0.1)202937
(-0.1, -1.0, 0.1)202937
(-0.1, -1.0, 0.1)202938
(-0.1, -1.0, 0.1)202938
(-0.1, -1.0, 0.1)202939
(-0.1, -1.0, 0.1)202939
(-0.1, -1.0, 0.1)202940
(-0.1, -1.0, 0.1)202940
(-0.1, -1.0, 0.1)202941
(-0.1, -1.0, 0.1)202941
(-0.1, -1.0, 0.1)202942
(-0.1, -1.0, 0.1)202942
(-0.1, -1.0, 0.1)202943
(-0.1, -1.0, 0.1)202944
(-0.1, -1.0, 0.1)202944
(-0.1, -1.0, 0.1)202945
(-0.1, -1.0, 0.1)202945
(-0.1, -1.0, 0.1)202946
(-0.2, -0.9, 0.4)202946
(-0.3, -0.9, 0.3)202947
(-0.2, -1.0, 0.2)202947
(-