(0.2, -0.9, 0.3)203059
(0.2, -0.9, 0.3)203059
(0.2, -0.9, 0.3)203100
(0.2, -0.9, 0.3)203100
(0.2, -0.9, 0.3)203101
(0.2, -0.9, 0.3)203101
(0.2, -0.9, 0.3)203102
(0.2, -0.9, 0.3)203102
(0.2, -0.9, 0.3)203103
(0.2, -0.9, 0.3)203103
(0.2, -0.9, 0.3)203104
(0.2, -0.9, 0.3)203104
(0.2, -0.9, 0.3)203105
(0.2, -0.9, 0.3)203105
(0.2, -0.9, 0.3)203106
(0.2, -0.9, 0.3)203106
(0.2, -0.9, 0.3)203107
(0.2, -0.9, 0.3)203107
(0.2, -0.9, 0.3)203108
(0.2, -0.9, 0.3)203109
(0.2, -0.9, 0.3)203109
(0.2, -0.9, 0.3)203110
(0.2, -0.9, 0.3)203110
(0.2, -0.9, 0.3)203111
(0.2, -0.9, 0.3)203111
(0.2, -0.9, 0.3)203112
(0.2, -0.9, 0.3)203112
(0.2, -0.9, 0.3)203113
(0.2, -0.9, 0.3)203113
(0.2, -0.9, 0.3)203114
(0.2, -0.9, 0.3)203114
(0.2, -0.9, 0.3)203115
(0.2, -0.9, 0.3)203115
(0.2, -0.9, 0.3)203116
(0.2, -0.9, 0.3)203116
(0.2, -0.9, 0.3)203117
(0.2, -0.9, 0.3)203117
(0.2, -0.9, 0.3)203118
(0.2, -0.9, 0.3)203118
(0.2, -0.9, 0.3)203119
(0.2, -0.9, 0.3)203119
(0.2, -0.9, 0.3)203120
(0.2, -0.9, 0.3)203120
(0.2, -0.9, 0.3)203121
(0.2, -0.9, 0.3)203121
(0.2, -0.9, 0.3)203122
(0.2, -0.9, 0.3)203122
(0.2, -0.9, 0.3)203123
(0.2, -0.9, 0.3)203123
(0.2, -0.9, 0.3)203124
(0.2, -0.9, 0.3)203124
(0.2, -0.9, 0.3)203125
(0.2, -0.9, 0.3)203125
(0.2, -0.9, 0.3)203126
(0.2, -0.9, 0.3)203126
(0.2, -0.9, 0.3)203127
(0.2, -0.9, 0.3)203127
(0.2, -0.9, 0.3)203128
(0.2, -0.9, 0.3)203129
(0.2, -0.9, 0.3)203129
(0.2, -0.9, 0.3)203130
(0.2, -0.9, 0.3)203130
(0.2, -0.9, 0.3)203131
(0.2, -0.9, 0.3)203131
(0.2, -0.9, 0.3)203132
(0.2, -0.9, 0.3)203132
(0.2, -0.9, 0.3)203133
(0.2, -0.9, 0.3)203133
(0.2, -0.9, 0.3)203134
(0.2, -0.9, 0.3)203134
(0.2, -0.9, 0.3)203135
(0.2, -0.9, 0.3)203135
(0.2, -0.9, 0.3)203136
(0.2, -0.9, 0.3)203136
(0.2, -0.9, 0.3)203137
(0.2, -0.9, 0.3)203137
(0.2, -0.9, 0.3)203138
(0.2, -0.9, 0.3)203138
(0.2, -0.9, 0.3)203139
(0.2, -0.9, 0.3)203139
(0.2, -0.9, 0.3)203140
(0.2, -0.9, 0.3)203140
(0.2, -0.9, 0.3)203141
(0.2, -0.9, 0.3)203141
(0.2, -0.9, 0.3)203142
(0.2, -0.9, 0.3)203142
(0.2, -0.9, 0.3)203143
(0.2, -0.9, 0.3)203144
(0.2, -0.9, 0.3)203144
(0.2, -0.9, 0.3)203145
(0.2, -0.9, 0.3)203145
(0.2, -0.9, 0.3)203146
(0.2, -0.9, 0.3)203146
(0.2, -0.9, 0.3)203147
(0.2, -0.9, 0.3)203147
(0.2, -0.9, 0.3)203148
(0.2, -0.9, 0.3)203148
(0.2, -0.9, 0.3)203149
(0.2, -0.9, 0.3)203149
(0.2, -0.9, 0.3)203150
(0.2, -0.9, 0.3)203150
(0.2, -0.9, 0.3)203151
(0.2, -0.9, 0.3)203151
(0.2, -0.9, 0.3)203152
(0.2, -0.9, 0.3)203152
(0.2, -0.9, 0.3)203153
(0.2, -0.9, 0.3)203153
(0.2, -0.9, 0.3)203154
(0.2, -0.9, 0.3)203154
(0.2, -0.9, 0.3)203155
(0.2, -0.9, 0.3)203155
(0.2, -0.9, 0.3)203156
(0.2, -0.9, 0.3)203156
(0.2, -0.9, 0.3)203157
(0.2, -0.9, 0.3)203157
(0.2, -0.9, 0.3)203158
(0.2, -0.9, 0.3)203158
(0.2, -0.9, 0.3)203159
(0.2, -0.9, 0.3)203159
(0.2, -0.9, 0.3)203200
(0.2, -0.9, 0.3)203200
(0.2, -0.9, 0.3)203201
(0.2, -0.9, 0.3)203201
(0.2, -0.9, 0.3)203202
(0.2, -0.9, 0.3)203202
(0.2, -0.9, 0.3)203203
(0.2, -0.9, 0.3)203203
(0.2, -0.9, 0.3)203204
(0.2, -0.9, 0.3)203204
(0.2, -0.9, 0.3)203205
(0.2, -0.9, 0.3)203205
(0.2, -0.9, 0.3)203206
(0.2, -0.9, 0.3)203207
(0.2, -0.9, 0.3)203207
(0.2, -0.9, 0.3)203208
(0.2, -0.9, 0.3)203208
(0.2, -0.9, 0.3)203209
(0.2, -0.9, 0.3)203209
(0.2, -0.9, 0.3)203210
(0.2, -0.9, 0.3)203210
(0.2, -0.9, 0.3)203211
(0.2, -0.9, 0.3)203211
(0.4, -0.4, 0.8)203212
(0.4, -0.4, 0.8)203212
(0.4, -0.4, 0.8)203213
(0.4, -0.4, 0.8)203213
(0.4, -0.4, 0.8)203214
(0.4, -0.4, 0.8)203214
(0.4, -0.4, 0.8)203215
(0.4, -0.4, 0.8)203215
(0.4, -0.4, 0.8)203216
(0.4, -0.4, 0.8)203216
(0.4, -0.4, 0.8)203217
(0.4, -0.4, 0.8)203217
(0.4, -0.4, 0.8)203218
(0.4, -0.4, 0.8)203219
(0.4, -0.4, 0.8)203219
(0.4, -0.4, 0.8)203220
(0.4, -0.4, 0.8)203220
(0.4, -0.4, 0.8)203221
(0.4, -0.4, 0.8)203221
(0.4, -0.4, 0.8)203222
(0.4, -0.4, 0.8)203222
(0.4, -0.4, 0.8)203223
(0.4, -0.4, 0.8)203223
(0.4, -0.4, 0.8)203224
(0.4, -0.4, 0.8)203224
(0.4, -0.4, 0.8)203225
(0.4, -0.4, 0.8)203225
(0.4, -0.4, 0.8)203226
(0.4, -0.4, 0.8)203226
(0.4, -0.4, 0.8)203227
(0.4, -0.4, 0.8)203227
(0.4, -0.4, 0.8)203228
(0.4, -0.4, 0.8)203228
(0.4, -0.4, 0.8)203229
(0.4, -0.4, 0.8)203229
(0.4, -0.4, 0.8)203230
(0.4, -0.4, 0.8)203230
(0.4, -0.4, 0.8)203231
(0.4, -0.4, 0.8)203231
(0.4, -0.4, 0.8)203232
(0.4, -0.4, 0.8)203232
(0.4, -0.4, 0.8)203233
(0.4, -0.4, 0.8)203233
(0.4, -0.4, 0.8)203234
(0.4, -0.4, 0.8)203234
(0.4, -0.4, 0.8)203235
(0.4, -0.4, 0.8)203235
(0.4, -0.4, 0.8)203236
(0.4, -0.4, 0.8)203236
(0.4, -0.4, 0.8)203237
(0.4, -0.4, 0.8)203237
(0.4, -0.4, 0.8)203238
(0.4, -0.4, 0.8)203238
(0.4, -0.4, 0.8)203239
(0.4, -0.4, 0.8)203240
(0.4, -0.4, 0.8)203240
(0.4, -0.4, 0.8)203241
(0.4, -0.4, 0.8)203241
(0.4, -0.4, 0.8)203242
(0.4, -0.4, 0.8)203242
(0.4, -0.4, 0.8)203243
(0.4, -0.4, 0.8)203243
(0.4, -0.4, 0.8)203244
(0.4, -0.4, 0.8)203244
(0.4, -0.4, 0.8)203245
(0.4, -0.4, 0.8)203245
(0.4, -0.4, 0.8)203246
(0.4, -0.4, 0.8)203246
(0.4, -0.4, 0.8)203247
(0.4, -0.4, 0.8)203247
(0.4, -0.4, 0.8)203248
(0.4, -0.4, 0.8)203248
(0.4, -0.4, 0.8)203249
(0.4, -0.4, 0.8)203249
(0.4, -0.4, 0.8)203250
(0.4, -0.4, 0.8)203250
(0.4, -0.4, 0.8)203251
(0.4, -0.4, 0.8)203251
(0.4, -0.4, 0.8)203252
(0.4, -0.4, 0.8)203252
(0.4, -0.4, 0.8)203253
(0.4, -0.4, 0.8)203253
(0.4, -0.4, 0.8)203254
(0.4, -0.4, 0.8)203254
(0.4, -0.4, 0.8)203255
(0.4, -0.4, 0.8)203255
(0.4, -0.4, 0.8)203256
(0.4, -0.4, 0.8)203256
(0.4, -0.4, 0.8)203257
(0.4, -0.4, 0.8)203257
(0.4, -0.4, 0.8)203258
(0.4, -0.4, 0.8)203258
(0.4, -0.4, 0.8)203259
(0.4, -0.4, 0.8)203259
(0.4, -0.4, 0.8)203300
(0.4, -0.4, 0.8)203300
(0.4, -0.4, 0.8)203301
(0.4, -0.4, 0.8)203301
(0.4, -0.4, 0.8)203302
(0.4, -0.4, 0.8)203302
(0.4, -0.4, 0.8)203303
(0.4, -0.4, 0.8)203304
(0.4, -0.4, 0.8)203304
(0.4, -0.4, 0.8)203305
(0.4, -0.4, 0.8)203305
(0.4, -0.4, 0.8)203306
(0.4, -0.4, 0.8)203306
(0.4, -0.4, 0.8)203307
(0.4, -0.4, 0.8)203307
(0.4, -0.4, 0.8)203308
(0.4, -0.4, 0.8)203308
(0.4, -0.4, 0.8)203309
(0.4, -0.4, 0.8)203309
(0.4, -0.4, 0.8)203310
(0.4, -0.4, 0.8)203310
(0.4, -0.4, 0.8)203311
(0.4, -0.4, 0.8)203311
(0.4, -0.4, 0.8)203312
(0.4, -0.4, 0.8)203312
(0.4, -0.4, 0.8)203313
(0.4, -0.4, 0.8)203313
(0.4, -0.4, 0.8)203314
(0.4, -0.4, 0.8)203314
(0.4, -0.4, 0.8)203315
(0.4, -0.4, 0.8)203315
(0.4, -0.4, 0.8)203316
(0.4, -0.4, 0.8)203316
(0.4, -0.4, 0.8)203317
(0.4, -0.4, 0.8)203317
(0.4, -0.4, 0.8)203318
(0.4, -0.4, 0.8)203318
(0.4, -0.4, 0.8)203319
(0.4, -0.4, 0.8)203319
(0.4, -0.4, 0.8)203320
(0.4, -0.4, 0.8)203320
(0.4, -0.4, 0.8)203321
(0.4, -0.4, 0.8)203322
(0.4, -0.4, 0.8)203322
(0.4, -0.4, 0.8)203323
(0.4, -0.4, 0.8)203323
(0.4, -0.4, 0.8)203324
(0.4, -0.4, 0.8)203324
(0.4, -0.4, 0.8)203325
(0.4, -0.4, 0.8)203325
(0.4, -0.4, 0.8)203326
(0.4, -0.4, 0.8)203326
(0.4, -0.4, 0.8)203327
(0.4, -0.4, 0.8)203327
(0.4, -0.4, 0.8)203328
(0.4, -0.4, 0.8)203328
(0.4, -0.4, 0.8)203329
(0.4, -0.4, 0.8)203329
(0.4, -0.4, 0.8)203330
(0.4, -0.4, 0.8)203330
(0.4, -0.4, 0.8)203331
(0.4, -0.4, 0.8)203331
(0.4, -0.4, 0.8)203332
(0.4, -0.4, 0.8)203332
(0.4, -0.4, 0.8)203333
(0.4, -0.4, 0.8)203333
(0.4, -0.4, 0.8)203334
(0.4, -0.4, 0.8)203334
(0.4, -0.4, 0.8)203335
(0.4, -0.4, 0.8)203335
(0.4, -0.4, 0.8)203336
(0.4, -0.4, 0.8)203336
(0.4, -0.4, 0.8)203337
(0.4, -0.4, 0.8)203337
(0.4, -0.4, 0.8)203338
(0.4, -0.4, 0.8)203338
(0.4, -0.4, 0.8)203339
(0.4, -0.4, 0.8)203339
(0.4, -0.4, 0.8)203340
(0.4, -0.4, 0.8)203340
(0.4, -0.4, 0.8)203341
(0.4, -0.4, 0.8)203341
(0.4, -0.4, 0.8)203342
(0.4, -0.4, 0.8)203342
(0.4, -0.4, 0.8)203343
(0.4, -0.4, 0.8)203343
(0.4, -0.4, 0.8)203344
(0.4, -0.4, 0.8)203344
(0.4, -0.4, 0.8)203345
(0.4, -0.4, 0.8)203346
(0.4, -0.4, 0.8)203346
(0.4, -0.4, 0.8)203347
(0.4, -0.4, 0.8)203347
(0.4, -0.4, 0.8)203348
(0.4, -0.4, 0.8)203348
(0.4, -0.4, 0.8)203349
(0.4, -0.4, 0.8)203349
(0.4, -0.4, 0.8)203350
(0.4, -0.4, 0.8)203350
(0.4, -0.4, 0.8)203351
(0.4, -0.4, 0.8)203351
(0.4, -0.4, 0.8)203352
(0.4, -0.4, 0.8)203352
(0.4, -0.4, 0.8)203353
(0.4, -0.4, 0.8)203353
(0.4, -0.4, 0.8)203354
(0.4, -0.4, 0.8)203354
(0.4, -0.4, 0.8)203355
(0.4, -0.4, 0.8)203355
(0.4, -0.4, 0.8)203356
(0.4, -0.4, 0.8)203356
(0.4, -0.4, 0.8)203357
(0.4, -0.4, 0.8)203357
(0.4, -0.4, 0.8)203358
(0.4, -0.4, 0.8)203358
(0.4, -0.4, 0.8)203359
(0.4, -0.4, 0.8)203359
(0.4, -0.4, 0.8)203400
(0.4, -0.4, 0.8)203400
(0.4, -0.4, 0.8)203401
(0.4, -0.4, 0.8)203401
(0.4, -0.4, 0.8)203402
(0.4, -0.4, 0.8)203402
(0.4, -0.4, 0.8)203403
(0.4, -0.4, 0.8)203403
(0.4, -0.4, 0.8)203404
(0.4, -0.4, 0.8)203404
(0.4, -0.4, 0.8)203405
(0.4, -0.4, 0.8)203405
(0.4, -0.4, 0.8)203406
(0.4, -0.4, 0.8)203406
(0.4, -0.4, 0.8)203407
(0.4, -0.4, 0.8)203407
(0.4, -0.4, 0.8)203408
(0.4, -0.4, 0.8)203409
(0.4, -0.4, 0.8)203409
(0.4, -0.4, 0.8)203410
(0.4, -0.4, 0.8)203410
(0.4, -0.4, 0.8)203411
(0.4, -0.4, 0.8)203411
(0.4, -0.4, 0.8)203412
(0.4, -0.4, 0.8)203412
(0.4, -0.4, 0.8)203413
(0.4, -0.4, 0.8)203413
(0.4, -0.4, 0.8)203414
(0.4, -0.4, 0.8)203414
(0.4, -0.4, 0.8)203415
(0.4, -0.4, 0.8)203415
(0.4, -0.4, 0.8)203416
(0.4, -0.4, 0.8)203416
(0.4, -0.4, 0.8)203417
(0.4, -0.4, 0.8)203417
(0.4, -0.4, 0.8)203418
(0.4, -0.4, 0.8)203418
(0.4, -0.4, 0.8)203419
(0.4, -0.4, 0.8)203419
(0.4, -0.4, 0.8)203420
(0.4, -0.4, 0.8)203420
(0.4, -0.4, 0.8)203421
(0.4, -0.4, 0.8)203421
(0.4, -0.4, 0.8)203422
(0.4, -0.4, 0.8)203422
(0.4, -0.4, 0.8)203423
(0.4, -0.4, 0.8)203423
(0.4, -0.4, 0.8)203424
(0.4, -0.4, 0.8)203424
(0.4, -0.4, 0.8)203425
(0.4, -0.4, 0.8)203425
(0.4, -0.4, 0.8)203426
(0.4, -0.4, 0.8)203426
(0.4, -0.4, 0.8)203427
(0.4, -0.4, 0.8)203427
(0.4, -0.4, 0.8)203428
(0.4, -0.4, 0.8)203428
(0.4, -0.4, 0.8)203429
(0.4, -0.4, 0.8)203429
(0.4, -0.4, 0.8)203430
(0.4, -0.4, 0.8)203430
(0.4, -0.4, 0.8)203431
(0.4, -0.4, 0.8)203431
(0.4, -0.4, 0.8)203432
(0.4, -0.4, 0.8)203433
(0.4, -0.4, 0.8)203433
(0.4, -0.4, 0.8)203434
(0.4, -0.4, 0.8)203434
(0.4, -0.4, 0.8)203435
(0.4, -0.4, 0.8)203435
(0.4, -0.4, 0.8)203436
(0.4, -0.4, 0.8)203436
(0.4, -0.4, 0.8)203437
(0.4, -0.4, 0.8)203437
(0.4, -0.4, 0.8)203438
(0.4, -0.4, 0.8)203438
(0.4, -0.4, 0.8)203439
(0.4, -0.4, 0.8)203439
(0.4, -0.4, 0.8)203440
(0.4, -0.4, 0.8)203440
(0.4, -0.4, 0.8)203441
(0.4, -0.4, 0.8)203441
(0.4, -0.4, 0.8)203442
(0.4, -0.4, 0.8)203442
(0.4, -0.4, 0.8)203443
(0.4, -0.4, 0.8)203443
(0.4, -0.4, 0.8)203444
(0.4, -0.4, 0.8)203444
(0.4, -0.4, 0.8)203445
(0.4, -0.4, 0.8)203445
(0.4, -0.4, 0.8)203446
(0.4, -0.4, 0.8)203446
(0.4, -0.4, 0.8)203447
(0.4, -0.4, 0.8)203447
(0.4, -0.4, 0.8)203448
(0.4, -0.4, 0.8)203448
(0.4, -0.4, 0.8)203449
(0.4, -0.4, 0.8)203449
(0.4, -0.4, 0.8)203450
(0.4, -0.4, 0.8)203450
(0.4, -0.4, 0.8)203451
(0.4, -0.4, 0.8)203451
(0.4, -0.4, 0.8)203452
(0.4, -0.4, 0.8)203453
(0.4, -0.4, 0.8)203453
(0.4, -0.4, 0.8)203454
(0.4, -0.4, 0.8)203454
(0.4, -0.4, 0.8)203455
(0.4, -0.4, 0.8)203455
(0.4, -0.4, 0.8)203456
(0.4, -0.4, 0.8)203456
(0.4, -0.4, 0.8)203457
(0.4, -0.4, 0.8)203457
(0.4, -0.4, 0.8)203458
(0.4, -0.4, 0.8)203458
(0.4, -0.4, 0.8)203459
(0.4, -0.4, 0.8)203459
(0.4, -0.4, 0.8)203500
(0.4, -0.4, 0.8)203500
(0.4, -0.4, 0.8)203501
(0.4, -0.4, 0.8)203501
(0.4, -0.4, 0.8)203502
(0.4, -0.4, 0.8)203502
(0.4, -0.4, 0.8)203503
(0.4, -0.4, 0.8)203503
(0.4, -0.4, 0.8)203504
(0.4, -0.4, 0.8)203504
(0.4, -0.4, 0.8)203505
(0.4, -0.4, 0.8)203505
(0.4, -0.4, 0.8)203506
(0.4, -0.4, 0.8)203506
(0.4, -0.4, 0.8)203507
(0.4, -0.4, 0.8)203507
(0.4, -0.4, 0.8)203508
(0.4, -0.4, 0.8)203508
(0.4, -0.4, 0.8)203509
(0.4, -0.4, 0.8)203509
(0.4, -0.4, 0.8)203510
(0.4, -0.4, 0.8)203510
(0.4, -0.4, 0.8)203511
(0.4, -0.4, 0.8)203512
(0.4, -0.4, 0.8)203512
(0.4, -0.4, 0.8)203513
(0.4, -0.4, 0.8)203513
(0.4, -0.4, 0.8)203514
(0.4, -0.4, 0.8)203514
(0.4, -0.4, 0.8)203515
(0.4, -0.4, 0.8)203515
(0.4, -0.4, 0.8)203516
(0.4, -0.4, 0.8)203516
(0.4, -0.4, 0.8)203517
(0.4, -0.4, 0.8)203517
(0.4, -0.4, 0.8)203518
(0.4, -0.4, 0.8)203518
(0.4, -0.4, 0.8)203519
(0.4, -0.4, 0.8)203519
(0.4, -0.4, 0.8)203520
(0.4, -0.4, 0.8)203520
(0.4, -0.4, 0.8)203521
(0.4, -0.4, 0.8)203521
(0.4, -0.4, 0.8)203522
(0.4, -0.4, 0.8)203522
(0.4, -0.4, 0.8)203523
(0.4, -0.4, 0.8)203523
(0.4, -0.4, 0.8)203524
(0.4, -0.4, 0.8)203524
(0.4, -0.4, 0.8)203525
(0.4, -0.4, 0.8)203525
(0.4, -0.4, 0.8)203526
(0.4, -0.4, 0.8)203526
(0.4, -0.4, 0.8)203527
(0.4, -0.4, 0.8)203527
(0.4, -0.4, 0.8)203528
(0.4, -0.4, 0.8)203528
(0.4, -0.4, 0.8)203529
(0.4, -0.4, 0.8)203529
(0.4, -0.4, 0.8)203530
(0.4, -0.4, 0.8)203531
(0.4, -0.4, 0.8)203531
(0.4, -0.4, 0.8)203532
(0.4, -0.4, 0.8)203532
(0.4, -0.4, 0.8)203533
(0.4, -0.4, 0.8)203533
(0.4, -0.4, 0.8)203534
(0.4, -0.4, 0.8)203534
(0.4, -0.4, 0.8)203535
(0.4, -0.4, 0.8)203535
(0.4, -0.4, 0.8)203536
(0.4, -0.4, 0.8)203536
(0.4, -0.4, 0.8)203537
(0.4, -0.4, 0.8)203537
(0.4, -0.4, 0.8)203538
(0.4, -0.4, 0.8)203538
(0.4, -0.4, 0.8)203539
(0.4, -0.4, 0.8)203539
(0.4, -0.4, 0.8)203540
(0.4, -0.4, 0.8)203540
(0.4, -0.4, 0.8)203541
(0.4, -0.4, 0.8)203541
(0.4, -0.4, 0.8)203542
(0.4, -0.4, 0.8)203542
(0.4, -0.4, 0.8)203543
(0.4, -0.4, 0.8)203543
(0.4, -0.4, 0.8)203544
(0.4, -0.4, 0.8)203544
(0.4, -0.4, 0.8)203545
(0.4, -0.4, 0.8)203545
(0.4, -0.4, 0.8)203546
(0.4, -0.4, 0.8)203546
(0.4, -0.4, 0.8)203547
(0.4, -0.4, 0.8)203547
(0.4, -0.4, 0.8)203548
(0.4, -0.4, 0.8)203548
(0.4, -0.4, 0.8)203549
(0.4, -0.4, 0.8)203549
(0.4, -0.4, 0.8)203550
(0.4, -0.4, 0.8)203551
(0.4, -0.4, 0.8)203551
(0.4, -0.4, 0.8)203552
(0.4, -0.4, 0.8)203552
(0.4, -0.4, 0.8)203553
(0.4, -0.4, 0.8)203553
(0.4, -0.4, 0.8)203554
(0.4, -0.4, 0.8)203554
(0.4, -0.4, 0.8)203555
(0.4, -0.4, 0.8)203555
(0.4, -0.4, 0.8)203556
(0.4, -0.4, 0.8)203556
(0.4, -0.4, 0.8)203557
(0.4, -0.4, 0.8)203557
(0.4, -0.4, 0.8)203558
(0.4, -0.4, 0.8)203558
(0.4, -0.4, 0.8)203559
(0.4, -0.4, 0.8)203559
(0.4, -0.4, 0.8)203600
(0.4, -0.4, 0.8)203600
(0.4, -0.4, 0.8)203601
(0.4, -0.4, 0.8)203601
(0.4, -0.4, 0.8)203602
(0.4, -0.4, 0.8)203602
(0.4, -0.4, 0.8)203603
(0.4, -0.4, 0.8)203603
(0.4, -0.4, 0.8)203604
(0.4, -0.4, 0.8)203604
(0.4, -0.4, 0.8)203605
(0.4, -0.4, 0.8)203605
(0.4, -0.4, 0.8)203606
(0.4, -0.4, 0.8)203606
(0.4, -0.4, 0.8)203607
(0.4, -0.4, 0.8)203608
(0.4, -0.4, 0.8)203608
(0.4, -0.4, 0.8)203609
(0.4, -0.4, 0.8)203609
(0.4, -0.4, 0.8)203610
(0.4, -0.4, 0.8)203610
(0.4, -0.4, 0.8)203611
(0.4, -0.4, 0.8)203611
(0.4, -0.4, 0.8)203612
(0.4, -0.4, 0.8)203612
(0.4, -0.4, 0.8)203613
(0.4, -0.4, 0.8)203613
(0.4, -0.4, 0.8)203614
(0.4, -0.4, 0.8)203614
(0.4, -0.4, 0.8)203615
(0.4, -0.4, 0.8)203615
(0.4, -0.4, 0.8)203616
(0.4, -0.4, 0.8)203616
(0.4, -0.4, 0.8)203617
(0.4, -0.4, 0.8)203617
(0.4, -0.4, 0.8)203618
(0.4, -0.4, 0.8)203618
(0.4, -0.4, 0.8)203619
(0.4, -0.4, 0.8)203619
(0.4, -0.4, 0.8)203620
(0.4, -0.4, 0.8)203620
(0.4, -0.4, 0.8)203621
(0.4, -0.4, 0.8)203621
(0.4, -0.4, 0.8)203622
(0.4, -0.4, 0.8)203622
(0.4, -0.4, 0.8)203623
(0.4, -0.4, 0.8)203623
(0.4, -0.4, 0.8)203624
(0.4, -0.4, 0.8)203624
(0.4, -0.4, 0.8)203625
(0.4, -0.4, 0.8)203625
(0.4, -0.4, 0.8)203626
(0.4, -0.4, 0.8)203627
(0.4, -0.4, 0.8)203627
(0.4, -0.4, 0.8)203628
(0.4, -0.4, 0.8)203628
(0.4, -0.4, 0.8)203629
(0.4, -0.4, 0.8)203629
(0.4, -0.4, 0.8)203630
(0.4, -0.4, 0.8)203630
(0.4, -0.4, 0.8)203631
(0.4, -0.4, 0.8)203631
(0.4, -0.4, 0.8)203632
(0.4, -0.4, 0.8)203632
(0.4, -0.4, 0.8)203633
(0.4, -0.4, 0.8)203633
(0.4, -0.4, 0.8)203634
(0.4, -0.4, 0.8)203634
(0.4, -0.4, 0.8)203635
(0.4, -0.4, 0.8)203635
(0.4, -0.4, 0.8)203636
(0.4, -0.4, 0.8)203636
(0.4, -0.4, 0.8)203637
(0.4, -0.4, 0.8)203637
(0.4, -0.4, 0.8)203638
(0.4, -0.4, 0.8)203638
(0.4, -0.4, 0.8)203639
(0.4, -0.4, 0.8)203639
(0.4, -0.4, 0.8)203640
(0.4, -0.4, 0.8)203640
(0.4, -0.4, 0.8)203641
(0.4, -0.4, 0.8)203642
(0.4, -0.4, 0.8)203642
(0.4, -0.4, 0.8)203643
(0.4, -0.4, 0.8)203643
(0.4, -0.4, 0.8)203644
(0.4, -0.4, 0.8)203644
(0.4, -0.4, 0.8)203645
(0.4, -0.4, 0.8)203645
(0.4, -0.4, 0.8)203646
(0.4, -0.4, 0.8)203646
(0.4, -0.4, 0.8)203647
(0.4, -0.4, 0.8)203647
(0.4, -0.4, 0.8)203648
(0.4, -0.4, 0.8)203648
(0.4, -0.4, 0.8)203649
(0.4, -0.4, 0.8)203649
(0.4, -0.4, 0.8)203650
(0.4, -0.4, 0.8)203650
(0.4, -0.4, 0.8)203651
(0.4, -0.4, 0.8)203651
(0.4, -0.4, 0.8)203652
(0.4, -0.4, 0.8)203652
(0.4, -0.4, 0.8)203653
(0.4, -0.4, 0.8)203653
(0.4, -0.4, 0.8)203654
(0.4, -0.4, 0.8)203654
(0.4, -0.4, 0.8)203655
(0.4, -0.4, 0.8)203655
(0.4, -0.4, 0.8)203656
(0.4, -0.4, 0.8)203657
(0.4, -0.4, 0.8)203657
(0.4, -0.4, 0.8)203658
(0.4, -0.4, 0.8)203658
(0.4, -0.4, 0.8)203659
(0.4, -0.4, 0.8)203659
(0.4, -0.4, 0.8)203700
(0.4, -0.4, 0.8)203700
(0.4, -0.4, 0.8)203701
(0.4, -0.4, 0.8)203701
(0.4, -0.4, 0.8)203702
(0.4, -0.4, 0.8)203702
(0.4, -0.4, 0.8)203703
(0.4, -0.4, 0.8)203703
(0.4, -0.4, 0.8)203704
(0.4, -0.4, 0.8)203704
(0.4, -0.4, 0.8)203705
(0.4, -0.4, 0.8)203705
(0.4, -0.4, 0.8)203706
(0.4, -0.4, 0.8)203706
(0.4, -0.4, 0.8)203707
(0.4, -0.4, 0.8)203707
(0.4, -0.4, 0.8)203708
(0.4, -0.4, 0.8)203708
(0.4, -0.4, 0.8)203709
(0.4, -0.4, 0.8)203709
(0.4, -0.4, 0.8)203710
(0.4, -0.4, 0.8)203710
(0.4, -0.4, 0.8)203711
(0.4, -0.4, 0.8)203712
(0.4, -0.4, 0.8)203712
(0.4, -0.4, 0.8)203713
(0.4, -0.4, 0.8)203713
(0.4, -0.4, 0.8)203714
(0.4, -0.4, 0.8)203714
(0.4, -0.4, 0.8)203715
(0.4, -0.4, 0.8)203715
(0.4, -0.4, 0.8)203716
(0.4, -0.4, 0.8)203716
(0.4, -0.4, 0.8)203717
(0.4, -0.4, 0.8)203717
(0.4, -0.4, 0.8)203718
(0.4, -0.4, 0.8)203718
(0.4, -0.4, 0.8)203719
(0.4, -0.4, 0.8)203719
(0.4, -0.4, 0.8)203720
(0.4, -0.4, 0.8)203720
(0.4, -0.4, 0.8)203721
(0.4, -0.4, 0.8)203721
(0.4, -0.4, 0.8)203722
(0.4, -0.4, 0.8)203722
(0.4, -0.4, 0.8)203723
(0.4, -0.4, 0.8)203723
(0.4, -0.4, 0.8)203724
(0.4, -0.4, 0.8)203724
(0.4, -0.4, 0.8)203725
(0.4, -0.4, 0.8)203725
(0.4, -0.4, 0.8)203726
(0.4, -0.4, 0.8)203727
(0.4, -0.4, 0.8)203727
(0.4, -0.4, 0.8)203728
(0.4, -0.4, 0.8)203728
(0.4, -0.4, 0.8)203729
(0.4, -0.4, 0.8)203729
(0.4, -0.4, 0.8)203730
(0.4, -0.4, 0.8)203730
(0.4, -0.4, 0.8)203731
(0.4, -0.4, 0.8)203731
(0.4, -0.4, 0.8)203732
(0.4, -0.4, 0.8)203732
(0.4, -0.4, 0.8)203733
(0.4, -0.4, 0.8)203733
(0.4, -0.4, 0.8)203734
(0.4, -0.4, 0.8)203734
(0.4, -0.4, 0.8)203735
(0.4, -0.4, 0.8)203735
(0.4, -0.4, 0.8)203736
(0.4, -0.4, 0.8)203736
(0.4, -0.4, 0.8)203737
(0.4, -0.4, 0.8)203737
(0.4, -0.4, 0.8)203738
(0.4, -0.4, 0.8)203738
(0.4, -0.4, 0.8)203739
(0.4, -0.4, 0.8)203739
(0.4, -0.4, 0.8)203740
(0.4, -0.4, 0.8)203740
(0.4, -0.4, 0.8)203741
(0.4, -0.4, 0.8)203741
(0.4, -0.4, 0.8)203742
(0.4, -0.4, 0.8)203743
(0.4, -0.4, 0.8)203743
(0.4, -0.4, 0.8)203744
(0.4, -0.4, 0.8)203744
(0.4, -0.4, 0.8)203745
(0.4, -0.4, 0.8)203745
(0.4, -0.4, 0.8)203746
(0.4, -0.4, 0.8)203746
(0.4, -0.4, 0.8)203747
(0.4, -0.4, 0.8)203747
(0.4, -0.4, 0.8)203748
(0.4, -0.4, 0.8)203748
(0.4, -0.4, 0.8)203749
(0.4, -0.4, 0.8)203749
(0.4, -0.4, 0.8)203750
(0.4, -0.4, 0.8)203750
(0.4, -0.4, 0.8)203751
(0.4, -0.4, 0.8)203751
(0.4, -0.4, 0.8)203752
(0.4, -0.4, 0.8)203752
(0.4, -0.4, 0.8)203753
(0.4, -0.4, 0.8)203753
(0.4, -0.4, 0.8)203754
(0.4, -0.4, 0.8)203754
(0.4, -0.4, 0.8)203755
(0.4, -0.4, 0.8)203755
(0.4, -0.4, 0.8)203756
(0.4, -0.4, 0.8)203756
(0.4, -0.4, 0.8)203757
(0.4, -0.4, 0.8)203758
(0.4, -0.4, 0.8)203758
(0.4, -0.4, 0.8)203759
(0.4, -0.4, 0.8)203759
(0.4, -0.4, 0.8)203800
(0.4, -0.4, 0.8)203800
(0.4, -0.4, 0.8)203801
(0.4, -0.4, 0.8)203801
(0.4, -0.4, 0.8)203802
(0.4, -0.4, 0.8)203802
(0.4, -0.4, 0.8)203803
(0.4, -0.4, 0.8)203803
(0.4, -0.4, 0.8)203804
(0.4, -0.4, 0.8)203804
(0.4, -0.4, 0.8)203805
(0.4, -0.4, 0.8)203805
(0.4, -0.4, 0.8)203806
(0.4, -0.4, 0.8)203806
(0.4, -0.4, 0.8)203807
(0.4, -0.4, 0.8)203807
(0.4, -0.4, 0.8)203808
(0.4, -0.4, 0.8)203808
(0.4, -0.4, 0.8)203809
(0.4, -0.4, 0.8)203809
(0.4, -0.4, 0.8)203810
(0.4, -0.4, 0.8)203811
(0.4, -0.4, 0.8)203811
(0.4, -0.4, 0.8)203812
(0.4, -0.4, 0.8)203812
(0.4, -0.4, 0.8)203813
(0.4, -0.4, 0.8)203813
(0.4, -0.4, 0.8)203814
(0.4, -0.4, 0.8)203814
(0.4, -0.4, 0.8)203815
(0.4, -0.4, 0.8)203815
(0.4, -0.4, 0.8)203816
(0.4, -0.4, 0.8)203816
(0.4, -0.4, 0.8)203817
(0.4, -0.4, 0.8)203817
(0.4, -0.4, 0.8)203818
(0.4, -0.4, 0.8)203818
(0.4, -0.4, 0.8)203819
(0.4, -0.4, 0.8)203819
(0.4, -0.4, 0.8)203820
(0.4, -0.4, 0.8)203820
(0.4, -0.4, 0.8)203821
(0.4, -0.4, 0.8)203821
(0.4, -0.4, 0.8)203822
(0.4, -0.4, 0.8)203822
(0.4, -0.4, 0.8)203823
(0.4, -0.4, 0.8)203823
(0.4, -0.4, 0.8)203824
(0.4, -0.4, 0.8)203824
(0.4, -0.4, 0.8)203825
(0.4, -0.4, 0.8)203825
(0.4, -0.4, 0.8)203826
(0.4, -0.4, 0.8)203826
(0.4, -0.4, 0.8)203827
(0.4, -0.4, 0.8)203827
(0.4, -0.4, 0.8)203828
(0.4, -0.4, 0.8)203828
(0.4, -0.4, 0.8)203829
(0.4, -0.4, 0.8)203830
(0.4, -0.4, 0.8)203830
(0.4, -0.4, 0.8)203831
(0.4, -0.4, 0.8)203831
(0.4, -0.4, 0.8)203832
(0.4, -0.4, 0.8)203832
(0.4, -0.4, 0.8)203833
(0.4, -0.4, 0.8)203833
(0.4, -0.4, 0.8)203834
(0.4, -0.4, 0.8)203834
(0.4, -0.4, 0.8)203835
(0.4, -0.4, 0.8)203835
(0.4, -0.4, 0.8)203836
(0.4, -0.4, 0.8)203836
(0.4, -0.4, 0.8)203837
(0.4, -0.4, 0.8)203837
(0.4, -0.4, 0.8)203838
(0.4, -0.4, 0.8)203838
(0.4, -0.4, 0.8)203839
(0.4, -0.4, 0.8)203839
(0.4, -0.4, 0.8)203840
(0.4, -0.4, 0.8)203840
(0.4, -0.4, 0.8)203841
(0.4, -0.4, 0.8)203841
(0.4, -0.4, 0.8)203842
(0.4, -0.4, 0.8)203842
(0.4, -0.4, 0.8)203843
(0.4, -0.4, 0.8)203843
(0.4, -0.4, 0.8)203844
(0.4, -0.4, 0.8)203844
(0.4, -0.4, 0.8)203845
(0.4, -0.4, 0.8)203845
(0.4, -0.4, 0.8)203846
(0.4, -0.4, 0.8)203846
(0.4, -0.4, 0.8)203847
(0.4, -0.4, 0.8)203847
(0.4, -0.4, 0.8)203848
(0.4, -0.4, 0.8)203848
(0.4, -0.4, 0.8)203849
(0.4, -0.4, 0.8)203850
(0.4, -0.4, 0.8)203850
(0.4, -0.4, 0.8)203851
(0.4, -0.4, 0.8)203851
(0.4, -0.4, 0.8)203852
(0.4, -0.4, 0.8)203852
(0.4, -0.4, 0.8)203853
(0.4, -0.4, 0.8)203853
(0.4, -0.4, 0.8)203854
(0.4, -0.4, 0.8)203854
(0.4, -0.4, 0.8)203855
(0.4, -0.4, 0.8)203855
(0.4, -0.4, 0.8)203856
(0.4, -0.4, 0.8)203856
(0.4, -0.4, 0.8)203857
(0.4, -0.4, 0.8)203857
(0.4, -0.4, 0.8)203858
(0.4, -0.4, 0.8)203858
(0.4, -0.4, 0.8)203859
(0.4, -0.4, 0.8)203859
(0.4, -0.4, 0.8)203900
(0.4, -0.4, 0.8)203900
(0.4, -0.4, 0.8)203901
(0.4, -0.4, 0.8)203901
(0.4, -0.4, 0.8)203902
(0.4, -0.4, 0.8)203902
(0.4, -0.4, 0.8)203903
(0.4, -0.4, 0.8)203903
(0.4, -0.4, 0.8)203904
(0.4, -0.4, 0.8)203905
(0.4, -0.4, 0.8)203905
(0.4, -0.4, 0.8)203906
(0.4, -0.4, 0.8)203906
(0.4, -0.4, 0.8)203907
(0.4, -0.4, 0.8)203907
(0.4, -0.4, 0.8)203908
(0.4, -0.4, 0.8)203908
(0.4, -0.4, 0.8)203909
(0.4, -0.4, 0.8)203909
(0.4, -0.4, 0.8)203910
(0.4, -0.4, 0.8)203910
(0.4, -0.4, 0.8)203911
(0.4, -0.4, 0.8)203911
(0.4, -0.4, 0.8)203912
(0.4, -0.4, 0.8)203912
(0.4, -0.4, 0.8)203913
(0.4, -0.4, 0.8)203913
(0.4, -0.4, 0.8)203914
(0.4, -0.4, 0.8)203914
(0.4, -0.4, 0.8)203915
(0.4, -0.4, 0.8)203915
(0.4, -0.4, 0.8)203916
(0.4, -0.4, 0.8)203916
(0.4, -0.4, 0.8)203917
(0.4, -0.4, 0.8)203917
(0.4, -0.4, 0.8)203918
(0.4, -0.4, 0.8)203918
(0.4, -0.4, 0.8)203919
(0.4, -0.4, 0.8)203919
(0.4, -0.4, 0.8)203920
(0.4, -0.4, 0.8)203920
(0.4, -0.4, 0.8)203921
(0.4, -0.4, 0.8)203921
(0.4, -0.4, 0.8)203922
(0.4, -0.4, 0.8)203922
(0.4, -0.4, 0.8)203923
(0.4, -0.4, 0.8)203923
(0.4, -0.4, 0.8)203924
(0.4, -0.4, 0.8)203925
(0.4, -0.4, 0.8)203925
(0.4, -0.4, 0.8)203926
(0.4, -0.4, 0.8)203926
(0.4, -0.4, 0.8)203927
(0.4, -0.4, 0.8)203927
(0.4, -0.4, 0.8)203928
(0.4, -0.4, 0.8)203928
(0.4, -0.4, 0.8)203929
(0.4, -0.4, 0.8)203929
(0.4, -0.4, 0.8)203930
(0.4, -0.4, 0.8)203930
(0.4, -0.4, 0.8)203931
(0.4, -0.4, 0.8)203931
(0.4, -0.4, 0.8)203932
(0.4, -0.4, 0.8)203932
(0.4, -0.4, 0.8)203933
(0.4, -0.4, 0.8)203933
(0.4, -0.4, 0.8)203934
(0.4, -0.4, 0.8)203934
(0.4, -0.4, 0.8)203935
(0.4, -0.4, 0.8)203935
(0.4, -0.4, 0.8)203936
(0.4, -0.4, 0.8)203936
(0.4, -0.4, 0.8)203937
(0.4, -0.4, 0.8)203937
(0.4, -0.4, 0.8)203938
(0.4, -0.4, 0.8)203938
(0.4, -0.4, 0.8)203939
(0.4, -0.4, 0.8)203939
(0.4, -0.4, 0.8)203940
(0.4, -0.4, 0.8)203940
(0.4, -0.4, 0.8)203941
(0.4, -0.4, 0.8)203941
(0.4, -0.4, 0.8)203942
(0.4, -0.4, 0.8)203943
(0.4, -0.4, 0.8)203943
(0.4, -0.4, 0.8)203944
(0.4, -0.4, 0.8)203944
(0.4, -0.4, 0.8)203945
(0.4, -0.4, 0.8)203945
(0.4, -0.4, 0.8)203946
(0.4, -0.4, 0.8)203946
(0.4, -0.4, 0.8)203947
(0.4, -0.4, 0.8)203947
(0.4, -0.4, 0.8)203948
(0.4, -0.4, 0.8)203948
(0.4, -0.4, 0.8)203949
(0.4, -0.4, 0.8)203949
(0.4, -0.4, 0.8)203950
(0.4, -0.4, 0.8)203950
(0.4, -0.4, 0.8)203951
(0.4, -0.4, 0.8)203951
(0.4, -0.4, 0.8)203952
(0.4, -0.4, 0.8)203952
(0.4, -0.4, 0.8)203953
(0.4, -0.4, 0.8)203953
(0.4, -0.4, 0.8)203954
(0.4, -0.4, 0.8)203954
(0.4, -0.4, 0.8)203955
(0.4, -0.4, 0.8)203955
(0.4, -0.4, 0.8)203956
(0.4, -0.4, 0.8)203956
(0.4, -0.4, 0.8)203957
(0.4, -0.4, 0.8)203957
(0.4, -0.4, 0.8)203958
(0.4, -0.4, 0.8)203958
(0.4, -0.4, 0.8)203959
(0.4, -0.4, 0.8)203959
(0.4, -0.4, 0.8)204000
(0.4, -0.4, 0.8)204000
(0.4, -0.4, 0.8)204001
(0.4, -0.4, 0.8)204001
(0.4, -0.4, 0.8)204002
(0.4, -0.4, 0.8)204002
(0.4, -0.4, 0.8)204003
(0.4, -0.4, 0.8)204003
(0.4, -0.4, 0.8)204004
(0.4, -0.4, 0.8)204004
(0.4, -0.4, 0.8)204005
(0.4, -0.4, 0.8)204006
(0.4, -0.4, 0.8)204006
(0.4, -0.4, 0.8)204007
(0.4, -0.4, 0.8)204007
(0.4, -0.4, 0.8)204008
(0.4, -0.4, 0.8)204008
(0.4, -0.4, 0.8)204009
(0.4, -0.4, 0.8)204009
(0.4, -0.4, 0.8)204010
(0.4, -0.4, 0.8)204010
(0.4, -0.4, 0.8)204011
(0.4, -0.4, 0.8)204011
(0.4, -0.4, 0.8)204012
(0.4, -0.4, 0.8)204012
(0.4, -0.4, 0.8)204013
(0.4, -0.4, 0.8)204013
(0.4, -0.4, 0.8)204014
(0.4, -0.4, 0.8)204014
(0.4, -0.4, 0.8)204015
(0.4, -0.4, 0.8)204015
(0.4, -0.4, 0.8)204016
(0.4, -0.4, 0.8)204016
(0.4, -0.4, 0.8)204017
(0.4, -0.4, 0.8)204017
(0.4, -0.4, 0.8)204018
(0.4, -0.4, 0.8)204018
(0.4, -0.4, 0.8)204019
(0.4, -0.4, 0.8)204019
(0.4, -0.4, 0.8)204020
(0.4, -0.4, 0.8)204020
(0.4, -0.4, 0.8)204021
(0.4, -0.4, 0.8)204021
(0.4, -0.4, 0.8)204022
(0.4, -0.4, 0.8)204022
(0.4, -0.4, 0.8)204023
(0.4, -0.4, 0.8)204023
(0.4, -0.4, 0.8)204024
(0.4, -0.4, 0.8)204025
(0.4, -0.4, 0.8)204025
(0.4, -0.4, 0.8)204026
(0.4, -0.4, 0.8)204026
(0.4, -0.4, 0.8)204027
(0.4, -0.4, 0.8)204027
(0.4, -0.4, 0.8)204028
(0.4, -0.4, 0.8)204028
(0.4, -0.4, 0.8)204029
(0.4, -0.4, 0.8)204029
(0.4, -0.4, 0.8)204030
(0.4, -0.4, 0.8)204030
(0.4, -0.4, 0.8)204031
(0.4, -0.4, 0.8)204031
(0.4, -0.4, 0.8)204032
(0.4, -0.4, 0.8)204032
(0.4, -0.4, 0.8)204033
(0.4, -0.4, 0.8)204033
(0.4, -0.4, 0.8)204034
(0.4, -0.4, 0.8)204034
(0.4, -0.4, 0.8)204035
(0.4, -0.4, 0.8)204035
(0.4, -0.4, 0.8)204036
(0.4, -0.4, 0.8)204036
(0.4, -0.4, 0.8)204037
(0.4, -0.4, 0.8)204037
(0.4, -0.4, 0.8)204038
(0.4, -0.4, 0.8)204038
(0.4, -0.4, 0.8)204039
(0.4, -0.4, 0.8)204039
(0.4, -0.4, 0.8)204040
(0.4, -0.4, 0.8)204041
(0.4, -0.4, 0.8)204041
(0.4, -0.4, 0.8)204042
(0.4, -0.4, 0.8)204042
(0.4, -0.4, 0.8)204043
(0.4, -0.4, 0.8)204043
(0.4, -0.4, 0.8)204044
(0.4, -0.4, 0.8)204044
(0.4, -0.4, 0.8)204045
(0.4, -0.4, 0.8)204045
(0.4, -0.4, 0.8)204046
(0.4, -0.4, 0.8)204046
(0.4, -0.4, 0.8)204047
(0.4, -0.4, 0.8)204047
(0.4, -0.4, 0.8)204048
(0.4, -0.4, 0.8)204048
(0.4, -0.4, 0.8)204049
(0.4, -0.4, 0.8)204049
(0.4, -0.4, 0.8)204050
(0.4, -0.4, 0.8)204050
(0.4, -0.4, 0.8)204051
(0.4, -0.4, 0.8)204051
(0.4, -0.4, 0.8)204052
(0.4, -0.4, 0.8)204052
(0.4, -0.4, 0.8)204053
(0.4, -0.4, 0.8)204053
(0.4, -0.4, 0.8)204054
(0.4, -0.4, 0.8)204054
(0.4, -0.4, 0.8)204055
(0.4, -0.4, 0.8)204056
(0.4, -0.4, 0.8)204056
(0.4, -0.4, 0.8)204057
(0.4, -0.4, 0.8)204057
(0.4, -0.4, 0.8)204058
(0.4, -0.4, 0.8)204058
(0.4, -0.4, 0.8)204059
(0.4, -0.4, 0.8)204059
(0.4, -0.4, 0.8)204100
(0.4, -0.4, 0.8)204100
(0.4, -0.4, 0.8)204101
(0.4, -0.4, 0.8)204101
(0.4, -0.4, 0.8)204102
(0.4, -0.4, 0.8)204102
(0.4, -0.4, 0.8)204103
(0.4, -0.4, 0.8)204103
(0.4, -0.4, 0.8)204104
(0.4, -0.4, 0.8)204104
(0.4, -0.4, 0.8)204105
(0.4, -0.4, 0.8)204105
(0.4, -0.4, 0.8)204106
(0.4, -0.4, 0.8)204106
(0.4, -0.4, 0.8)204107
(0.4, -0.4, 0.8)204107
(0.4, -0.4, 0.8)204108
(0.4, -0.4, 0.8)204108
(0.4, -0.4, 0.8)204109
(0.4, -0.4, 0.8)204109
(0.4, -0.4, 0.8)204110
(0.4, -0.4, 0.8)204110
(0.4, -0.4, 0.8)204111
(0.4, -0.4, 0.8)204111
(0.4, -0.4, 0.8)204112
(0.4, -0.4, 0.8)204113
(0.4, -0.4, 0.8)204113
(0.4, -0.4, 0.8)204114
(0.4, -0.4, 0.8)204114
(0.4, -0.4, 0.8)204115
(0.4, -0.4, 0.8)204115
(0.4, -0.4, 0.8)204116
(0.4, -0.4, 0.8)204116
(0.4, -0.4, 0.8)204117
(0.4, -0.4, 0.8)204117
(0.4, -0.4, 0.8)204118
(0.4, -0.4, 0.8)204118
(0.4, -0.4, 0.8)204119
(0.4, -0.4, 0.8)204119
(0.4, -0.4, 0.8)204120
(0.4, -0.4, 0.8)204120
(0.4, -0.4, 0.8)204121
(0.4, -0.4, 0.8)204121
(0.4, -0.4, 0.8)204122
(0.4, -0.4, 0.8)204122
(0.4, -0.4, 0.8)204123
(0.4, -0.4, 0.8)204123
(0.4, -0.4, 0.8)204124
(0.4, -0.4, 0.8)204124
(0.4, -0.4, 0.8)204125
(0.4, -0.4, 0.8)204125
(0.4, -0.4, 0.8)204126
(0.4, -0.4, 0.8)204126
(0.4, -0.4, 0.8)204127
(0.4, -0.4, 0.8)204127
(0.4, -0.4, 0.8)204128
(0.4, -0.4, 0.8)204128
(0.4, -0.4, 0.8)204129
(0.4, -0.4, 0.8)204130
(0.4, -0.4, 0.8)204130
(0.4, -0.4, 0.8)204131
(0.4, -0.4, 0.8)204131
(0.4, -0.4, 0.8)204132
(0.4, -0.4, 0.8)204132
(0.4, -0.4, 0.8)204133
(0.4, -0.4, 0.8)204133
(0.4, -0.4, 0.8)204134
(0.4, -0.4, 0.8)204134
(0.4, -0.4, 0.8)204135
(0.4, -0.4, 0.8)204135
(0.4, -0.4, 0.8)204136
(0.4, -0.4, 0.8)204136
(0.4, -0.4, 0.8)204137
(0.4, -0.4, 0.8)204137
(0.4, -0.4, 0.8)204138
(0.4, -0.4, 0.8)204138
(0.4, -0.4, 0.8)204139
(0.4, -0.4, 0.8)204139
(0.4, -0.4, 0.8)204140
(0.4, -0.4, 0.8)204140
(0.4, -0.4, 0.8)204141
(0.4, -0.4, 0.8)204141
(0.4, -0.4, 0.8)204142
(0.4, -0.4, 0.8)204142
(0.4, -0.4, 0.8)204143
(0.4, -0.4, 0.8)204143
(0.4, -0.4, 0.8)204144
(0.4, -0.4, 0.8)204144
(0.4, -0.4, 0.8)204145
(0.4, -0.4, 0.8)204145
(0.4, -0.4, 0.8)204146
(0.4, -0.4, 0.8)204147
(0.4, -0.4, 0.8)204147
(0.4, -0.4, 0.8)204148
(0.4, -0.4, 0.8)204148
(0.4, -0.4, 0.8)204149
(0.4, -0.4, 0.8)204149
(0.4, -0.4, 0.8)204150
(0.4, -0.4, 0.8)204150
(0.4, -0.4, 0.8)204151
(0.4, -0.4, 0.8)204151
(0.4, -0.4, 0.8)204152
(0.4, -0.4, 0.8)204152
(0.4, -0.4, 0.8)204153
(0.4, -0.4, 0.8)204153
(0.4, -0.4, 0.8)204154
(0.4, -0.4, 0.8)204154
(0.4, -0.4, 0.8)204155
(0.4, -0.4, 0.8)204155
(0.4, -0.4, 0.8)204156
(0.4, -0.4, 0.8)204156
(0.4, -0.4, 0.8)204157
(0.4, -0.4, 0.8)204157
(0.4, -0.4, 0.8)204158
(0.4, -0.4, 0.8)204158
(0.4, -0.4, 0.8)204159
(0.4, -0.4, 0.8)204159
(0.4, -0.4, 0.8)204200
(0.4, -0.4, 0.8)204200
(0.4, -0.4, 0.8)204201
(0.4, -0.4, 0.8)204201
(0.4, -0.4, 0.8)204202
(0.4, -0.4, 0.8)204202
(0.4, -0.4, 0.8)204203
(0.4, -0.4, 0.8)204203
(0.4, -0.4, 0.8)204204
(0.4, -0.4, 0.8)204204
(0.4, -0.4, 0.8)204205
(0.4, -0.4, 0.8)204205
(0.4, -0.4, 0.8)204206
(0.4, -0.4, 0.8)204207
(0.4, -0.4, 0.8)204207
(0.4, -0.4, 0.8)204208
(0.4, -0.4, 0.8)204208
(0.4, -0.4, 0.8)204209
(0.4, -0.4, 0.8)204209
(0.4, -0.4, 0.8)204210
(0.4, -0.4, 0.8)204210
(0.4, -0.4, 0.8)204211
(0.4, -0.4, 0.8)204211
(0.4, -0.4, 0.8)204212
(0.4, -0.4, 0.8)204212
(0.4, -0.4, 0.8)204213
(0.4, -0.4, 0.8)204213
(0.4, -0.4, 0.8)204214
(0.4, -0.4, 0.8)204214
(0.4, -0.4, 0.8)204215
(0.4, -0.4, 0.8)204215
(0.4, -0.4, 0.8)204216
(0.4, -0.4, 0.8)204216
(0.4, -0.4, 0.8)204217
(0.4, -0.4, 0.8)204217
(0.4, -0.4, 0.8)204218
(0.4, -0.4, 0.8)204218
(0.4, -0.4, 0.8)204219
(0.4, -0.4, 0.8)204219
(0.4, -0.4, 0.8)204220
(0.4, -0.4, 0.8)204221
(0.4, -0.4, 0.8)204221
(0.4, -0.4, 0.8)204222
(0.4, -0.4, 0.8)204222
(0.4, -0.4, 0.8)204223
(0.4, -0.4, 0.8)204223
(0.4, -0.4, 0.8)204224
(0.4, -0.4, 0.8)204224
(0.4, -0.4, 0.8)204225
(0.4, -0.4, 0.8)204225
(0.4, -0.4, 0.8)204226
(0.4, -0.4, 0.8)204226
(0.4, -0.4, 0.8)204227
(0.4, -0.4, 0.8)204227
(0.4, -0.4, 0.8)204228
(0.4, -0.4, 0.8)204228
(0.4, -0.4, 0.8)204229
(0.4, -0.4, 0.8)204229
(0.4, -0.4, 0.8)204230
(0.4, -0.4, 0.8)204230
(0.4, -0.4, 0.8)204231
(0.4, -0.4, 0.8)204231
(0.4, -0.4, 0.8)204232
(0.4, -0.4, 0.8)204232
(0.4, -0.4, 0.8)204233
(0.4, -0.4, 0.8)204233
(0.4, -0.4, 0.8)204234
(0.4, -0.4, 0.8)204235
(0.4, -0.4, 0.8)204235
(0.4, -0.4, 0.8)204236
(0.4, -0.4, 0.8)204236
(0.4, -0.4, 0.8)204237
(0.4, -0.4, 0.8)204237
(0.4, -0.4, 0.8)204238
(0.4, -0.4, 0.8)204238
(0.4, -0.4, 0.8)204239
(0.4, -0.4, 0.8)204239
(0.4, -0.4, 0.8)204240
(0.4, -0.4, 0.8)204240
(0.4, -0.4, 0.8)204241
(0.4, -0.4, 0.8)204241
(0.4, -0.4, 0.8)204242
(0.4, -0.4, 0.8)204242
(0.4, -0.4, 0.8)204243
(0.4, -0.4, 0.8)204243
(0.4, -0.4, 0.8)204244
(0.4, -0.4, 0.8)204244
(0.4, -0.4, 0.8)204245
(0.4, -0.4, 0.8)204245
(0.4, -0.4, 0.8)204246
(0.4, -0.4, 0.8)204246
(0.4, -0.4, 0.8)204247
(0.4, -0.4, 0.8)204248
(0.4, -0.4, 0.8)204248
(0.4, -0.4, 0.8)204249
(0.4, -0.4, 0.8)204249
(0.4, -0.4, 0.8)204250
(0.4, -0.4, 0.8)204250
(0.4, -0.4, 0.8)204251
(0.4, -0.4, 0.8)204251
(0.4, -0.4, 0.8)204252
(0.4, -0.4, 0.8)204252
(0.4, -0.4, 0.8)204253
(0.4, -0.4, 0.8)204253
(0.4, -0.4, 0.8)204254
(0.4, -0.4, 0.8)204254
(0.4, -0.4, 0.8)204255
(0.4, -0.4, 0.8)204255
(0.4, -0.4, 0.8)204256
(0.4, -0.4, 0.8)204256
(0.4, -0.4, 0.8)204257
(0.4, -0.4, 0.8)204257
(0.4, -0.4, 0.8)204258
(0.4, -0.4, 0.8)204258
(0.4, -0.4, 0.8)204259
(0.4, -0.4, 0.8)204259
(0.4, -0.4, 0.8)204300
(0.4, -0.4, 0.8)204300
(0.4, -0.4, 0.8)204301
(0.4, -0.4, 0.8)204301
(0.4, -0.4, 0.8)204302
(0.4, -0.4, 0.8)204302
(0.4, -0.4, 0.8)204303
(0.4, -0.4, 0.8)204303
(0.4, -0.4, 0.8)204304
(0.4, -0.4, 0.8)204304
(0.4, -0.4, 0.8)204305
(0.4, -0.4, 0.8)204305
(0.4, -0.4, 0.8)204306
(0.4, -0.4, 0.8)204306
(0.4, -0.4, 0.8)204307
(0.4, -0.4, 0.8)204307
(0.4, -0.4, 0.8)204308
(0.4, -0.4, 0.8)204308
(0.4, -0.4, 0.8)204309
(0.4, -0.4, 0.8)204310
(0.4, -0.4, 0.8)204310
(0.4, -0.4, 0.8)204311
(0.4, -0.4, 0.8)204311
(0.4, -0.4, 0.8)204312
(0.4, -0.4, 0.8)204312
(0.4, -0.4, 0.8)204313
(0.4, -0.4, 0.8)204313
(0.4, -0.4, 0.8)204314
(0.4, -0.4, 0.8)204314
(0.4, -0.4, 0.8)204315
(0.4, -0.4, 0.8)204315
(0.4, -0.4, 0.8)204316
(0.4, -0.4, 0.8)204316
(0.4, -0.4, 0.8)204317
(0.4, -0.4, 0.8)204317
(0.4, -0.4, 0.8)204318
(0.4, -0.4, 0.8)204318
(0.4, -0.4, 0.8)204319
(0.4, -0.4, 0.8)204319
(0.4, -0.4, 0.8)204320
(0.4, -0.4, 0.8)204320
(0.4, -0.4, 0.8)204321
(0.4, -0.4, 0.8)204321
(0.4, -0.4, 0.8)204322
(0.4, -0.4, 0.8)204322
(0.4, -0.4, 0.8)204323
(0.4, -0.4, 0.8)204323
(0.4, -0.4, 0.8)204324
(0.4, -0.4, 0.8)204324
(0.4, -0.4, 0.8)204325
(0.4, -0.4, 0.8)204326
(0.4, -0.4, 0.8)204326
(0.4, -0.4, 0.8)204327
(0.4, -0.4, 0.8)204327
(0.4, -0.4, 0.8)204328
(0.4, -0.4, 0.8)204328
(0.4, -0.4, 0.8)204329
(0.4, -0.4, 0.8)204329
(0.4, -0.4, 0.8)204330
(0.4, -0.4, 0.8)204330
(0.4, -0.4, 0.8)204331
(0.4, -0.4, 0.8)204331
(0.4, -0.4, 0.8)204332
(0.4, -0.4, 0.8)204332
(0.4, -0.4, 0.8)204333
(0.4, -0.4, 0.8)204333
(0.4, -0.4, 0.8)204334
(0.4, -0.4, 0.8)204334
(0.4, -0.4, 0.8)204335
(0.4, -0.4, 0.8)204335
(0.4, -0.4, 0.8)204336
(0.4, -0.4, 0.8)204336
(0.4, -0.4, 0.8)204337
(0.4, -0.4, 0.8)204337
(0.4, -0.4, 0.8)204338
(0.4, -0.4, 0.8)204338
(0.4, -0.4, 0.8)204339
(0.4, -0.4, 0.8)204339
(0.4, -0.4, 0.8)204340
(0.4, -0.4, 0.8)204340
(0.4, -0.4, 0.8)204341
(0.4, -0.4, 0.8)204341
(0.4, -0.4, 0.8)204342
(0.4, -0.4, 0.8)204342
(0.4, -0.4, 0.8)204343
(0.4, -0.4, 0.8)204343
(0.4, -0.4, 0.8)204344
(0.4, -0.4, 0.8)204344
(0.4, -0.4, 0.8)204345
(0.4, -0.4, 0.8)204346
(0.4, -0.4, 0.8)204346
(0.4, -0.4, 0.8)204347
(0.4, -0.4, 0.8)204347
(0.4, -0.4, 0.8)204348
(0.4, -0.4, 0.8)204348
(0.4, -0.4, 0.8)204349
(0.4, -0.4, 0.8)204349
(0.4, -0.4, 0.8)204350
(0.4, -0.4, 0.8)204350
(0.4, -0.4, 0.8)204351
(0.4, -0.4, 0.8)204351
(0.4, -0.4, 0.8)204352
(0.4, -0.4, 0.8)204352
(0.4, -0.4, 0.8)204353
(0.4, -0.4, 0.8)204353
(0.4, -0.4, 0.8)204354
(0.4, -0.4, 0.8)204354
(0.4, -0.4, 0.8)204355
(0.4, -0.4, 0.8)204355
(0.4, -0.4, 0.8)204356
(0.4, -0.4, 0.8)204356
(0.4, -0.4, 0.8)204357
(0.4, -0.4, 0.8)204357
(0.4, -0.4, 0.8)204358
(0.4, -0.4, 0.8)204358
(0.4, -0.4, 0.8)204359
(0.4, -0.4, 0.8)204359
(0.4, -0.4, 0.8)204400
(0.4, -0.4, 0.8)204400
(0.4, -0.4, 0.8)204401
(0.4, -0.4, 0.8)204401
(0.4, -0.4, 0.8)204402
(0.4, -0.4, 0.8)204402
(0.4, -0.4, 0.8)204403
(0.4, -0.4, 0.8)204403
(0.4, -0.4, 0.8)204404
(0.4, -0.4, 0.8)204405
(0.4, -0.4, 0.8)204405
(0.4, -0.4, 0.8)204406
(0.4, -0.4, 0.8)204406
(0.4, -0.4, 0.8)204407
(0.4, -0.4, 0.8)204407
(0.4, -0.4, 0.8)204408
(0.4, -0.4, 0.8)204408
(0.4, -0.4, 0.8)204409
(0.4, -0.4, 0.8)204409
(0.4, -0.4, 0.8)204410
(0.4, -0.4, 0.8)204410
(0.4, -0.4, 0.8)204411
(0.4, -0.4, 0.8)204411
(0.4, -0.4, 0.8)204412
(0.4, -0.4, 0.8)204412
(0.4, -0.4, 0.8)204413
(0.4, -0.4, 0.8)204413
(0.4, -0.4, 0.8)204414
(0.4, -0.4, 0.8)204414
(0.4, -0.4, 0.8)204415
(0.4, -0.4, 0.8)204415
(0.4, -0.4, 0.8)204416
(0.4, -0.4, 0.8)204416
(0.4, -0.4, 0.8)204417
(0.4, -0.4, 0.8)204417
(0.4, -0.4, 0.8)204418
(0.4, -0.4, 0.8)204418
(0.4, -0.4, 0.8)204419
(0.4, -0.4, 0.8)204419
(0.4, -0.4, 0.8)204420
(0.4, -0.4, 0.8)204420
(0.4, -0.4, 0.8)204421
(0.4, -0.4, 0.8)204422
(0.4, -0.4, 0.8)204422
(0.4, -0.4, 0.8)204423
(0.4, -0.4, 0.8)204423
(0.4, -0.4, 0.8)204424
(0.4, -0.4, 0.8)204424
(0.4, -0.4, 0.8)204425
(0.4, -0.4, 0.8)204425
(0.4, -0.4, 0.8)204426
(0.4, -0.4, 0.8)204426
(0.4, -0.4, 0.8)204427
(0.4, -0.4, 0.8)204427
(0.4, -0.4, 0.8)204428
(0.4, -0.4, 0.8)204428
(0.4, -0.4, 0.8)204429
(0.4, -0.4, 0.8)204429
(0.4, -0.4, 0.8)204430
(0.4, -0.4, 0.8)204430
(0.4, -0.4, 0.8)204431
(0.4, -0.4, 0.8)204431
(0.4, -0.4, 0.8)204432
(0.4, -0.4, 0.8)204433
(0.4, -0.4, 0.8)204433
(0.4, -0.4, 0.8)204434
(0.4, -0.4, 0.8)204434
(0.4, -0.4, 0.8)204435
(0.4, -0.4, 0.8)204435
(0.4, -0.4, 0.8)204436
(0.4, -0.4, 0.8)204436
(0.4, -0.4, 0.8)204437
(0.4, -0.4, 0.8)204437
(0.4, -0.4, 0.8)204438
(0.4, -0.4, 0.8)204438
(0.4, -0.4, 0.8)204439
(0.4, -0.4, 0.8)204439
(0.4, -0.4, 0.8)204440
(0.4, -0.4, 0.8)204440
(0.4, -0.4, 0.8)204441
(0.4, -0.4, 0.8)204441
(0.4, -0.4, 0.8)204442
(0.4, -0.4, 0.8)204442
(0.4, -0.4, 0.8)204443
(0.4, -0.4, 0.8)204443
(0.4, -0.4, 0.8)204444
(0.4, -0.4, 0.8)204444
(0.4, -0.4, 0.8)204445
(0.4, -0.4, 0.8)204445
(0.4, -0.4, 0.8)204446
(0.4, -0.4, 0.8)204446
(0.4, -0.4, 0.8)204447
(0.4, -0.4, 0.8)204447
(0.4, -0.4, 0.8)204448
(0.4, -0.4, 0.8)204448
(0.4, -0.4, 0.8)204449
(0.4, -0.4, 0.8)204450
(0.4, -0.4, 0.8)204450
(0.4, -0.4, 0.8)204451
(0.4, -0.4, 0.8)204451
(0.4, -0.4, 0.8)204452
(0.4, -0.4, 0.8)204452
(0.4, -0.4, 0.8)204453
(0.4, -0.4, 0.8)204453
(0.4, -0.4, 0.8)204454
(0.4, -0.4, 0.8)204454
(0.4, -0.4, 0.8)204455
(0.4, -0.4, 0.8)204455
(0.4, -0.4, 0.8)204456
(0.4, -0.4, 0.8)204456
(0.4, -0.4, 0.8)204457
(0.4, -0.4, 0.8)204457
(0.4, -0.4, 0.8)204458
(0.4, -0.4, 0.8)204458
(0.4, -0.4, 0.8)204459
(0.4, -0.4, 0.8)204459
(0.4, -0.4, 0.8)204500
(0.4, -0.4, 0.8)204500
(0.4, -0.4, 0.8)204501
(0.4, -0.4, 0.8)204501
(0.4, -0.4, 0.8)204502
(0.4, -0.4, 0.8)204502
(0.4, -0.4, 0.8)204503
(0.4, -0.4, 0.8)204504
(0.4, -0.4, 0.8)204504
(0.4, -0.4, 0.8)204505
(0.4, -0.4, 0.8)204505
(0.4, -0.4, 0.8)204506
(0.4, -0.4, 0.8)204506
(0.4, -0.4, 0.8)204507
(0.4, -0.4, 0.8)204507
(0.4, -0.4, 0.8)204508
(0.4, -0.4, 0.8)204508
(0.4, -0.4, 0.8)204509
(0.4, -0.4, 0.8)204509
(0.4, -0.4, 0.8)204510
(0.4, -0.4, 0.8)204510
(0.4, -0.4, 0.8)204511
(0.4, -0.4, 0.8)204511
(0.4, -0.4, 0.8)204512
(0.4, -0.4, 0.8)204512
(0.4, -0.4, 0.8)204513
(0.4, -0.4, 0.8)204513
(0.4, -0.4, 0.8)204514
(0.4, -0.4, 0.8)204514
(0.4, -0.4, 0.8)204515
(0.4, -0.4, 0.8)204515
(0.4, -0.4, 0.8)204516
(0.4, -0.4, 0.8)204516
(0.4, -0.4, 0.8)204517
(0.4, -0.4, 0.8)204517
(0.4, -0.4, 0.8)204518
(0.4, -0.4, 0.8)204518
(0.4, -0.4, 0.8)204519
(0.4, -0.4, 0.8)204519
(0.4, -0.4, 0.8)204520
(0.4, -0.4, 0.8)204520
(0.4, -0.4, 0.8)204521
(0.4, -0.4, 0.8)204521
(0.4, -0.4, 0.8)204522
(0.4, -0.4, 0.8)204522
(0.4, -0.4, 0.8)204523
(0.4, -0.4, 0.8)204524
(0.4, -0.4, 0.8)204524
(0.4, -0.4, 0.8)204525
(0.4, -0.4, 0.8)204525
(0.4, -0.4, 0.8)204526
(0.4, -0.4, 0.8)204526
(0.4, -0.4, 0.8)204527
(0.4, -0.4, 0.8)204527
(0.4, -0.4, 0.8)204528
(0.4, -0.4, 0.8)204528
(0.4, -0.4, 0.8)204529
(0.4, -0.4, 0.8)204529
(0.4, -0.4, 0.8)204530
(0.4, -0.4, 0.8)204530
(0.4, -0.4, 0.8)204531
(0.4, -0.4, 0.8)204531
(0.4, -0.4, 0.8)204532
(0.4, -0.4, 0.8)204532
(0.4, -0.4, 0.8)204533
(0.4, -0.4, 0.8)204533
(0.4, -0.4, 0.8)204534
(0.4, -0.4, 0.8)204534
(0.4, -0.4, 0.8)204535
(0.4, -0.4, 0.8)204535
(0.4, -0.4, 0.8)204536
(0.4, -0.4, 0.8)204536
(0.4, -0.4, 0.8)204537
(0.4, -0.4, 0.8)204538
(0.4, -0.4, 0.8)204538
(0.4, -0.4, 0.8)204539
(0.4, -0.4, 0.8)204539
(0.4, -0.4, 0.8)204540
(0.4, -0.4, 0.8)204540
(0.4, -0.4, 0.8)204541
(0.4, -0.4, 0.8)204541
(0.4, -0.4, 0.8)204542
(0.4, -0.4, 0.8)204542
(0.4, -0.4, 0.8)204543
(0.4, -0.4, 0.8)204543
(0.4, -0.4, 0.8)204544
(0.4, -0.4, 0.8)204544
(0.4, -0.4, 0.8)204545
(0.4, -0.4, 0.8)204545
(0.4, -0.4, 0.8)204546
(0.4, -0.4, 0.8)204546
(0.4, -0.4, 0.8)204547
(0.4, -0.4, 0.8)204547
(0.4, -0.4, 0.8)204548
(0.4, -0.4, 0.8)204548
(0.4, -0.4, 0.8)204549
(0.4, -0.4, 0.8)204549
(0.4, -0.4, 0.8)204550
(0.4, -0.4, 0.8)204550
(0.4, -0.4, 0.8)204551
(0.4, -0.4, 0.8)204551
(0.4, -0.4, 0.8)204552
(0.4, -0.4, 0.8)204552
(0.4, -0.4, 0.8)204553
(0.4, -0.4, 0.8)204553
(0.4, -0.4, 0.8)204554
(0.4, -0.4, 0.8)204554
(0.4, -0.4, 0.8)204555
(0.4, -0.4, 0.8)204555
(0.4, -0.4, 0.8)204556
(0.4, -0.4, 0.8)204557
(0.4, -0.4, 0.8)204557
(0.4, -0.4, 0.8)204558
(0.4, -0.4, 0.8)204558
(0.4, -0.4, 0.8)204559
(0.4, -0.4, 0.8)204559
(0.4, -0.4, 0.8)204600
(0.4, -0.4, 0.8)204600
(0.4, -0.4, 0.8)204601
(0.4, -0.4, 0.8)204601
(0.4, -0.4, 0.8)204602
(0.4, -0.4, 0.8)204602
(0.4, -0.4, 0.8)204603
(0.4, -0.4, 0.8)204603
(0.4, -0.4, 0.8)204604
(0.4, -0.4, 0.8)204604
(0.4, -0.4, 0.8)204605
(0.4, -0.4, 0.8)204605
(0.4, -0.4, 0.8)204606
(0.4, -0.4, 0.8)204606
(0.4, -0.4, 0.8)204607
(0.4, -0.4, 0.8)204607
(0.4, -0.4, 0.8)204608
(0.4, -0.4, 0.8)204608
(0.4, -0.4, 0.8)204609
(0.4, -0.4, 0.8)204609
(0.4, -0.4, 0.8)204610
(0.4, -0.4, 0.8)204610
(0.4, -0.4, 0.8)204611
(0.4, -0.4, 0.8)204611
(0.4, -0.4, 0.8)204612
(0.4, -0.4, 0.8)204612
(0.4, -0.4, 0.8)204613
(0.4, -0.4, 0.8)204613
(0.4, -0.4, 0.8)204614
(0.4, -0.4, 0.8)204615
(0.4, -0.4, 0.8)204615
(0.4, -0.4, 0.8)204616
(0.4, -0.4, 0.8)204616
(0.4, -0.4, 0.8)204617
(0.4, -0.4, 0.8)204617
(0.4, -0.4, 0.8)204618
(0.4, -0.4, 0.8)204618
(0.4, -0.4, 0.8)204619
(0.4, -0.4, 0.8)204619
(0.4, -0.4, 0.8)204620
(0.4, -0.4, 0.8)204620
(0.4, -0.4, 0.8)204621
(0.4, -0.4, 0.8)204621
(0.4, -0.4, 0.8)204622
(0.4, -0.4, 0.8)204622
(0.4, -0.4, 0.8)204623
(0.4, -0.4, 0.8)204623
(0.4, -0.4, 0.8)204624
(0.4, -0.4, 0.8)204624
(0.4, -0.4, 0.8)204625
(0.4, -0.4, 0.8)204625
(0.4, -0.4, 0.8)204626
(0.4, -0.4, 0.8)204626
(0.4, -0.4, 0.8)204627
(0.4, -0.4, 0.8)204627
(0.4, -0.4, 0.8)204628
(0.4, -0.4, 0.8)204628
(0.4, -0.4, 0.8)204629
(0.4, -0.4, 0.8)204629
(0.4, -0.4, 0.8)204630
(0.4, -0.4, 0.8)204630
(0.4, -0.4, 0.8)204631
(0.4, -0.4, 0.8)204631
(0.4, -0.4, 0.8)204632
(0.4, -0.4, 0.8)204632
(0.4, -0.4, 0.8)204633
(0.4, -0.4, 0.8)204634
(0.4, -0.4, 0.8)204634
(0.4, -0.4, 0.8)204635
(0.4, -0.4, 0.8)204635
(0.4, -0.4, 0.8)204636
(0.4, -0.4, 0.8)204636
(0.4, -0.4, 0.8)204637
(0.4, -0.4, 0.8)204637
(0.4, -0.4, 0.8)204638
(0.4, -0.4, 0.8)204638
(0.4, -0.4, 0.8)204639
(0.4, -0.4, 0.8)204639
(0.4, -0.4, 0.8)204640
(0.4, -0.4, 0.8)204640
(0.4, -0.4, 0.8)204641
(0.4, -0.4, 0.8)204641
(0.4, -0.4, 0.8)204642
(0.4, -0.4, 0.8)204642
(0.4, -0.4, 0.8)204643
(0.4, -0.4, 0.8)204643
(0.4, -0.4, 0.8)204644
(0.4, -0.4, 0.8)204644
(0.4, -0.4, 0.8)204645
(0.4, -0.4, 0.8)204645
(0.4, -0.4, 0.8)204646
(0.4, -0.4, 0.8)204646
(0.4, -0.4, 0.8)204647
(0.4, -0.4, 0.8)204647
(0.4, -0.4, 0.8)204648
(0.4, -0.4, 0.8)204648
(0.4, -0.4, 0.8)204649
(0.4, -0.4, 0.8)204649
(0.4, -0.4, 0.8)204650
(0.4, -0.4, 0.8)204650
(0.4, -0.4, 0.8)204651
(0.4, -0.4, 0.8)204651
(0.4, -0.4, 0.8)204652
(0.4, -0.4, 0.8)204652
(0.4, -0.4, 0.8)204653
(0.4, -0.4, 0.8)204654
(0.4, -0.4, 0.8)204654
(0.4, -0.4, 0.8)204655
(0.4, -0.4, 0.8)204655
(0.4, -0.4, 0.8)204656
(0.4, -0.4, 0.8)204656
(0.4, -0.4, 0.8)204657
(0.4, -0.4, 0.8)204657
(0.4, -0.4, 0.8)204658
(0.4, -0.4, 0.8)204658
(0.4, -0.4, 0.8)204659
(0.4, -0.4, 0.8)204659
(0.4, -0.4, 0.8)204700
(0.4, -0.4, 0.8)204700
(0.4, -0.4, 0.8)204701
(0.4, -0.4, 0.8)204701
(0.4, -0.4, 0.8)204702
(0.4, -0.4, 0.8)204702
(0.4, -0.4, 0.8)204703
(0.4, -0.4, 0.8)204703
(0.4, -0.4, 0.8)204704
(0.4, -0.4, 0.8)204704
(0.4, -0.4, 0.8)204705
(0.4, -0.4, 0.8)204705
(0.4, -0.4, 0.8)204706
(0.4, -0.4, 0.8)204706
(0.4, -0.4, 0.8)204707
(0.4, -0.4, 0.8)204707
(0.4, -0.4, 0.8)204708
(0.4, -0.4, 0.8)204708
(0.4, -0.4, 0.8)204709
(0.4, -0.4, 0.8)204710
(0.4, -0.4, 0.8)204710
(0.4, -0.4, 0.8)204711
(0.4, -0.4, 0.8)204711
(0.4, -0.4, 0.8)204712
(0.4, -0.4, 0.8)204712
(0.4, -0.4, 0.8)204713
(0.4, -0.4, 0.8)204713
(0.4, -0.4, 0.8)204714
(0.4, -0.4, 0.8)204714
(0.4, -0.4, 0.8)204715
(0.4, -0.4, 0.8)204715
(0.4, -0.4, 0.8)204716
(0.4, -0.4, 0.8)204716
(0.4, -0.4, 0.8)204717
(0.4, -0.4, 0.8)204717
(0.4, -0.4, 0.8)204718
(0.4, -0.4, 0.8)204718
(0.4, -0.4, 0.8)204719
(0.4, -0.4, 0.8)204719
(0.4, -0.4, 0.8)204720
(0.4, -0.4, 0.8)204720
(0.4, -0.4, 0.8)204721
(0.4, -0.4, 0.8)204721
(0.4, -0.4, 0.8)204722
(0.4, -0.4, 0.8)204722
(0.4, -0.4, 0.8)204723
(0.4, -0.4, 0.8)204724
(0.4, -0.4, 0.8)204724
(0.4, -0.4, 0.8)204725
(0.4, -0.4, 0.8)204725
(0.4, -0.4, 0.8)204726
(0.4, -0.4, 0.8)204726
(0.4, -0.4, 0.8)204727
(0.4, -0.4, 0.8)204727
(0.4, -0.4, 0.8)204728
(0.4, -0.4, 0.8)204728
(0.4, -0.4, 0.8)204729
(0.4, -0.4, 0.8)204729
(0.4, -0.4, 0.8)204730
(0.4, -0.4, 0.8)204730
(0.4, -0.4, 0.8)204731
(0.4, -0.4, 0.8)204731
(0.4, -0.4, 0.8)204732
(0.4, -0.4, 0.8)204732
(0.4, -0.4, 0.8)204733
(0.4, -0.4, 0.8)204733
(0.4, -0.4, 0.8)204734
(0.4, -0.4, 0.8)204734
(0.4, -0.4, 0.8)204735
(0.4, -0.4, 0.8)204735
(0.4, -0.4, 0.8)204736
(0.4, -0.4, 0.8)204736
(0.4, -0.4, 0.8)204737
(0.4, -0.4, 0.8)204737
(0.4, -0.4, 0.8)204738
(0.4, -0.4, 0.8)204738
(0.4, -0.4, 0.8)204739
(0.4, -0.4, 0.8)204739
(0.4, -0.4, 0.8)204740
(0.4, -0.4, 0.8)204740
(0.4, -0.4, 0.8)204741
(0.4, -0.4, 0.8)204741
(0.4, -0.4, 0.8)204742
(0.4, -0.4, 0.8)204742
(0.4, -0.4, 0.8)204743
(0.4, -0.4, 0.8)204744
(0.4, -0.4, 0.8)204744
(0.4, -0.4, 0.8)204745
(0.4, -0.4, 0.8)204745
(0.4, -0.4, 0.8)204746
(0.4, -0.4, 0.8)204746
(0.4, -0.4, 0.8)204747
(0.4, -0.4, 0.8)204747
(0.4, -0.4, 0.8)204748
(0.4, -0.4, 0.8)204748
(0.4, -0.4, 0.8)204749
(0.4, -0.4, 0.8)204749
(0.4, -0.4, 0.8)204750
(0.4, -0.4, 0.8)204750
(0.4, -0.4, 0.8)204751
(0.4, -0.4, 0.8)204751
(0.4, -0.4, 0.8)204752
(0.4, -0.4, 0.8)204752
(0.4, -0.4, 0.8)204753
(0.4, -0.4, 0.8)204753
(0.4, -0.4, 0.8)204754
(0.4, -0.4, 0.8)204754
(0.4, -0.4, 0.8)204755
(0.4, -0.4, 0.8)204755
(0.4, -0.4, 0.8)204756
(0.4, -0.4, 0.8)204756
(0.4, -0.4, 0.8)204757
(0.4, -0.4, 0.8)204757
(0.4, -0.4, 0.8)204758
(0.4, -0.4, 0.8)204759
(0.4, -0.4, 0.8)204759
(0.4, -0.4, 0.8)204800
(0.4, -0.4, 0.8)204800
(0.4, -0.4, 0.8)204801
(0.4, -0.4, 0.8)204801
(0.4, -0.4, 0.8)204802
(0.4, -0.4, 0.8)204802
(0.4, -0.4, 0.8)204803
(0.4, -0.4, 0.8)204803
(0.4, -0.4, 0.8)204804
(0.4, -0.4, 0.8)204804
(0.4, -0.4, 0.8)204805
(0.4, -0.4, 0.8)204805
(0.4, -0.4, 0.8)204806
(0.4, -0.4, 0.8)204806
(0.4, -0.4, 0.8)204807
(0.4, -0.4, 0.8)204807
(0.4, -0.4, 0.8)204808
(0.4, -0.4, 0.8)204808
(0.4, -0.4, 0.8)204809
(0.4, -0.4, 0.8)204809
(0.4, -0.4, 0.8)204810
(0.4, -0.4, 0.8)204810
(0.4, -0.4, 0.8)204811
(0.4, -0.4, 0.8)204811
(0.4, -0.4, 0.8)204812
(0.4, -0.4, 0.8)204812
(0.4, -0.4, 0.8)204813
(0.4, -0.4, 0.8)204813
(0.4, -0.4, 0.8)204814
(0.4, -0.4, 0.8)204814
(0.4, -0.4, 0.8)204815
(0.4, -0.4, 0.8)204815
(0.4, -0.4, 0.8)204816
(0.4, -0.4, 0.8)204816
(0.4, -0.4, 0.8)204817
(0.4, -0.4, 0.8)204817
(0.4, -0.4, 0.8)204818
(0.4, -0.4, 0.8)204819
(0.4, -0.4, 0.8)204819
(0.4, -0.4, 0.8)204820
(0.4, -0.4, 0.8)204820
(0.4, -0.4, 0.8)204821
(0.4, -0.4, 0.8)204821
(0.4, -0.4, 0.8)204822
(0.4, -0.4, 0.8)204822
(0.4, -0.4, 0.8)204823
(0.4, -0.4, 0.8)204823
(0.4, -0.4, 0.8)204824
(0.4, -0.4, 0.8)204824
(0.4, -0.4, 0.8)204825
(0.4, -0.4, 0.8)204825
(0.4, -0.4, 0.8)204826
(0.4, -0.4, 0.8)204826
(0.4, -0.4, 0.8)204827
(0.4, -0.4, 0.8)204827
(0.4, -0.4, 0.8)204828
(0.4, -0.4, 0.8)204828
(0.4, -0.4, 0.8)204829
(0.4, -0.4, 0.8)204829
(0.4, -0.4, 0.8)204830
(0.4, -0.4, 0.8)204830
(0.4, -0.4, 0.8)204831
(0.4, -0.4, 0.8)204831
(0.4, -0.4, 0.8)204832
(0.4, -0.4, 0.8)204832
(0.4, -0.4, 0.8)204833
(0.4, -0.4, 0.8)204833
(0.4, -0.4, 0.8)204834
(0.4, -0.4, 0.8)204834
(0.4, -0.4, 0.8)204835
(0.4, -0.4, 0.8)204835
(0.4, -0.4, 0.8)204836
(0.4, -0.4, 0.8)204837
(0.4, -0.4, 0.8)204837
(0.4, -0.4, 0.8)204838
(0.4, -0.4, 0.8)204838
(0.4, -0.4, 0.8)204839
(0.4, -0.4, 0.8)204839
(0.4, -0.4, 0.8)204840
(0.4, -0.4, 0.8)204840
(0.4, -0.4, 0.8)204841
(0.4, -0.4, 0.8)204841
(0.4, -0.4, 0.8)204842
(0.4, -0.4, 0.8)204842
(0.4, -0.4, 0.8)204843
(0.4, -0.4, 0.8)204843
(0.4, -0.4, 0.8)204844
(0.4, -0.4, 0.8)204844
(0.4, -0.4, 0.8)204845
(0.4, -0.4, 0.8)204845
(0.4, -0.4, 0.8)204846
(0.4, -0.4, 0.8)204846
(0.4, -0.4, 0.8)204847
(0.4, -0.4, 0.8)204847
(0.4, -0.4, 0.8)204848
(0.4, -0.4, 0.8)204848
(0.4, -0.4, 0.8)204849
(0.4, -0.4, 0.8)204849
(0.4, -0.4, 0.8)204850
(0.4, -0.4, 0.8)204850
(0.4, -0.4, 0.8)204851
(0.4, -0.4, 0.8)204851
(0.4, -0.4, 0.8)204852
(0.4, -0.4, 0.8)204853
(0.4, -0.4, 0.8)204853
(0.4, -0.4, 0.8)204854
(0.4, -0.4, 0.8)204854
(0.4, -0.4, 0.8)204855
(0.4, -0.4, 0.8)204855
(0.4, -0.4, 0.8)204856
(0.4, -0.4, 0.8)204856
(0.4, -0.4, 0.8)204857
(0.4, -0.4, 0.8)204857
(0.4, -0.4, 0.8)204858
(0.4, -0.4, 0.8)204858
(0.4, -0.4, 0.8)204859
(0.4, -0.4, 0.8)204859
(0.4, -0.4, 0.8)204900
(0.4, -0.4, 0.8)204900
(0.4, -0.4, 0.8)204901
(0.4, -0.4, 0.8)204901
(0.4, -0.4, 0.8)204902
(0.4, -0.4, 0.8)204902
(0.4, -0.4, 0.8)204903
(0.4, -0.4, 0.8)204903
(0.4, -0.4, 0.8)204904
(0.4, -0.4, 0.8)204904
(0.4, -0.4, 0.8)204905
(0.4, -0.4, 0.8)204905
(0.4, -0.4, 0.8)204906
(0.4, -0.4, 0.8)204907
(0.4, -0.4, 0.8)204907
(0.4, -0.4, 0.8)204908
(0.4, -0.4, 0.8)204908
(0.4, -0.4, 0.8)204909
(0.4, -0.4, 0.8)204909
(0.4, -0.4, 0.8)204910
(0.4, -0.4, 0.8)204910
(0.4, -0.4, 0.8)204911
(0.4, -0.4, 0.8)204911
(0.4, -0.4, 0.8)204912
(0.4, -0.4, 0.8)204912
(0.4, -0.4, 0.8)204913
(0.4, -0.4, 0.8)204913
(0.4, -0.4, 0.8)204914
(0.4, -0.4, 0.8)204914
(0.4, -0.4, 0.8)204915
(0.4, -0.4, 0.8)204915
(0.4, -0.4, 0.8)204916
(0.4, -0.4, 0.8)204916
(0.4, -0.4, 0.8)204917
(0.4, -0.4, 0.8)204917
(0.4, -0.4, 0.8)204918
(0.4, -0.4, 0.8)204918
(0.4, -0.4, 0.8)204919
(0.4, -0.4, 0.8)204919
(0.4, -0.4, 0.8)204920
(0.4, -0.4, 0.8)204920
(0.4, -0.4, 0.8)204921
(0.4, -0.4, 0.8)204921
(0.4, -0.4, 0.8)204922
(0.4, -0.4, 0.8)204922
(0.4, -0.4, 0.8)204923
(0.4, -0.4, 0.8)204923
(0.4, -0.4, 0.8)204924
(0.4, -0.4, 0.8)204924
(0.4, -0.4, 0.8)204925
(0.4, -0.4, 0.8)204926
(0.4, -0.4, 0.8)204926
(0.4, -0.4, 0.8)204927
(0.4, -0.4, 0.8)204927
(0.4, -0.4, 0.8)204928
(0.4, -0.4, 0.8)204928
(0.4, -0.4, 0.8)204929
(0.4, -0.4, 0.8)204929
(0.4, -0.4, 0.8)204930
(0.4, -0.4, 0.8)204930
(0.4, -0.4, 0.8)204931
(0.4, -0.4, 0.8)204931
(0.4, -0.4, 0.8)204932
(0.4, -0.4, 0.8)204932
(0.4, -0.4, 0.8)204933
(0.4, -0.4, 0.8)204933
(0.4, -0.4, 0.8)204934
(0.4, -0.4, 0.8)204934
(0.4, -0.4, 0.8)204935
(0.4, -0.4, 0.8)204935
(0.4, -0.4, 0.8)204936
(0.4, -0.4, 0.8)204936
(0.4, -0.4, 0.8)204937
(0.4, -0.4, 0.8)204937
(0.4, -0.4, 0.8)204938
