(-0.7, 0.6, -0.3)20302095
(-0.7, 0.6, -0.3)20302146
(-0.7, 0.6, -0.3)20302196
(-0.7, 0.6, -0.3)20302248
(-0.7, 0.6, -0.3)20302299
(-0.7, 0.6, -0.3)20302350
(-0.8, 0.6, -0.1)20302401
(-0.6, 0.6, 0.5)20302452
(-0.6, 0.7, 0.5)20302505
(-0.6, 0.7, 0.5)20302555
(-0.6, 0.7, 0.5)20302606
(-0.6, 0.7, 0.5)20302656
(-0.6, 0.7, 0.5)20302706
(-0.6, 0.7, 0.5)20302757
(-0.6, 0.7, 0.5)20302807
(-0.6, 0.7, 0.5)20302859
(-0.6, 0.7, 0.5)20302909
(-0.6, 0.7, 0.5)20302959
(-0.6, 0.7, 0.5)20303010
(-0.6, 0.7, 0.5)20303061
(-0.6, 0.7, 0.5)20303112
(-0.6, 0.7, 0.5)20303163
(-0.6, 0.7, 0.5)20303215
(-0.6, 0.7, 0.5)20303266
(-0.6, 0.7, 0.5)20303317
(-0.6, 0.7, 0.5)20303368
(-0.6, 0.7, 0.5)20303419
(-0.6, 0.7, 0.5)20303470
(-0.6, 0.7, 0.5)20303521
(-0.6, 0.7, 0.5)20303571
(-0.6, 0.7, 0.5)20303623
(-0.6, 0.7, 0.5)20303673
(-0.6, 0.7, 0.5)20303724
(-0.6, 0.7, 0.5)20303776
(-0.6, 0.7, 0.5)20303827
(-0.6, 0.7, 0.5)20303877
(-0.6, 0.7, 0.5)20303928
(-0.6, 0.7, 0.5)20303980
(-0.6, 0.7, 0.5)20304032
(-0.6, 0.7, 0.5)20304083
(-0.6, 0.7, 0.5)20304134
(-0.6, 0.7, 0.5)20304186
(-0.6, 0.7, 0.5)20304236
(-0.6, 0.7, 0.5)20304287
(-0.6, 0.7, 0.5)20304339
(-0.6, 0.7, 0.5)20304390
(-0.6, 0.7, 0.5)20304441
(-0.6, 0.7, 0.5)20304492
(-0.6, 0.7, 0.5)20304542
(-0.6, 0.7, 0.5)20304593
(-0.6, 0.7, 0.5)20304643
(-0.6, 0.7, 0.5)20304695
(-0.6, 0.7, 0.5)20304745
(-0.6, 0.7, 0.5)20304796
(-0.6, 0.7, 0.5)20304847
(-0.6, 0.7, 0.5)20304898
(-0.6, 0.7, 0.5)20304949
(-0.6, 0.7, 0.5)20304999
(-0.6, 0.7, 0.5)20305050
(-0.6, 0.7, 0.5)20305102
(-0.6, 0.7, 0.5)20305152
(-0.6, 0.7, 0.5)20305203
(-0.6, 0.7, 0.5)20305254
(-0.6, 0.7, 0.5)20305305
(-0.6, 0.7, 0.5)20305355
(-0.6, 0.7, 0.5)20305405
(-0.6, 0.7, 0.5)20305456
(-0.6, 0.7, 0.5)20305507
(-0.6, 0.7, 0.5)20305557
(-0.6, 0.7, 0.5)20305608
(-0.6, 0.7, 0.5)20305658
(-0.6, 0.7, 0.5)20305710
(-0.6, 0.7, 0.5)20305761
(-0.6, 0.7, 0.5)20305813
(-0.6, 0.7, 0.5)20305863
(-0.6, 0.7, 0.5)20305914
(-0.6, 0.7, 0.5)20305965
(-0.6, 0.7, 0.5)20310017
(-0.6, 0.7, 0.5)20310067
(-0.6, 0.7, 0.5)20310118
(-0.6, 0.7, 0.5)20310169
(-0.6, 0.7, 0.5)20310220
(-0.6, 0.7, 0.5)20310271
(-0.6, 0.7, 0.5)20310322
(-0.6, 0.7, 0.5)20310373
(-0.6, 0.7, 0.5)20310424
(-0.6, 0.7, 0.5)20310475
(-0.6, 0.7, 0.5)20310526
(-0.6, 0.7, 0.5)20310577
(-0.6, 0.7, 0.5)20310628
(-0.6, 0.7, 0.5)20310679
(-0.6, 0.7, 0.5)20310731
(-0.6, 0.7, 0.5)20310782
(-0.6, 0.7, 0.5)20310832
(-0.6, 0.7, 0.5)20310884
(-0.6, 0.7, 0.5)20310934
(-0.6, 0.7, 0.5)20310985
(-0.6, 0.7, 0.5)20311036
(-0.6, 0.7, 0.5)20311088
(-0.6, 0.7, 0.5)20311138
(-0.6, 0.7, 0.5)20311189
(-0.6, 0.7, 0.5)20311239
(-0.6, 0.7, 0.5)20311289
(-0.6, 0.7, 0.5)20311340
(-0.6, 0.7, 0.5)20311390
(-0.6, 0.7, 0.5)20311442
(-0.6, 0.7, 0.5)20311493
(-0.6, 0.7, 0.5)20311543
(-0.6, 0.7, 0.5)20311594
(-0.6, 0.7, 0.5)20311644
(-0.6, 0.7, 0.5)20311696
(-0.6, 0.7, 0.5)20311746
(-0.6, 0.7, 0.5)20311797
(-0.6, 0.7, 0.5)20311847
(-0.6, 0.7, 0.5)20311898
(-0.6, 0.7, 0.5)20311948
(-0.6, 0.7, 0.5)20311999
(-0.6, 0.7, 0.5)20312051
(-0.6, 0.7, 0.5)20312101
(-0.6, 0.7, 0.5)20312152
(-0.6, 0.7, 0.5)20312203
(-0.6, 0.7, 0.5)20312254
(-0.6, 0.7, 0.5)20312304
(-0.6, 0.7, 0.5)20312355
(-0.6, 0.7, 0.5)20312406
(-0.6, 0.7, 0.5)20312456
(-0.6, 0.7, 0.5)20312506
(-0.6, 0.7, 0.5)20312557
(-0.6, 0.7, 0.5)20312611
(-0.6, 0.7, 0.5)20312663
(-0.6, 0.7, 0.5)20312716
(-0.6, 0.7, 0.5)20312767
(-0.6, 0.7, 0.5)20312817
(-0.6, 0.7, 0.5)20312868
(-0.6, 0.7, 0.5)20312920
(-0.6, 0.7, 0.5)20312971
(-0.6, 0.7, 0.5)20313022
(-0.6, 0.7, 0.5)20313072
(-0.6, 0.7, 0.5)20313123
(-0.6, 0.7, 0.5)20313173
(-0.6, 0.7, 0.5)20313225
(-0.6, 0.7, 0.5)20313276
(-0.6, 0.7, 0.5)20313327
(-0.6, 0.7, 0.5)20313378
(-0.6, 0.7, 0.5)20313429
(-0.6, 0.7, 0.5)20313480
(-0.6, 0.7, 0.5)20313531
(-0.6, 0.7, 0.5)20313583
(-0.6, 0.7, 0.5)20313633
(-0.6, 0.7, 0.5)20313684
(-0.6, 0.7, 0.5)20313734
(-0.6, 0.7, 0.5)20313785
(-0.6, 0.7, 0.5)20313836
(-0.6, 0.7, 0.5)20313887
(-0.6, 0.7, 0.5)20313937
(-0.6, 0.7, 0.5)20313988
(-0.6, 0.7, 0.5)20314038
(-0.6, 