(-0.8, 0.5, -0.3)20321975
(-0.8, 0.5, -0.3)20322028
(-0.8, 0.5, -0.3)20322079
(-0.8, 0.5, -0.3)20322129
(-0.8, 0.5, -0.3)20322180
(-0.8, 0.5, -0.3)20322230
(-0.8, 0.5, -0.3)20322281
(-0.8, 0.5, -0.3)20322333
(-0.8, 0.5, -0.3)20322384
(-0.8, 0.5, -0.3)20322435
(-0.8, 0.5, -0.3)20322485
(-0.8, 0.5, -0.3)20322536
(-0.8, 0.5, -0.3)20322587
(-0.8, 0.5, -0.3)20322638
(-0.8, 0.5, -0.3)20322689
(-0.8, 0.5, -0.3)20322740
(-0.8, 0.5, -0.3)20322791
(-0.8, 0.5, -0.3)20322842
(-0.8, 0.5, -0.3)20322893
(-0.8, 0.5, -0.3)20322944
(-0.8, 0.5, -0.3)20322995
(-0.8, 0.5, -0.3)20323046
(-0.8, 0.5, -0.3)20323098
(-0.8, 0.5, -0.3)20323148
(-0.8, 0.5, -0.3)20323198
(-0.8, 0.5, -0.3)20323249
(-0.8, 0.5, -0.3)20323300
(-0.8, 0.5, -0.3)20323351
(-0.8, 0.5, -0.3)20323401
(-0.8, 0.5, -0.3)20323452
(-0.8, 0.5, -0.3)20323503
(-0.8, 0.5, -0.3)20323553
(-0.8, 0.5, -0.3)20323604
(-0.8, 0.5, -0.3)20323655
(-0.8, 0.5, -0.3)20323707
(-0.8, 0.5, -0.3)20323757
(-0.8, 0.5, -0.3)20323808
(-0.8, 0.5, -0.3)20323858
(-0.8, 0.5, -0.3)20323909
(-0.8, 0.5, -0.3)20323959
(-0.8, 0.5, -0.3)20324010
(-0.8, 0.5, -0.3)20324062
(-0.8, 0.5, -0.3)20324112
(-0.8, 0.5, -0.3)20324163
(-0.8, 0.5, -0.3)20324214
(-0.8, 0.5, -0.3)20324264
(-0.8, 0.5, -0.3)20324315
(-0.8, 0.5, -0.3)20324365
(-0.8, 0.5, -0.3)20324416
(-0.8, 0.5, -0.3)20324466
(-0.8, 0.5, -0.3)20324517
(-0.8, 0.5, -0.3)20324568
(-0.8, 0.5, -0.3)20324619
(-0.8, 0.5, -0.3)20324669
(-0.8, 0.5, -0.3)20324719
(-0.8, 0.5, -0.3)20324770
(-0.8, 0.5, -0.3)20324821
(-0.8, 0.5, -0.3)20324872
(-0.8, 0.5, -0.3)20324941
(-0.5, 0.7, -0.5)20324990
(-0.5, 0.7, -0.5)20325040
(-0.5, 0.7, -0.5)20325091
(-0.5, 0.7, -0.5)20325141
(-0.5, 0.7, -0.5)20325191
(-0.5, 0.7, -0.5)20325242
(-0.5, 0.7, -0.5)20325292
(-0.5, 0.7, -0.5)20325343
(-0.5, 0.7, -0.5)20325393
(-0.5, 0.7, -0.5)20325444
(-0.5, 0.7, -0.5)20325495
(-0.5, 0.7, -0.5)20325546
(-0.5, 0.7, -0.5)20325596
(-0.4, 0.8, -0.5)20325646
(-0.2, 0.6, -0.8)20325697
(-0.2, 0.5, -0.9)20325747
(-0.2, 0.5, -0.9)20325798
(-0.7, 0.5, -0.4)20325848
(-0.8, 0.6, -0.1)20325899
(-0.7, 0.7, 0.1)20325949
(-0.8, 0.6, 0.0)20330000
(-0.8, 0.6, 0.0)20330051
(-0.8, 0.6, 0.0)20330102
(-0.8, 0.6, 0.0)20330152
(-0.8, 0.6, 0.0)20330204
(-0.8, 0.6, 0.0)20330254
(-0.8, 0.6, 0.0)20330305
(-0.8, 0.6, 0.0)20330355
(-0.8, 0.6, 0.0)20330407
(-0.8, 0.6, 0.0)20330460
(-0.8, 0.6, 0.0)20330510
(-0.8, 0.6, 0.0)20330561
(-0.8, 0.6, 0.0)20330612
(-0.8, 0.6, 0.0)20330663
(-0.8, 0.6, 0.0)20330714
(-0.8, 0.6, 0.0)20330764
(-0.8, 0.6, 0.0)20330814
(-0.8, 0.6, 0.0)20330865
(-0.8, 0.6, 0.0)20330915
(-0.8, 0.6, 0.0)20330967
(-0.8, 0.6, 0.0)20331017
(-0.8, 0.6, 0.0)20331068
(-0.8, 0.6, 0.0)20331118
(-0.8, 0.6, 0.0)20331169
(-0.8, 0.6, 0.0)20331221
(-0.8, 0.6, 0.0)20331271
(-0.8, 0.6, 0.0)20331322
(-0.8, 0.6, 0.0)20331373
(-0.8, 0.6, 0.0)20331425
(-0.8, 0.6, 0.0)20331477
(-0.8, 0.6, 0.0)20331528
(-0.8, 0.6, 0.0)20331578
(-0.8, 0.6, 0.0)20331629
(-0.8, 0.6, 0.0)20331680
(-0.8, 0.6, 0.0)20331731
(-0.8, 0.6, 0.0)20331781
(-0.8, 0.6, 0.0)20331831
(-0.8, 0.6, 0.0)20331882
(-0.8, 0.6, 0.0)20331933
(-0.8, 0.6, 0.0)20331984
(-0.8, 0.6, 0.0)20332036
(-0.8, 0.6, 0.0)20332087
(-0.8, 0.6, 0.0)20332137
(-0.8, 0.6, 0.0)20332188
(-0.8, 0.6, 0.0)20332240
(-0.8, 0.6, 0.0)20332292
(-0.8, 0.6, 0.0)20332343
(-0.8, 0.6, 0.0)20332394
(-0.8, 0.6, 0.0)20332444
(-0.8, 0.6, 0.0)20332495
(-0.8, 0.6, 0.0)20332546
(-0.8, 0.6, 0.0)20332597
(-0.8, 0.6, 0.0)20332647
(-0.8, 0.6, 0.0)20332698
(-0.8, 0.6, 0.0)20332750
(-0.8, 0.6, 0.0)20332800
(-0.8, 0.6, 0.0)20332851
(-0.8, 0.6, 0.0)20332902
(-0.8, 0.6, 0.0)20332952
(-0.8, 0.6, 0.0)20333004
(-0.8, 0.6, 0.0)20333054
(-0.8, 0.6, 0.0)20333105
(-0.8, 0.6, 0.0)20333155
(-0.8, 0.6, 0.0)20333206
(-0.8, 0.6, 0.0)20333256
(-0.8, 0.6, 0.0)20333307
(-0.8, 0.6, 0.0)20333357
(-0.8, 0.6, 0.0)20333408
(-0.8, 0.6, 0.0)20333459
(-0.8, 0.6, 0.0)20333509
(-0.8, 0.6, 0.0)20333559
(-0.8, 0.6, 0.0)20333610
(-0.8, 0.6, 0.0)20333661
(-0.8, 0.6, 0.0)20333712
(-0.8, 0.6, 0.0)20333763
(-0.8, 0.6, 0.