(-0.9, -0.3, -0.3)20440965
(-0.9, -0.3, -0.3)20441019
(-0.9, -0.3, -0.3)20441070
(-0.9, -0.3, -0.3)20441121
(-0.9, -0.3, -0.3)20441172
(-0.9, -0.3, -0.3)20441223
(-0.9, -0.3, -0.3)20441274
(-0.9, -0.3, -0.3)20441325
(-0.9, -0.3, -0.3)20441376
(-0.9, -0.3, -0.3)20441426
(-0.9, -0.3, -0.3)20441477
(-0.9, -0.3, -0.3)20441528
(-0.9, -0.3, -0.3)20441580
(-0.9, -0.3, -0.3)20441631
(-0.9, -0.3, -0.3)20441682
(-0.9, -0.2, 0.3)20441734
(0.0, -0.3, -1.0)20441784
(0.7, -0.1, -0.7)20441835
(0.3, 0.0, -0.9)20441886
(0.4, 0.1, -0.9)20441937
(0.3, 0.1, -0.9)20441987
(0.3, 0.1, -0.9)20442038
(0.3, 0.1, -0.9)20442088
(0.3, 0.1, -0.9)20442141
(0.3, 0.1, -0.9)20442191
(0.3, 0.1, -0.9)20442241
(0.3, 0.1, -0.9)20442291
(0.3, 0.1, -0.9)20442342
(0.3, 0.1, -0.9)20442393
(0.3, 0.1, -0.9)20442443
(0.3, 0.1, -0.9)20442494
(0.3, 0.1, -0.9)20442545
(0.3, 0.1, -0.9)20442595
(0.3, 0.1, -0.9)20442646
(0.3, 0.1, -0.9)20442696
(0.3, 0.1, -0.9)20442747
(0.3, 0.1, -0.9)20442798
(0.3, 0.1, -0.9)20442849
(0.