(-0.9, -0.3, -0.3)20445966
(-0.9, -0.3, -0.3)20450017
(-0.9, -0.3, -0.3)20450067
(-0.9, -0.3, -0.3)20450118
(-0.9, -0.3, -0.3)20450169
(-0.9, -0.3, -0.3)20450220
(-0.9, -0.3, -0.3)20450271
(-0.9, -0.3, -0.3)20450321
(-0.9, -0.3, -0.3)20450372
(-0.9, -0.3, -0.3)20450424
(-0.9, -0.3, -0.3)20450475
(-0.9, -0.3, -0.3)20450525
(-0.9, -0.3, -0.3)20450576
(-0.9, -0.3, -0.3)20450627
(-0.9, -0.3, -0.3)20450678
(-0.9, -0.3, -0.3)20450728
(-0.9, -0.3, -0.3)20450779
(-0.9, -0.3, -0.3)20450829
(-0.9, -0.3, -0.3)20450879
(-0.9, -0.3, -0.3)20450930
(-0.9, -0.3, -0.3)20450980
(-0.9, -0.3, -0.3)20451031
(-0.9, -0.3, -0.3)20451081
(-0.9, -0.3, -0.3)20451132
(-0.9, -0.3, -0.3)20451184
(-0.9, -0.3, -0.3)20451234
(-0.9, -0.3, -0.3)20451285
(-0.9, -0.3, -0.3)20451336
(-0.9, -0.3, -0.3)20451386
(-0.9, -0.3, -0.3)20451437
(-0.9, -0.3, -0.3)20451488
(-0.9, -0.3, -0.3)20451539
(-0.9, -0.3, -0.3)20451589
(-0.9, -0.3, -0.3)20451639
(-0.9, -0.3, -0.3)20451690
(-0.9, -0.3, -0.3)20451741
(-0.9, -0.3, -0.3)20451793
(-0.9, -0.3, -0.3)20451844
(-0.9, -0.3, -0.3)20451896
(-0.9, -0.3, -0.3)20451947
(-0.9, -0.3, -0.3)20451996
(-0.9, -0.3, -0.3)20452048
(-0.9, -0.3, -0.3)20452098
(-0.9, -0.3, -0.3)20452148
(-0.9, -0.3, -0.3)20452199
(-0.9, -0.3, -0.3)20452250
(-0.9, -0.3, -0.3)20452301
(-0.9, -0.3, -0.3)20452351
(-0.9, -0.3, -0.3)20452401
(-0.9, -0.3, -0.3)20452451
(-0.9, -0.3, -0.3)20452502
(-0.9, -0.3, -0.3)20452553
(-0.9, -0.3, -0.3)20452604
(-0.9, -0.3, -0.3)20452656
(-0.9, -0.3, -0.3)20452707
(-0.9, -0.3, -0.3)20452758
(-0.9, -0.3, -0.3)20452809
(-0.9, -0.3, -0.3)20452860
(-0.9, -0.3, -0.3)20452910
(-0.9, -0.3, -0.3)20452961
(-0.9, -0.3, -0.3)20453011
(-0.9, -0.3, -0.3)20453063
(-0.9, -0.3, -0.3)20453114
(-0.9, -0.3, -0.3)20453165
(-0.9, -0.3, -0.3)20453216
(-0.9, -0.3, -0.3)20453268
(-0.9, -0.2, -0.4)20453319
(-0.3, -0.6, -0.7)20453370
(-0.3, -0.6, -0.8)20453421
(-0.1, -0.6, -0.8)20453471
(0.1, -0.8, -0.6)20453521
(-0.1, -0.9, -0.5)20453572
(0.7, -0.5, -0.6)20453622
(0.5, -0.5, -0.7)20453673
(0.5, -0.5, -0.7)20453724
(0.5, -0.5, -0.7)20453774
(0.5, -0.5, -0.7)20453825
(0.5, -0.5, -0.7)20453876
(0.5, -0.5, -0.7)20453926
(0.5, -0.5, -0.7)20453977
(0.5, -0.5, -0.7)20454027
(0.5, -0.5, -0.7)20454077
(0.5, -0.5, -0.7)20454128
(0.5, -0.5, -0.7)20454178
(0.5, -0.5, -0.7)20454229
(0.5, -0.5, -0.7)20454280
(0.5, -0.5, -0.7)20454331
(0.5, -0.5, -0.7)20454381
(0.5, -0.5, -0.7)20454433
(0.9, 0.0, -0.5)20454483
(0.0, -0.9, -0.5)20454534
(-0.1, -0.8, -0.6)20454584
(-0.3, -0.3, -0.9)20454635
(-0.3, -0.4, -0.9)20454686
(-0.3, -0.3, -0.9)20454736
(-0.3, -0.3, -0.9)20454787
(-0.3, -0.3, -0.9)20454837
(-0.3, -0.3, -0.9)20454888
(-0.3, -0.6, -0.8)20454938
(-0.7, -0.7, -0.1)20454988
(-0.8, -0.6, 0.1)20455039
(-0.7, -0.7, 0.1)20455090
(-0.7, -0.7, 0.1)20455141
(-0.7, -0.7, 0.1)20455193
(-0.7, -0.7, 0.1)20455244
(-0.7, -0.7, 0.1)20455294
(-0.7, -0.7, 0.1)20455345
(-0.7, -0.7, 0.1)20455397
(-0.7, -0.7, 0.1)20455447
(-0.7, -0.7, 0.1)20455498
(-0.7, -0.7, 0.1)20455549
(-0.7, -0.7, 0.1)20455602
(-0.7, -0.7, 0.1)20455652
(-0.7, -0.7, 0.1)20455702
(-0.7, -0.7, 0.1)20455752
(-0.7, -0.7, 0.1)20455803
(-0.7, -0.7, 0.1)20455853
(-0.7, -0.7, 0.1)20455905
(-0.7, -0.7, 0.1)20455957
(-0.7, -0.7, 0.1)20460007
(-0.7, -0.7, 0.1)20460058
(-0.7, -0.7, 0.1)20460109
(-0.7, -0.7, 0.1)20460160
(-0.7, -0.7, 0.1)20460212
(-0.7, -0.7, 0.1)20460262
(-0.7, -0.7, 0.1)20460313
(-0.7, -0.7, 0.1)20460363
(-0.7, -0.7, 0.1)20460414
(-0.7, -0.7, 0.1)20460466
(-0.7, -0.7, 0.1)20460517
(-0.7, -0.7, 0.1)20460567
(-0.7, -0.7, 0.1)20460617
(-0.7, -0.7, 0.1)20460668
(-0.7, -0.7, 0.1)20460718
(-0.7, -0.7, 0.1)20460769
(-0.7, -0.7, 0.1)20460820
(-0.7, -0.7, 0.1)20460871
(-0.7, -0.7, 0.1)20460923
(-0.7, -0.7, 0.1)20460975
(-0.7, -0.7, 0.1)20461025
(-0.7, -0.7, 0.1)20461076
(-0.7, -0.7, 0.1)20461127
(-0.7, -0.7, 0.1)20461178
(-0.7, -0.7, 0.1)20461229
(-0.7, -0.7, 0.1)20461279
(-0.7, -0.7, 0.1)20461330
(-0.7, -0.7, 0.1)20461381
(-0.7, -0.7, 0.1)20461432
(-0.7, -0.7, 0.1)20461485
(-0.7, -0.7, 0.1)20461535
(-0.7, -0.7, 0.1)20461587
(-0.7, -0.7, 0.1)20461637
(-0.7, -0.7, 0.1)20461688
(-0.7, -0.7, 0.1)20461738
(-0.7, -0.7, 0.1)20461789
(-0.7, -0.7, 0.1)20461840
(-0.7, -0.7, 0.1)20461891
(-0.7, -0.7, 0.1)20461943
(-0.7, -0.7, 0.1)20461993
(-0.7, -0.7, 0.1)20462045
(-0.7, -0.7, 0.1)20462096
(-0.7, -0.7, 0.1)20462146
(-0.7, -0.7, 0.1)20462200
(-0.7, -0.7, 0.1)20462251
(-0.7, -0.7, 0.1)20462301
(-0.7, -0.7, 0.1)20462352
(-0.7, -0.7, 0.1)20462404
(-0.7, -0.7, 0.1)20462456
(-0.7, -0.7, 0.1)20462507
(-0.7, -0.7, 0.1)20462558
(-0.7, -0.7, 0.1)20462609
(-0.7, -0.7, 0.1)20462660
(-0.7, -0.7, 0.1)20462711
(-0.7, -0.7, 0.1)20462762
(-0.7, -0.7, 0.1)20462812
(-0.7, -0.7, 0.1)20462865
(-0.7, -0.7, 0.1)20462915
(-0.7, -0.7, 0.1)20462966
(-0.7, -0.7, 0.1)20463017
(-0.7, -0.7, 0.1)20463067
(-0.7, -0.7, 0.1)20463118
(-0.7, -0.7, 0.1)20463169
(-0.7, -0.7, 0.1)20463220
(-0.7, -0.7, 0.1)20463272
(-0.7, -0.7, 0.1)20463322
(-0.7, -0.7, 0.1)20463373
(-0.7, -0.7, 0.1)20463424
(-0.7, -0.7, 0.1)20463475
(-0.7, -0.7, 0.1)20463526
(-0.7, -0.7, 0.1)20463576
(-0.7, -0.7, 0.1)20463627
(-0.7, -0.7, 0.1)20463678
(-0.7, -0.7, 0.1)20463729
(-0.7, -0.7, 0.1)20463780
(-0.7, -0.7, 0.1)20463831
(-0.7, -0.7, 0.1)20463882
(-0.7, -0.7, 0.1)20463932
(-0.7, -0.7, 0.1)20463983
(-0.7, -0.7, 0.1)20464033
(-0.7, -0.7, 0.1)20464084
(-0.7, -0.7, 0.1)20464134
(-0.7, -0.7, 0.1)20464185
(-0.7, -0.7, 0.1)20464247
(-0.7, -0.7, 0.1)20464296
(-0.7, -0.7, 0.1)20464347
(-0.7, -0.7, 0.1)20464465
(-0.7, -0.7, 0.1)20464514
(-0.7, -0.7, 0.1)20464564
(-0.7, -0.7, 0.1)20464615
(-0.7, -0.7, 0.1)20464665
(-0.7, -0.7, 0.1)20464716
(-0.7, -0.7, 0.1)20464767
(-0.7, -0.7, 0.1)20464818
(-0.7, -0.7, 0.1)20464868
(-0.7, -0.7, 0.1)20464919
(-0.7, -0.7, 0.1)20464969
(-0.7, -0.7, 0.1)20465020
(-0.7, -0.7, 0.1)20465081
(-0.7, -0.7, 0.1)20465147
(-0.7, -0.7, 0.1)20465197
(-0.7, -0.7, 0.1)20465248
(-0.7, -0.7, 0.1)20465298
(-0.7, -0.7, 0.1)20465349
(-0.7, -0.7, 0.1)20465400
(-0.7, -0.7, 0.1)20465451
(-0.7, -0.7, 0.1)20465502
(-0.7, -0.7, 0.1)20465553
(-0.7, -0.7, 0.1)20465603
(-0.7, -0.7, 0.1)20465655
(-0.7, -0.7, 0.1)20465706
(-0.7, -0.7, 0.1)20465758
(-0.7, -0.7, 0.1)20465967
(-0.7, -0.7, 0.1)20470018
(-0.7, -0.7, 0.1)20470069
(-0.7, -0.7, 0.1)20470120
(-0.7, -0.7, 0.1)20470171
(-0.7, -0.7, 0.1)20470222
(-0.7, -0.7, 0.1)20470273
(-0.7, -0.7, 0.1)20470324
(-0.7, -0.7, 0.1)20470374
(-0.7, -0.7, 0.1)20470425
(-0.7, -0.7, 0.1)20470476
(-0.7, -0.7, 0.1)20470527
(-0.7, -0.7, 0.1)20470578
(-0.7, -0.7, 0.1)20470629
(-0.7, -0.7, 0.1)20470682
(-0.7, -0.7, 0.1)20470732
(-0.7, -0.7, 0.1)20470783
(-0.7, -0.7, 0.1)20470837
(-0.7, -0.7, 0.1)20470888
(-0.7, -0.7, 0.1)20470938
(-0.7, -0.7, 0.1)20470989
(-0.7, -0.7, 0.1)20471081
(-0.7, -0.7, 0.1)20471131
(-0.7, -0.7, 0.1)20471181
(-0.7, -0.7, 0.1)20471232
(-0.7, -0.7, 0.1)20471291
(-0.7, -0.7, 0.1)20471341
(-0.7, -0.7, 0.1)20471391
(-0.7, -0.7, 0.1)20471442
(-0.7, -0.7, 0.1)20471619
(-0.7, -0.7, 0.1)20471671
(-0.7, -0.7, 0.1)20471722
(-0.7, -0.7, 0.1)20471773
(-0.7, -0.7, 0.1)20471824
(-0.7, -0.7, 0.1)20471874
(-0.7, -0.7, 0.1)20471926
(-0.7, -0.7, 0.1)20471977
(-0.7, -0.7, 0.1)20472028
(-0.7, -0.7, 0.1)20472078
(-0.7, -0.7, 0.1)20472129
(-0.7, -0.7, 0.1)20472181
(-0.7, -0.7, 0.1)20472231
(-0.7, -0.7, 0.1)20472281
(-0.7, -0.7, 0.1)20472333
(-0.7, -0.7, 0.1)20472384
(-0.7, -0.7, 0.1)20472434
(-0.7, -0.7, 0.1)20472485
(-0.7, -0.7, 0.1)20472535
(-0.7, -0.7, 0.1)20472586
(-0.7, -0.7, 0.1)20472637
(-0.7, -0.7, 0.1)20472688
(-0.7, -0.7, 0.1)20472739
(-0.7, -0.7, 0.1)20472790
(-0.7, -0.7, 0.1)20472841
(-0.7, -0.7, 0.1)20472893
(-0.7, -0.7, 0.1)20472943
(-0.7, -0.7, 0.1)20472994
(-0.7, -0.7, 0.1)20473044
(-0.7, -0.7, 0.1)20473096
(-0.7, -0.7, 0.1)20473147
(-0.7, -0.7, 0.1)20473198
(-0.7, -0.7, 0.1)20473249
(-0.7, -0.7, 0.1)20473300
(-0.7, -0.7, 0.1)20473350
(-0.7, -0.7, 0.1)20473402
(-0.7, -0.7, 0.1)20473453
(-0.7, -0.7, 0.1)20473503
(-0.7, -0.7, 0.1)20473554
(-0.7, -0.7, 0.1)20473605
(-0.7, -0.7, 0.1)20473656
(-0.7, -0.7, 0.1)20473707
(-0.7, -0.7, 0.1)20473757
(-0.7, -0.7, 0.1)20473807
(-0.7, -0.7, 0.1)20474016
(-0.7, -0.7, 0.1)20474282
(-0.7, -0.7, 0.1)20474333
(-0.7, -0.7, 0.1)20474384
(-0.7, -0.7, 0.1)20474435
(-0.7, -0.7, 0.1)20474486
(-0.7, -0.7, 0.1)20474538
(-0.7, -0.7, 0.1)20474590
(-0.7, -0.7, 0.1)20474641
(-0.7, -0.7, 0.1)20474692
(-0.7, -0.7, 0.1)20474743
(-0.7, -0.7, 0.1)20474794
(-0.7, -0.7, 0.1)20474845
(-0.7, -0.7, 0.1)20474896
(-0.7, -0.7, 0.1)20474947
(-0.7, -0.7, 0.1)20474998
(-0.7, -0.7, 0.1)20475049
(-0.7, -0.7, 0.1)20475101
(-0.7, -0.7, 0.1)20475152
(-0.7, -0.7, 0.1)20475202
(-0.7, -0.7, 0.1)20475252
(-0.7, -0.7, 0.1)20475302
(-0.7, -0.7, 0.1)20475353
(-0.7, -0.7, 0.1)20475404
(-0.7, -0.7, 0.1)20475455
(-0.7, -0.7, 0.1)20475505
(-0.7, -0.7, 0.1)20475556
(-0.7, -0.7, 0.1)20475608
(-0.7, -0.7, 0.1)20475658
(-0.7, -0.7, 0.1)20475709
(-0.7, -0.7, 0.1)20475937
(-0.7, -0.7, 0.1)20475987
(-0.7, -0.7, 0.1)20480038
(-0.7, -0.7, 0.1)20480088
(-0.7, -0.7, 0.1)20480139
(-0.7, -0.7, 0.1)20480190
(-0.7, -0.7, 0.1)20480241
(-0.7, -0.7, 0.1)20480292
(-0.7, -0.7, 0.1)20480342
(-0.7, -0.7, 0.1)20480395
(-0.7, -0.7, 0.1)20480446
(-0.7, -0.7, 0.1)20480497
(-0.7, -0.7, 0.1)20480648
(-0.7, -0.7, 0.1)20480698
(-0.7, -0.7, 0.1)20480748
(-0.7, -0.7, 0.1)20480800
(-0.7, -0.7, 0.1)20480853
(-0.7, -0.7, 0.1)20480904
(-0.7, -0.7, 0.1)20480956
(-0.7, -0.7, 0.1)20481007
(-0.7, -0.7, 0.1)20481057
(-0.7, -0.7, 0.1)20481108
(-0.7, -0.7, 0.1)20481160
(-0.7, -0.7, 0.1)20481210
(-0.7, -0.7, 0.1)20481263
(-0.7, -0.7, 0.1)20481313
(-0.7, -0.7, 0.1)20481363
(-0.7, -0.7, 0.1)20481414
(-0.7, -0.7, 0.1)20481465
(-0.7, -0.7, 0.1)20481515
(-0.7, -0.7, 0.1)20481677
(-0.7, -0.7, 0.1)20481727
(-0.7, -0.7, 0.1)20481778
(-0.7, -0.7, 0.1)20481828
(-0.7, -0.7, 0.1)20481878
(-0.7, -0.7, 0.1)20481929
(-0.7, -0.7, 0.1)20481980
(-0.7, -0.7, 0.1)20482031
(-0.7, -0.7, 0.1)20482081
(-0.7, -0.7, 0.1)20482132
(-0.7, -0.7, 0.1)20482183
(-0.7, -0.7, 0.1)20482234
(-0.7, -0.7, 0.1)20482284
(-0.7, -0.7, 0.1)20482335
(-0.7, -0.7, 0.1)20482385
(-0.7, -0.7, 0.1)20482436
(-0.7, -0.7, 0.1)20482486
(-0.7, -0.7, 0.1)20482536
(-0.7, -0.7, 0.1)20482587
(-0.7, -0.7, 0.1)20482638
(-0.7, -0.7, 0.1)20482689
(-0.7, -0.7, 0.1)20482741
(-0.7, -0.7, 0.1)20482791
(-0.7, -0.7, 0.1)20482842
(-0.7, -0.7, 0.1)20482893
(-0.7, -0.7, 0.1)20482968
(-0.7, -0.7, 0.1)20483018
(-0.7, -0.7, 0.1)20483068
(-0.7, -0.7, 0.1)20483120
(-0.7, -0.7, 0.1)20483172
(-0.7, -0.7, 0.1)20483223
(-0.7, -0.7, 0.1)20483273
(-0.7, -0.7, 0.1)20483324
(-0.7, -0.7, 0.1)20483375
(-0.7, -0.7, 0.1)20483426
(-0.7, -0.7, 0.1)20483476
(-0.7, -0.7, 0.1)20483527
(-0.7, -0.7, 0.1)20483578
(-0.7, -0.7, 0.1)20483629
(-0.7, -0.7, 0.1)20483679
(-0.7, -0.7, 0.1)20483730
(-0.7, -0.7, 0.1)20483780
(-0.7, -0.7, 0.1)20483831
(-0.7, -0.7, 0.1)20483882
(-0.7, -0.7, 0.1)20483932
(-0.7, -0.7, 0.1)20483982
(-0.7, -0.7, 0.1)20484033
(-0.7, -0.7, 0.1)20484084
(-0.7, -0.7, 0.1)20484134
(-0.7, -0.7, 0.1)20484185
(-0.7, -0.7, 0.1)20484236
(-0.7, -0.7, 0.1)20484287
(-0.7, -0.7, 0.1)20484337
(-0.7, -0.7, 0.1)20484387
(-0.7, -0.7, 0.1)20484438
(-0.7, -0.7, 0.1)20484488
(-0.7, -0.7, 0.1)20484538
(-0.7, -0.7, 0.1)20484589
(-0.7, -0.7, 0.1)20484639
(-0.7, -0.7, 0.1)20484690
(-0.7, -0.7, 0.1)20484741
(-0.7, -0.7, 0.1)20484792
(-0.7, -0.7, 0.1)20484843
(-0.7, -0.7, 0.1)20484894
(-0.7, -0.7, 0.1)20484945
(-0.7, -0.7, 0.1)20484996
(-0.7, -0.7, 0.1)20485046
(-0.7, -0.7, 0.1)20485096
(-0.7, -0.7, 0.1)20485146
(-0.7, -0.7, 0.1)20485198
(-0.7, -0.7, 0.1)20485249
(-0.7, -0.7, 0.1)20485300
(-0.7, -0.7, 0.1)20485351
(-0.7, -0.7, 0.1)20485401
(-0.7, -0.7, 0.1)20485451
(-0.7, -0.7, 0.1)20485502
(-0.7, -0.7, 0.1)20485552
(-0.7, -0.7, 0.1)20485603
(-0.7, -0.7, 0.1)20485653
(-0.7, -0.7, 0.1)20485703
(-0.7, -0.7, 0.1)20485755
(-0.7, -0.7, 0.1)20485806
(-0.7, -0.7, 0.1)20485857
(-0.7, -0.7, 0.1)20485907
(-0.7, -0.7, 0.1)20485959
(-0.7, -0.7, 0.1)20490009
(-0.7, -0.7, 0.1)20490060
(-0.7, -0.7, 0.1)20490110
(-0.7, -0.7, 0.1)20490160
(-0.7, -0.7, 0.1)20490211
(-0.7, -0.7, 0.1)20490262
(-0.7, -0.7, 0.1)20490315
(-0.7, -0.7, 0.1)20490365
(-0.7, -0.7, 0.1)20490416
(-0.7, -0.7, 0.1)20490467
(-0.7, -0.7, 0.1)20490517
(-0.7, -0.7, 0.1)20490568
(-0.7, -0.7, 0.1)20490619
(-0.7, -0.7, 0.1)20490670
(-0.7, -0.7, 0.1)20490720
(-0.7, -0.7, 0.1)20490846
(-0.7, -0.7, 0.1)20490896
(-0.7, -0.7, 0.1)20490946
(-0.7, -0.7, 0.1)20490997
(-0.7, -0.7, 0.1)20491048
(-0.7, -0.7, 0.1)20491098
(-0.7, -0.7, 0.1)20491149
(-0.7, -0.7, 0.1)20491200
(-0.7, -0.7, 0.1)20491251
(-0.7, -0.7, 0.1)20491434
(-0.7, -0.7, 0.1)20491484
(-0.7, -0.7, 0.1)20491534
(-0.7, -0.7, 0.1)20491585
(-0.7, -0.7, 0.1)20491635
(-0.7, -0.7, 0.1)20491686
(-0.7, -0.7, 0.1)20491736
(-0.7, -0.7, 0.1)20491787
(-0.7, -0.7, 0.1)20491838
(-0.7, -0.7, 0.1)20491888
(-0.7, -0.7, 0.1)20491939
(-0.7, -0.7, 0.1)20491990
(-0.7, -0.7, 0.1)20492040
(-0.7, -0.7, 0.1)20492091
(-0.7, -0.7, 0.1)20492142
(-0.7, -0.7, 0.1)20492193
(-0.7, -0.7, 0.1)20492244
(-0.7, -0.7, 0.1)20492294
(-0.7, -0.7, 0.1)20492345
(-0.7, -0.7, 0.1)20492395
(-0.7, -0.7, 0.1)20492445
(-0.7, -0.7, 0.1)20492496
(-0.7, -0.7, 0.1)20492547
(-0.7, -0.7, 0.1)20492598
(-0.7, -0.7, 0.1)20492649
(-0.7, -0.7, 0.1)20492700
(-0.7, -0.7, 0.1)20492750
(-0.7, -0.7, 0.1)20492802
(-0.7, -0.7, 0.1)20492853
(-0.7, -0.7, 0.1)20492904
(-0.7, -0.7, 0.1)20492954
(-0.7, -0.7, 0.1)20493006
(-0.7, -0.7, 0.1)20493056
(-0.7, -0.7, 0.1)20493106
(-0.7, -0.7, 0.1)20493158
(-0.7, -0.7, 0.1)20493208
(-0.7, -0.7, 0.1)20493259
(-0.7, -0.7, 0.1)20493309
(-0.7, -0.7, 0.1)20493360
(-0.7, -0.7, 0.1)20493412
(-0.7, -0.7, 0.1)20493463
(-0.7, -0.7, 0.1)20493513
(-0.7, -0.7, 0.1)20493564
(-0.7, -0.7, 0.1)20493615
(-0.7, -0.7, 0.1)20493665
(-0.7, -0.7, 0.1)20493716
(-0.7, -0.7, 0.1)20493766
(-0.7, -0.7, 0.1)20493818
(-0.7, -0.7, 0.1)20493870
(-0.7, -0.7, 0.1)20493920
(-0.7, -0.7, 0.1)20493971
(-0.7, -0.7, 0.1)20494022
(-0.7, -0.7, 0.1)20494072
(-0.7, -0.7, 0.1)20494123
(-0.7, -0.7, 0.1)20494173
(-0.7, -0.7, 0.1)20494224
(-0.7, -0.7, 0.1)20494274
(-0.7, -0.7, 0.1)20494325
(-0.7, -0.7, 0.1)20494376
(-0.7, -0.7, 0.1)20494427
(-0.7, -0.7, 0.1)20494478
(-0.7, -0.7, 0.1)20494530
(-0.7, -0.7, 0.1)20494581
(-0.7, -0.7, 0.1)20494631
(-0.7, -0.7, 0.1)20494682
(-0.7, -0.7, 0.1)20494733
(-0.7, -0.7, 0.1)20494783
(-0.7, -0.7, 0.1)20494834
(-0.7, -0.7, 0.1)20494885
(-0.7, -0.7, 0.1)20494936
(-0.7, -0.7, 0.1)20494986
(-0.7, -0.7, 0.1)20495037
(-0.7, -0.7, 0.1)20495089
(-0.7, -0.7, 0.1)20495139
(-0.7, -0.7, 0.1)20495190
(-0.7, -0.7, 0.1)20495242
(-0.7, -0.7, 0.1)20495292
(-0.7, -0.7, 0.1)20495342
(-0.7, -0.7, 0.1)20495454
(-0.7, -0.7, 0.1)20495505
(-0.7, -0.7, 0.1)20495556
(-0.7, -0.7, 0.1)20495607
(-0.7, -0.7, 0.1)20495657
(-0.7, -0.7, 0.1)20495708
(-0.7, -0.7, 0.1)20495758
(-0.7, -0.7, 0.1)20495808
(-0.7, -0.7, 0.1)20495859
(-0.7, -0.7, 0.1)20495988
(-0.7, -0.7, 0.1)20500039
(-0.7, -0.7, 0.1)20500090
(-0.7, -0.7, 0.1)20500142
(-0.7, -0.7, 0.1)20500193
(-0.7, -0.7, 0.1)20500243
(-0.7, -0.7, 0.1)20500293
(-0.7, -0.7, 0.1)20500345
(-0.7, -0.7, 0.1)20500396
(-0.7, -0.7, 0.1)20500446
(-0.7, -0.7, 0.1)20500497
(-0.7, -0.7, 0.1)20500548
(-0.7, -0.7, 0.1)20500599
(-0.7, -0.7, 0.1)20500651
(-0.7, -0.7, 0.1)20500701
(-0.7, -0.7, 0.1)20500752
(-0.7, -0.7, 0.1)20500802
(-0.7, -0.7, 0.1)20500853
(-0.7, -0.7, 0.1)20501063
(-0.7, -0.7, 0.1)20501113
(-0.7, -0.7, 0.1)20501163
(-0.7, -0.7, 0.1)20501214
(-0.7, -0.7, 0.1)20501265
(-0.7, -0.7, 0.1)20501316
(-0.7, -0.7, 0.1)20501367
(-0.7, -0.7, 0.1)20501418
(-0.7, -0.7, 0.1)20501468
(-0.7, -0.7, 0.1)20501519
(-0.7, -0.7, 0.1)20501570
(-0.7, -0.7, 0.1)20501621
(-0.7, -0.7, 0.1)20501672
(-0.7, -0.7, 0.1)20501723
(-0.7, -0.7, 0.1)20501774
(-0.7, -0.7, 0.1)20501825
(-0.7, -0.7, 0.1)20501876
(-0.7, -0.7, 0.1)20501928
(-0.7, -0.7, 0.1)20501978
(-0.7, -0.7, 0.1)20502029
(-0.7, -0.7, 0.1)20502080
(-0.7, -0.7, 0.1)20502130
(-0.7, -0.7, 0.1)20502181
(-0.7, -0.7, 0.1)20502232
(-0.7, -0.7, 0.1)20502282
(-0.7, -0.7, 0.1)20502335
(-0.7, -0.7, 0.1)20502386
(-0.7, -0.7, 0.1)20502436
(-0.7, -0.7, 0.1)20502487
(-0.7, -0.7, 0.1)20502538
(-0.7, -0.7, 0.1)20502588
(-0.7, -0.7, 0.1)20502639
(-0.7, -0.7, 0.1)20502690
(-0.7, -0.7, 0.1)20502743
(-0.7, -0.7, 0.1)20502794
(-0.7, -0.7, 0.1)20502844
(-0.7, -0.7, 0.1)20502895
(-0.7, -0.7, 0.1)20502946
(-0.7, -0.7, 0.1)20502997
(-0.7, -0.7, 0.1)20503048
(-0.7, -0.7, 0.1)20503099
(-0.7, -0.7, 0.1)20503150
(-0.7, -0.7, 0.1)20503201
(-0.7, -0.7, 0.1)20503253
(-0.7, -0.7, 0.1)20503304
(-0.7, -0.7, 0.1)20503355
(-0.7, -0.7, 0.1)20503405
(-0.7, -0.7, 0.1)20503457
(-0.7, -0.7, 0.1)20503507
(-0.7, -0.7, 0.1)20503558
(-0.7, -0.7, 0.1)20503609
(-0.7, -0.7, 0.1)20503660
(-0.7, -0.7, 0.1)20503710
(-0.7, -0.7, 0.1)20503761
(-0.7, -0.7, 0.1)20503811
(-0.7, -0.7, 0.1)20503862
(-0.7, -0.7, 0.1)20503913
(-0.7, -0.7, 0.1)20503963
(-0.7, -0.7, 0.1)20504013
(-0.7, -0.7, 0.1)20504064
(-0.7, -0.7, 0.1)20504114
(-0.7, -0.7, 0.1)20504164
(-0.7, -0.7, 0.1)20504215
(-0.7, -0.7, 0.1)20504