(0.6, -0.2, 0.8)205059
(0.6, -0.2, 0.8)205059
(0.6, -0.2, 0.8)205100
(0.6, -0.2, 0.8)205100
(0.6, -0.2, 0.8)205101
(0.6, -0.2, 0.8)205101
(0.6, -0.2, 0.8)205102
(0.6, -0.2, 0.8)205102
(0.6, -0.2, 0.8)205103
(0.6, -0.2, 0.8)205103
(0.6, -0.2, 0.8)205104
(0.6, -0.2, 0.8)205104
(0.6, -0.2, 0.8)205105
(0.6, -0.2, 0.8)205105
(0.6, -0.2, 0.8)205106
(0.6, -0.2, 0.8)205106
(0.6, -0.2, 0.8)205107
(0.6, -0.2, 0.8)205107
(0.6, -0.2, 0.8)205108
(0.6, -0.2, 0.8)205108
(0.6, -0.2, 0.8)205109
(0.6, -0.2, 0.8)205109
(0.6, -0.2, 0.8)205110
(0.6, -0.2, 0.8)205110
(0.6, -0.2, 0.8)205111
(0.6, -0.2, 0.8)205111
(0.6, -0.2, 0.8)205112
(0.6, -0.2, 0.8)205112
(0.6, -0.2, 0.8)205113
(0.6, -0.2, 0.8)205113
(0.6, -0.2, 0.8)205114
(0.6, -0.2, 0.8)205114
(0.6, -0.2, 0.8)205115
(0.6, -0.2, 0.8)205116
(0.6, -0.2, 0.8)205116
(0.6, -0.2, 0.8)205117
(0.6, -0.2, 0.8)205117
(0.6, -0.2, 0.8)205118
(0.6, -0.2, 0.8)205118
(0.6, -0.2, 0.8)205119
(0.6, -0.2, 0.8)205119
(0.6, -0.2, 0.8)205120
(0.6, -0.2, 0.8)205120
(0.6, -0.2, 0.8)205121
(0.6, -0.2, 0.8)205121
(0.6, -0.2, 0.8)205122
(0.6, -0.2, 0.8)205122
(0.6, -0.2, 0.8)205123
(0.6, -0.2, 0.8)205123
(0.6, -0.2, 0.8)205124
(0.6, -0.2, 0.8)205124
(0.6, -0.2, 0.8)205125
(0.6, -0.2, 0.8)205125
(0.6, -0.2, 0.8)205126
(0.6, -0.2, 0.8)205126
(0.6, -0.2, 0.8)205127
(0.6, -0.2, 0.8)205127
(0.6, -0.2, 0.8)205128
(0.6, -0.2, 0.8)205128
(0.6, -0.2, 0.8)205129
(0.6, -0.2, 0.8)205129
(0.6, -0.2, 0.8)205130
(0.6, -0.2, 0.8)205130
(0.6, -0.2, 0.8)205131
(0.6, -0.2, 0.8)205131
(0.6, -0.2, 0.8)205132
(0.6, -0.2, 0.8)205132
(0.6, -0.2, 0.8)205133
(0.6, -0.2, 0.8)205133
(0.6, -0.2, 0.8)205134
(0.6, -0.2, 0.8)205134
(0.6, -0.2, 0.8)205135
(0.6, -0.2, 0.8)205136
(0.6, -0.2, 0.8)205136
(0.6, -0.2, 0.8)205137
(0.6, -0.2, 0.8)205137
(0.6, -0.2, 0.8)205138
(0.6, -0.2, 0.8)205138
(0.6, -0.2, 0.8)205139
(0.6, -0.2, 0.8)205139
(0.6, -0.2, 0.8)205140
(0.6, -0.2, 0.8)205140
(0.6, -0.2, 0.8)205141
(0.6, -0.2, 0.8)205141
(0.6, -0.2, 0.8)205142
(0.6, -0.2, 0.8)205142
(0.6, -0.2, 0.8)205143
(0.6, -0.2, 0.8)205143
(0.6, -0.2, 0.8)205144
(0.6, -0.2, 0.8)205144
(0.6, -0.2, 0.8)205145
(0.6, -0.2, 0.8)205145
(0.6, -0.2, 0.8)205146
(0.6, -0.2, 0.8)205146
(0.6, -0.2, 0.8)205147
(0.6, -0.2, 0.8)205147
(0.6, -0.2, 0.8)205148
(0.6, -0.2, 0.8)205148
(0.6, -0.2, 0.8)205149
(0.6, -0.2, 0.8)205149
(0.6, -0.2, 0.8)205150
(0.6, -0.2, 0.8)205150
(0.6, -0.2, 0.8)205151
(0.6, -0.2, 0.8)205151
(0.6, -0.2, 0.8)205152
(0.6, -0.2, 0.8)205152
(0.6, -0.2, 0.8)205153
(0.6, -0.2, 0.8)205153
(0.6, -0.2, 0.8)205154
(0.6, -0.2, 0.8)205154
(0.6, -0.2, 0.8)205155
(0.6, -0.2, 0.8)205155
(0.6, -0.2, 0.8)205156
(0.6, -0.2, 0.8)205157
(0.6, -0.2, 0.8)205157
(0.6, -0.2, 0.8)205158
(0.6, -0.2, 0.8)205158
(0.6, -0.2, 0.8)205159
(0.6, -0.2, 0.8)205159
(0.6, -0.2, 0.8)205200
(0.6, -0.2, 0.8)205200
(0.6, -0.2, 0.8)205201
(0.6, -0.2, 0.8)205201
(0.6, -0.2, 0.8)205202
(0.6, -0.2, 0.8)205202
(0.6, -0.2, 0.8)205203
(0.6, -0.2, 0.8)205203
(0.6, -0.2, 0.8)205204
(0.6, -0.2, 0.8)205204
(0.6, -0.2, 0.8)205205
(0.6, -0.2, 0.8)205205
(0.6, -0.2, 0.8)205206
(0.6, -0.2, 0.8)205206
(0.6, -0.2, 0.8)205207
(0.6, -0.2, 0.8)205207
(0.6, -0.2, 0.8)205208
(0.6, -0.2, 0.8)205208
(0.6, -0.2, 0.8)205209
(0.6, -0.2, 0.8)205209
(0.6, -0.2, 0.8)205210
(0.6, -0.2, 0.8)205211
(0.6, -0.2, 0.8)205211
(0.6, -0.2, 0.8)205212
(0.6, -0.2, 0.8)205212
(0.6, -0.2, 0.8)205213
(0.6, -0.2, 0.8)205213
(0.6, -0.2, 0.8)205214
(0.6, -0.2, 0.8)205214
(0.6, -0.2, 0.8)205215
(0.6, -0.2, 0.8)205215
(0.6, -0.2, 0.8)205216
(0.6, -0.2, 0.8)205216
(0.6, -0.2, 0.8)205217
(0.6, -0.2, 0.8)205217
(0.6, -0.2, 0.8)205218
(0.6, -0.2, 0.8)205218
(0.6, -0.2, 0.8)205219
(0.6, -0.2, 0.8)205219
(0.6, -0.2, 0.8)205220
(0.6, -0.2, 0.8)205220
(0.6, -0.2, 0.8)205221
(0.6, -0.2, 0.8)205221
(0.6, -0.2, 0.8)205222
(0.6, -0.2, 0.8)205222
(0.6, -0.2, 0.8)205223
(0.6, -0.2, 0.8)205223
(0.6, -0.2, 0.8)205224
(0.6, -0.2, 0.8)205224
(0.6, -0.2, 0.8)205225
(0.6, -0.2, 0.8)205225
(0.6, -0.2, 0.8)205226
(0.6, -0.2, 0.8)205226
(0.6, -0.2, 0.8)205227
(0.6, -0.2, 0.8)205228
(0.6, -0.2, 0.8)205228
(0.6, -0.2, 0.8)205229
(0.6, -0.2, 0.8)205229
(0.6, -0.2, 0.8)205230
(0.6, -0.2, 0.8)205230
(0.6, -0.2, 0.8)205231
(0.6, -0.2, 0.8)205231
(0.6, -0.2, 0.8)205232
(0.6, -0.2, 0.8)205232
(0.6, -0.2, 0.8)205233
(0.6, -0.2, 0.8)205233
(0.6, -0.2, 0.8)205234
(0.6, -0.2, 0.8)205234
(0.6, -0.2, 0.8)205235
(0.6, -0.2, 0.8)205235
(0.6, -0.2, 0.8)205236
(0.6, -0.2, 0.8)205236
(0.6, -0.2, 0.8)205237
(0.6, -0.2, 0.8)205237
(0.6, -0.2, 0.8)205238
(0.6, -0.2, 0.8)205238
(0.6, -0.2, 0.8)205239
(0.6, -0.2, 0.8)205239
(0.6, -0.2, 0.8)205240
(0.6, -0.2, 0.8)205240
(0.6, -0.2, 0.8)205241
(0.6, -0.2, 0.8)205241
(0.6, -0.2, 0.8)205242
(0.6, -0.2, 0.8)205242
(0.6, -0.2, 0.8)205243
(0.6, -0.2, 0.8)205243
(0.6, -0.2, 0.8)205244
(0.6, -0.2, 0.8)205244
(0.6, -0.2, 0.8)205245
(0.6, -0.2, 0.8)205245
(0.6, -0.2, 0.8)205246
(0.6, -0.2, 0.8)205246
(0.6, -0.2, 0.8)205247
(0.6, -0.2, 0.8)205248
(0.6, -0.2, 0.8)205248
(0.6, -0.2, 0.8)205249
(0.6, -0.2, 0.8)205249
(0.6, -0.2, 0.8)205250
(0.6, -0.2, 0.8)205250
(0.6, -0.2, 0.8)205251
(0.6, -0.2, 0.8)205251
(0.6, -0.2, 0.8)205252
(0.6, -0.2, 0.8)205252
(0.6, -0.2, 0.8)205253
(0.6, -0.2, 0.8)205253
(0.6, -0.2, 0.8)205254
(0.6, -0.2, 0.8)205254
(0.6, -0.2, 0.8)205255
(0.6, -0.2, 0.8)205255
(0.6, -0.2, 0.8)205256
(0.6, -0.2, 0.8)205256
(0.6, -0.2, 0.8)205257
(0.6, -0.2, 0.8)205257
(0.6, -0.2, 0.8)205258
(0.6, -0.2, 0.8)205258
(0.6, -0.2, 0.8)205259
(0.6, -0.2, 0.8)205259
(0.6, -0.2, 0.8)205300
(0.6, -0.2, 0.8)205300
(0.6, -0.2, 0.8)205301
(0.6, -0.2, 0.8)205301
(0.6, -0.2, 0.8)205302
(0.6, -0.2, 0.8)205302
(0.6, -0.2, 0.8)205303
(0.6, -0.2, 0.8)205304
(0.6, -0.2, 0.8)205304
(0.6, -0.2, 0.8)205305
(0.6, -0.2, 0.8)205305
(0.6, -0.2, 0.8)205306
(0.6, -0.2, 0.8)205306
(0.6, -0.2, 0.8)205307
(0.6, -0.2, 0.8)205307
(0.6, -0.2, 0.8)205308
(0.6, -0.2, 0.8)205308
(0.6, -0.2, 0.8)205309
(0.6, -0.2, 0.8)205309
(0.6, -0.2, 0.8)205310
(0.6, -0.2, 0.8)205310
(0.6, -0.2, 0.8)205311
(0.6, -0.2, 0.8)205311
(0.6, -0.2, 0.8)205312
(0.6, -0.2, 0.8)205312
(0.6, -0.2, 0.8)205313
(0.6, -0.2, 0.8)205313
(0.6, -0.2, 0.8)205314
(0.6, -0.2, 0.8)205314
(0.6, -0.2, 0.8)205315
(0.6, -0.2, 0.8)205315
(0.6, -0.2, 0.8)205316
(0.6, -0.2, 0.8)205316
(0.6, -0.2, 0.8)205317
(0.6, -0.2, 0.8)205317
(0.6, -0.2, 0.8)205318
(0.6, -0.2, 0.8)205318
(0.6, -0.2, 0.8)205319
(0.6, -0.2, 0.8)205319
(0.6, -0.2, 0.8)205320
(0.6, -0.2, 0.8)205321
(0.6, -0.2, 0.8)205321
(0.6, -0.2, 0.8)205322
(0.6, -0.2, 0.8)205322
(0.6, -0.2, 0.8)205323
(0.6, -0.2, 0.8)205323
(0.6, -0.2, 0.8)205324
(0.6, -0.2, 0.8)205324
(0.6, -0.2, 0.8)205325
(0.6, -0.2, 0.8)205325
(0.6, -0.2, 0.8)205326
(0.6, -0.2, 0.8)205326
(0.6, -0.2, 0.8)205327
(0.6, -0.2, 0.8)205327
(0.6, -0.2, 0.8)205328
(0.6, -0.2, 0.8)205328
(0.6, -0.2, 0.8)205329
(0.6, -0.2, 0.8)205329
(0.6, -0.2, 0.8)205330
(0.6, -0.2, 0.8)205330
(0.6, -0.2, 0.8)205331
(0.6, -0.2, 0.8)205331
(0.6, -0.2, 0.8)205332
(0.6, -0.2, 0.8)205332
(0.6, -0.2, 0.8)205333
(0.6, -0.2, 0.8)205333
(0.6, -0.2, 0.8)205334
(0.6, -0.2, 0.8)205334
(0.6, -0.2, 0.8)205335
(0.6, -0.2, 0.8)205335
(0.6, -0.2, 0.8)205336
(0.6, -0.2, 0.8)205336
(0.6, -0.2, 0.8)205337
(0.6, -0.2, 0.8)205337
(0.6, -0.2, 0.8)205338
(0.6, -0.2, 0.8)205338
(0.6, -0.2, 0.8)205339
(0.6, -0.2, 0.8)205339
(0.6, -0.2, 0.8)205340
(0.6, -0.2, 0.8)205341
(0.6, -0.2, 0.8)205341
(0.6, -0.2, 0.8)205342
(0.6, -0.2, 0.8)205342
(0.6, -0.2, 0.8)205343
(0.6, -0.2, 0.8)205343
(0.6, -0.2, 0.8)205344
(0.6, -0.2, 0.8)205344
(0.6, -0.2, 0.8)205345
(0.6, -0.2, 0.8)205345
(0.6, -0.2, 0.8)205346
(0.6, -0.2, 0.8)205346
(0.6, -0.2, 0.8)205347
(0.6, -0.2, 0.8)205347
(0.6, -0.2, 0.8)205348
(0.6, -0.2, 0.8)205348
(0.6, -0.2, 0.8)205349
(0.6, -0.2, 0.8)205349
(0.6, -0.2, 0.8)205350
(0.6, -0.2, 0.8)205350
(0.6, -0.2, 0.8)205351
(0.6, -0.2, 0.8)205351
(0.6, -0.2, 0.8)205352
(0.6, -0.2, 0.8)205352
(0.6, -0.2, 0.8)205353
(0.6, -0.2, 0.8)205353
(0.6, -0.2, 0.8)205354
(0.6, -0.2, 0.8)205354
(0.6, -0.2, 0.8)205355
(0.6, -0.2, 0.8)205355
(0.6, -0.2, 0.8)205356
(0.6, -0.2, 0.8)205356
(0.6, -0.2, 0.8)205357
(0.6, -0.2, 0.8)205357
(0.6, -0.2, 0.8)205358
(0.6, -0.2, 0.8)205358
(0.6, -0.2, 0.8)205359
(0.6, -0.2, 0.8)205400
(0.6, -0.2, 0.8)205400
(0.6, -0.2, 0.8)205401
(0.6, -0.2, 0.8)205401
(0.6, -0.2, 0.8)205402
(0.6, -0.2, 0.8)205402
(0.6, -0.2, 0.8)205403
(0.6, -0.2, 0.8)205403
(0.6, -0.2, 0.8)205404
(0.6, -0.2, 0.8)205404
(0.6, -0.2, 0.8)205405
(0.6, -0.2, 0.8)205405
(0.6, -0.2, 0.8)205406
(0.6, -0.2, 0.8)205406
(0.6, -0.2, 0.8)205407
(0.6, -0.2, 0.8)205407
(0.6, -0.2, 0.8)205408
(0.6, -0.2, 0.8)205408
(0.6, -0.2, 0.8)205409
(0.6, -0.2, 0.8)205409
(0.6, -0.2, 0.8)205410
(0.6, -0.2, 0.8)205410
(0.6, -0.2, 0.8)205411
(0.6, -0.2, 0.8)205411
(0.6, -0.2, 0.8)205412
(0.6, -0.2, 0.8)205412
(0.6, -0.2, 0.8)205413
(0.6, -0.2, 0.8)205413
(0.6, -0.2, 0.8)205414
(0.6, -0.2, 0.8)205414
(0.6, -0.2, 0.8)205415
(0.6, -0.2, 0.8)205415
(0.6, -0.2, 0.8)205416
(0.6, -0.2, 0.8)205416
(0.6, -0.2, 0.8)205417
(0.6, -0.2, 0.8)205417
(0.6, -0.2, 0.8)205418
(0.6, -0.2, 0.8)205418
(0.6, -0.2, 0.8)205419
(0.6, -0.2, 0.8)205419
(0.6, -0.2, 0.8)205420
(0.6, -0.2, 0.8)205420
(0.6, -0.2, 0.8)205421
(0.6, -0.2, 0.8)205421
(0.6, -0.2, 0.8)205422
(0.6, -0.2, 0.8)205422
(0.6, -0.2, 0.8)205423
(0.6, -0.2, 0.8)205424
(0.6, -0.2, 0.8)205424
(0.6, -0.2, 0.8)205425
(0.6, -0.2, 0.8)205425
(0.6, -0.2, 0.8)205426
(0.6, -0.2, 0.8)205426
(0.6, -0.2, 0.8)205427
(0.6, -0.2, 0.8)205427
(0.6, -0.2, 0.8)205428
(0.6, -0.2, 0.8)205428
(0.6, -0.2, 0.8)205429
(0.6, -0.2, 0.8)205429
(0.6, -0.2, 0.8)205430
(0.6, -0.2, 0.8)205430
(0.6, -0.2, 0.8)205431
(0.6, -0.2, 0.8)205431
(0.6, -0.2, 0.8)205432
(0.6, -0.2, 0.8)205432
(0.6, -0.2, 0.8)205433
(0.6, -0.2, 0.8)205433
(0.6, -0.2, 0.8)205434
(0.6, -0.2, 0.8)205434
(0.6, -0.2, 0.8)205435
(0.6, -0.2, 0.8)205435
(0.6, -0.2, 0.8)205436
(0.6, -0.2, 0.8)205436
(0.6, -0.2, 0.8)205437
(0.6, -0.2, 0.8)205437
(0.6, -0.2, 0.8)205438
(0.6, -0.2, 0.8)205438
(0.6, -0.2, 0.8)205439
(0.6, -0.2, 0.8)205440
(0.6, -0.2, 0.8)205440
(0.6, -0.2, 0.8)205441
(0.6, -0.2, 0.8)205441
(0.6, -0.2, 0.8)205442
(0.6, -0.2, 0.8)205442
(0.6, -0.2, 0.8)205443
(0.6, -0.2, 0.8)205443
(0.6, -0.2, 0.8)205444
(0.6, -0.2, 0.8)205444
(0.6, -0.2, 0.8)205445
(0.6, -0.2, 0.8)205445
(0.6, -0.2, 0.8)205446
(0.6, -0.2, 0.8)205446
(0.6, -0.2, 0.8)205447
(0.6, -0.2, 0.8)205447
(0.6, -0.2, 0.8)205448
(0.6, -0.2, 0.8)205448
(0.6, -0.2, 0.8)205449
(0.6, -0.2, 0.8)205449
(0.6, -0.2, 0.8)205450
(0.6, -0.2, 0.8)205450
(0.6, -0.2, 0.8)205451
(0.6, -0.2, 0.8)205451
(0.6, -0.2, 0.8)205452
(0.6, -0.2, 0.8)205452
(0.6, -0.2, 0.8)205453
(0.6, -0.2, 0.8)205453
(0.6, -0.2, 0.8)205454
(0.6, -0.2, 0.8)205454
(0.6, -0.2, 0.8)205455
(0.6, -0.2, 0.8)205455
(0.6, -0.2, 0.8)205456
(0.6, -0.2, 0.8)205456
(0.6, -0.2, 0.8)205457
(0.6, -0.2, 0.8)205457
(0.6, -0.2, 0.8)205458
(0.6, -0.2, 0.8)205459
(0.6, -0.2, 0.8)205459
(0.6, -0.2, 0.8)205500
(0.6, -0.2, 0.8)205500
(0.6, -0.2, 0.8)205501
(0.6, -0.2, 0.8)205501
(0.6, -0.2, 0.8)205502
(0.6, -0.2, 0.8)205502
(0.6, -0.2, 0.8)205503
(0.6, -0.2, 0.8)205503
(0.6, -0.2, 0.8)205504
(0.6, -0.2, 0.8)205504
(0.6, -0.2, 0.8)205505
(0.6, -0.2, 0.8)205505
(0.6, -0.2, 0.8)205506
(0.6, -0.2, 0.8)205506
(0.6, -0.2, 0.8)205507
(0.6, -0.2, 0.8)205507
(0.6, -0.2, 0.8)205508
(0.6, -0.2, 0.8)205508
(0.6, -0.2, 0.8)205509
(0.6, -0.2, 0.8)205509
(0.6, -0.2, 0.8)205510
(0.6, -0.2, 0.8)205510
(0.6, -0.2, 0.8)205511
(0.6, -0.2, 0.8)205511
(0.6, -0.2, 0.8)205512
(0.6, -0.2, 0.8)205512
(0.6, -0.2, 0.8)205513
(0.6, -0.2, 0.8)205513
(0.6, -0.2, 0.8)205514
(0.6, -0.2, 0.8)205514
(0.6, -0.2, 0.8)205515
(0.6, -0.2, 0.8)205515
(0.6, -0.2, 0.8)205516
(0.6, -0.2, 0.8)205516
(0.6, -0.2, 0.8)205517
(0.6, -0.2, 0.8)205517
(0.6, -0.2, 0.8)205518
(0.6, -0.2, 0.8)205518
(0.6, -0.2, 0.8)205519
(0.6, -0.2, 0.8)205520
(0.6, -0.2, 0.8)205520
(0.6, -0.2, 0.8)205521
(0.6, -0.2, 0.8)205521
(0.6, -0.2, 0.8)205522
(0.6, -0.2, 0.8)205522
(0.6, -0.2, 0.8)205523
(0.6, -0.2, 0.8)205523
(0.6, -0.2, 0.8)205524
(0.6, -0.2, 0.8)205524
(0.6, -0.2, 0.8)205525
(0.6, -0.2, 0.8)205525
(0.6, -0.2, 0.8)205526
(0.6, -0.2, 0.8)205526
(0.6, -0.2, 0.8)205527
(0.6, -0.2, 0.8)205527
(0.6, -0.2, 0.8)205528
(0.6, -0.2, 0.8)205528
(0.6, -0.2, 0.8)205529
(0.6, -0.2, 0.8)205529
(0.6, -0.2, 0.8)205530
(0.6, -0.2, 0.8)205530
(0.6, -0.2, 0.8)205531
(0.6, -0.2, 0.8)205531
(0.6, -0.2, 0.8)205532
(0.6, -0.2, 0.8)205532
(0.6, -0.2, 0.8)205533
(0.6, -0.2, 0.8)205533
(0.6, -0.2, 0.8)205534
(0.6, -0.2, 0.8)205534
(0.6, -0.2, 0.8)205535
(0.6, -0.2, 0.8)205536
(0.6, -0.2, 0.8)205536
(0.6, -0.2, 0.8)205537
(0.6, -0.2, 0.8)205537
(0.6, -0.2, 0.8)205538
(0.6, -0.2, 0.8)205538
(0.6, -0.2, 0.8)205539
(0.6, -0.2, 0.8)205539
(0.6, -0.2, 0.8)205540
(0.6, -0.2, 0.8)205540
(0.6, -0.2, 0.8)205541
(0.6, -0.2, 0.8)205541
(0.6, -0.2, 0.8)205542
(0.6, -0.2, 0.8)205542
(0.6, -0.2, 0.8)205543
(0.6, -0.2, 0.8)205543
(0.6, -0.2, 0.8)205544
(0.6, -0.2, 0.8)205544
(0.6, -0.2, 0.8)205545
(0.6, -0.2, 0.8)205545
(0.6, -0.2, 0.8)205546
(0.6, -0.2, 0.8)205546
(0.6, -0.2, 0.8)205547
(0.6, -0.2, 0.8)205547
(0.6, -0.2, 0.8)205548
(0.6, -0.2, 0.8)205548
(0.6, -0.2, 0.8)205549
(0.6, -0.2, 0.8)205549
(0.6, -0.2, 0.8)205550
(0.6, -0.2, 0.8)205550
(0.6, -0.2, 0.8)205551
(0.6, -0.2, 0.8)205552
(0.6, -0.2, 0.8)205552
(0.6, -0.2, 0.8)205553
(0.6, -0.2, 0.8)205553
(0.6, -0.2, 0.8)205554
(0.6, -0.2, 0.8)205554
(0.6, -0.2, 0.8)205555
(0.6, -0.2, 0.8)205555
(0.6, -0.2, 0.8)205556
(0.6, -0.2, 0.8)205556
(0.6, -0.2, 0.8)205557
(0.6, -0.2, 0.8)205557
(0.6, -0.2, 0.8)205558
(0.6, -0.2, 0.8)205558
(0.6, -0.2, 0.8)205559
(0.6, -0.2, 0.8)205559
(0.6, -0.2, 0.8)205600
(0.6, -0.2, 0.8)205600
(0.6, -0.2, 0.8)205601
(0.6, -0.2, 0.8)205601
(0.6, -0.2, 0.8)205602
(0.6, -0.2, 0.8)205602
(0.6, -0.2, 0.8)205603
(0.6, -0.2, 0.8)205603
(0.6, -0.2, 0.8)205604
(0.6, -0.2, 0.8)205604
(0.6, -0.2, 0.8)205605
(0.6, -0.2, 0.8)205605
(0.6, -0.2, 0.8)205606
(0.6, -0.2, 0.8)205606
(0.6, -0.2, 0.8)205607
(0.6, -0.2, 0.8)205607
(0.6, -0.2, 0.8)205608
(0.6, -0.2, 0.8)205608
(0.6, -0.2, 0.8)205609
(0.6, -0.2, 0.8)205609
(0.6, -0.2, 0.8)205610
(0.6, -0.2, 0.8)205610
(0.6, -0.2, 0.8)205611
(0.6, -0.2, 0.8)205612
(0.6, -0.2, 0.8)205612
(0.6, -0.2, 0.8)205613
(0.6, -0.2, 0.8)205613
(0.6, -0.2, 0.8)205614
(0.6, -0.2, 0.8)205614
(0.6, -0.2, 0.8)205615
(0.6, -0.2, 0.8)205615
(0.6, -0.2, 0.8)205616
(0.6, -0.2, 0.8)205616
(0.6, -0.2, 0.8)205617
(0.6, -0.2, 0.8)205617
(0.6, -0.2, 0.8)205618
(0.6, -0.2, 0.8)205618
(0.6, -0.2, 0.8)205619
(0.6, -0.2, 0.8)205619
(0.6, -0.2, 0.8)205620
(0.6, -0.2, 0.8)205620
(0.6, -0.2, 0.8)205621
(0.6, -0.2, 0.8)205621
(0.6, -0.2, 0.8)205622
(0.6, -0.2, 0.8)205622
(0.6, -0.2, 0.8)205623
(0.6, -0.2, 0.8)205623
(0.6, -0.2, 0.8)205624
(0.6, -0.2, 0.8)205624
(0.6, -0.2, 0.8)205625
(0.6, -0.2, 0.8)205625
(0.6, -0.2, 0.8)205626
(0.6, -0.2, 0.8)205626
(0.6, -0.2, 0.8)205627
(0.6, -0.2, 0.8)205627
(0.6, -0.2, 0.8)205628
(0.6, -0.2, 0.8)205628
(0.6, -0.2, 0.8)205629
(0.6, -0.2, 0.8)205630
(0.6, -0.2, 0.8)205630
(0.6, -0.2, 0.8)205631
(0.6, -0.2, 0.8)205631
(0.6, -0.2, 0.8)205632
(0.6, -0.2, 0.8)205632
(0.6, -0.2, 0.8)205633
(0.6, -0.2, 0.8)205633
(0.6, -0.2, 0.8)205634
(0.6, -0.2, 0.8)205634
(0.6, -0.2, 0.8)205635
(0.6, -0.2, 0.8)205635
(0.6, -0.2, 0.8)205636
(0.6, -0.2, 0.8)205636
(0.6, -0.2, 0.8)205637
(0.6, -0.2, 0.8)205637
(0.6, -0.2, 0.8)205638
(0.6, -0.2, 0.8)205638
(0.6, -0.2, 0.8)205639
(0.6, -0.2, 0.8)205639
(0.6, -0.2, 0.8)205640
(0.6, -0.2, 0.8)205640
(0.6, -0.2, 0.8)205641
(0.6, -0.2, 0.8)205641
(0.6, -0.2, 0.8)205642
(0.6, -0.2, 0.8)205642
(0.6, -0.2, 0.8)205643
(0.6, -0.2, 0.8)205644
(0.6, -0.2, 0.8)205644
(0.6, -0.2, 0.8)205645
(0.6, -0.2, 0.8)205645
(0.6, -0.2, 0.8)205646
(0.6, -0.2, 0.8)205646
(0.6, -0.2, 0.8)205647
(0.6, -0.2, 0.8)205647
(0.6, -0.2, 0.8)205648
(0.6, -0.2, 0.8)205648
(0.6, -0.2, 0.8)205649
(0.6, -0.2, 0.8)205649
(0.6, -0.2, 0.8)205650
(0.6, -0.2, 0.8)205650
(0.6, -0.2, 0.8)205651
(0.6, -0.2, 0.8)205651
(0.6, -0.2, 0.8)205652
(0.6, -0.2, 0.8)205652
(0.6, -0.2, 0.8)205653
(0.6, -0.2, 0.8)205653
(0.6, -0.2, 0.8)205654
(0.6, -0.2, 0.8)205654
(0.6, -0.2, 0.8)205655
(0.6, -0.2, 0.8)205655
(0.6, -0.2, 0.8)205656
(0.6, -0.2, 0.8)205656
(0.6, -0.2, 0.8)205657
(0.6, -0.2, 0.8)205657
(0.6, -0.2, 0.8)205658
(0.6, -0.2, 0.8)205658
(0.6, -0.2, 0.8)205659
(0.6, -0.2, 0.8)205659
(0.6, -0.2, 0.8)205700
(0.6, -0.2, 0.8)205700
(0.6, -0.2, 0.8)205701
(0.6, -0.2, 0.8)205702
(0.6, -0.2, 0.8)205702
(0.6, -0.2, 0.8)205703
(0.6, -0.2, 0.8)205703
(0.6, -0.2, 0.8)205704
(0.6, -0.2, 0.8)205704
(0.6, -0.2, 0.8)205705
(0.6, -0.2, 0.8)205705
(0.6, -0.2, 0.8)205706
(0.6, -0.2, 0.8)205706
(0.6, -0.2, 0.8)205707
(0.6, -0.2, 0.8)205707
(0.6, -0.2, 0.8)205708
(0.6, -0.2, 0.8)205708
(0.6, -0.2, 0.8)205709
(0.6, -0.2, 0.8)205709
(0.6, -0.2, 0.8)205710
(0.6, -0.2, 0.8)205710
(0.6, -0.2, 0.8)205711
(0.6, -0.2, 0.8)205711
(0.6, -0.2, 0.8)205712
(0.6, -0.2, 0.8)205712
(0.6, -0.2, 0.8)205713
(0.6, -0.2, 0.8)205713
(0.6, -0.2, 0.8)205714
(0.6, -0.2, 0.8)205714
(0.6, -0.2, 0.8)205715
(0.6, -0.2, 0.8)205715
(0.6, -0.2, 0.8)205716
(0.6, -0.2, 0.8)205716
(0.6, -0.2, 0.8)205717
(0.6, -0.2, 0.8)205718
(0.6, -0.2, 0.8)205718
(0.6, -0.2, 0.8)205719
(0.6, -0.2, 0.8)205719
(0.6, -0.2, 0.8)205720
(0.6, -0.2, 0.8)205720
(0.6, -0.2, 0.8)205721
(0.6, -0.2, 0.8)205721
(0.6, -0.2, 0.8)205722
(0.6, -0.2, 0.8)205722
(0.6, -0.2, 0.8)205723
(0.6, -0.2, 0.8)205723
(0.6, -0.2, 0.8)205724
(0.6, -0.2, 0.8)205724
(0.6, -0.2, 0.8)205725
(0.6, -0.2, 0.8)205725
(0.6, -0.2, 0.8)205726
(0.6, -0.2, 0.8)205726
(0.6, -0.2, 0.8)205727
(0.6, -0.2, 0.8)205727
(0.6, -0.2, 0.8)205728
(0.6, -0.2, 0.8)205728
(0.6, -0.2, 0.8)205729
(0.6, -0.2, 0.8)205729
(0.6, -0.2, 0.8)205730
(0.6, -0.2, 0.8)205730
(0.6, -0.2, 0.8)205731
(0.6, -0.2, 0.8)205731
(0.6, -0.2, 0.8)205732
(0.6, -0.2, 0.8)205733
(0.6, -0.2, 0.8)205733
(0.6, -0.2, 0.8)205734
(0.6, -0.2, 0.8)205734
(0.6, -0.2, 0.8)205735
(0.6, -0.2, 0.8)205735
(0.6, -0.2, 0.8)205736
(0.6, -0.2, 0.8)205736
(0.6, -0.2, 0.8)205737
(0.6, -0.2, 0.8)205737
(0.6, -0.2, 0.8)205738
(0.6, -0.2, 0.8)205738
(0.6, -0.2, 0.8)205739
(0.6, -0.2, 0.8)205739
(0.6, -0.2, 0.8)205740
(0.6, -0.2, 0.8)205740
(0.6, -0.2, 0.8)205741
(0.6, -0.2, 0.8)205741
(0.6, -0.2, 0.8)205742
(0.6, -0.2, 0.8)205742
(0.6, -0.2, 0.8)205743
(0.6, -0.2, 0.8)205743
(0.6, -0.2, 0.8)205744
(0.6, -0.2, 0.8)205744
(0.6, -0.2, 0.8)205745
(0.6, -0.2, 0.8)205745
(0.6, -0.2, 0.8)205746
(0.6, -0.2, 0.8)205746
(0.6, -0.2, 0.8)205747
(0.6, -0.2, 0.8)205747
(0.6, -0.2, 0.8)205748
(0.6, -0.2, 0.8)205748
(0.6, -0.2, 0.8)205749
(0.6, -0.2, 0.8)205749
(0.6, -0.2, 0.8)205750
(0.6, -0.2, 0.8)205751
(0.6, -0.2, 0.8)205751
(0.6, -0.2, 0.8)205752
(0.6, -0.2, 0.8)205752
(0.6, -0.2, 0.8)205753
(0.6, -0.2, 0.8)205753
(0.6, -0.2, 0.8)205754
(0.6, -0.2, 0.8)205754
(0.6, -0.2, 0.8)205755
(0.6, -0.2, 0.8)205755
(0.6, -0.2, 0.8)205756
(0.6, -0.2, 0.8)205756
(0.6, -0.2, 0.8)205757
(0.6, -0.2, 0.8)205757
(0.6, -0.2, 0.8)205758
(0.6, -0.2, 0.8)205758
(0.6, -0.2, 0.8)205759
(0.6, -0.2, 0.8)205759
(0.6, -0.2, 0.8)205800
(0.6, -0.2, 0.8)205800
(0.6, -0.2, 0.8)205801
(0.6, -0.2, 0.8)205801
(0.6, -0.2, 0.8)205802
(0.6, -0.2, 0.8)205802
(0.6, -0.2, 0.8)205803
(0.6, -0.2, 0.8)205803
(0.6, -0.2, 0.8)205804
(0.6, -0.2, 0.8)205804
(0.6, -0.2, 0.8)205805
(0.6, -0.2, 0.8)205806
(0.6, -0.2, 0.8)205806
(0.6, -0.2, 0.8)205807
(0.6, -0.2, 0.8)205807
(0.6, -0.2, 0.8)205808
(0.6, -0.2, 0.8)205808
(0.6, -0.2, 0.8)205809
(0.6, -0.2, 0.8)205809
(0.6, -0.2, 0.8)205810
(0.6, -0.2, 0.8)205810
(0.6, -0.2, 0.8)205811
(0.6, -0.2, 0.8)205811
(0.6, -0.2, 0.8)205812
(0.6, -0.2, 0.8)205812
(0.6, -0.2, 0.8)205813
(0.6, -0.2, 0.8)205813
(0.6, -0.2, 0.8)205814
(0.6, -0.2, 0.8)205814
(0.6, -0.2, 0.8)205815
(0.6, -0.2, 0.8)205815
(0.6, -0.2, 0.8)205816
(0.6, -0.2, 0.8)205816
(0.6, -0.2, 0.8)205817
(0.6, -0.2, 0.8)205817
(0.6, -0.2, 0.8)205818
(0.6, -0.2, 0.8)205818
(0.6, -0.2, 0.8)205819
(0.6, -0.2, 0.8)205819
(0.6, -0.2, 0.8)205820
(0.6, -0.2, 0.8)205820
(0.6, -0.2, 0.8)205821
(0.6, -0.2, 0.8)205821
(0.6, -0.2, 0.8)205822
(0.6, -0.2, 0.8)205822
(0.6, -0.2, 0.8)205823
(0.6, -0.2, 0.8)205823
(0.6, -0.2, 0.8)205824
(0.6, -0.2, 0.8)205825
(0.6, -0.2, 0.8)205825
(0.6, -0.2, 0.8)205826
(0.6, -0.2, 0.8)205826
(0.6, -0.2, 0.8)205827
(0.6, -0.2, 0.8)205827
(0.6, -0.2, 0.8)205828
(0.6, -0.2, 0.8)205828
(0.6, -0.2, 0.8)205829
(0.6, -0.2, 0.8)205829
(0.6, -0.2, 0.8)205830
(0.6, -0.2, 0.8)205830
(0.6, -0.2, 0.8)205831
(0.6, -0.2, 0.8)205831
(0.6, -0.2, 0.8)205832
(0.6, -0.2, 0.8)205832
(0.6, -0.2, 0.8)205833
(0.6, -0.2, 0.8)205833
(0.6, -0.2, 0.8)205834
(0.6, -0.2, 0.8)205834
(0.6, -0.2, 0.8)205835
(0.6, -0.2, 0.8)205835
(0.6, -0.2, 0.8)205836
(0.6, -0.2, 0.8)205836
(0.6, -0.2, 0.8)205837
(0.6, -0.2, 0.8)205837
(0.6, -0.2, 0.8)205838
(0.6, -0.2, 0.8)205838
(0.6, -0.2, 0.8)205839
(0.6, -0.2, 0.8)205839
(0.6, -0.2, 0.8)205840
(0.6, -0.2, 0.8)205840
(0.6, -0.2, 0.8)205841
(0.6, -0.2, 0.8)205841
(0.6, -0.2, 0.8)205842
(0.6, -0.2, 0.8)205842
(0.6, -0.2, 0.8)205843
(0.6, -0.2, 0.8)205844
(0.6, -0.2, 0.8)205844
(0.6, -0.2, 0.8)205845
(0.6, -0.2, 0.8)205845
(0.6, -0.2, 0.8)205846
(0.6, -0.2, 0.8)205846
(0.6, -0.2, 0.8)205847
(0.6, -0.2, 0.8)205847
(0.6, -0.2, 0.8)205848
(0.6, -0.2, 0.8)205848
(0.6, -0.2, 0.8)205849
(0.6, -0.2, 0.8)205849
(0.6, -0.2, 0.8)205850
(0.6, -0.2, 0.8)205850
(0.6, -0.2, 0.8)205851
(0.6, -0.2, 0.8)205851
(0.6, -0.2, 0.8)205852
(0.6, -0.2, 0.8)205852
(0.6, -0.2, 0.8)205853
(0.6, -0.2, 0.8)205853
(0.6, -0.2, 0.8)205854
(0.6, -0.2, 0.8)205854
(0.6, -0.2, 0.8)205855
(0.6, -0.2, 0.8)205855
(0.6, -0.2, 0.8)205856
(0.6, -0.2, 0.8)205856
(0.6, -0.2, 0.8)205857
(0.6, -0.2, 0.8)205857
(0.6, -0.2, 0.8)205858
(0.6, -0.2, 0.8)205858
(0.6, -0.2, 0.8)205859
(0.6, -0.2, 0.8)205900
(0.6, -0.2, 0.8)205900
(0.6, -0.2, 0.8)205901
(0.6, -0.2, 0.8)205901
(0.6, -0.2, 0.8)205902
(0.6, -0.2, 0.8)205902
(0.6, -0.2, 0.8)205903
(0.6, -0.2, 0.8)205903
(0.6, -0.2, 0.8)205904
(0.6, -0.2, 0.8)205904
(0.6, -0.2, 0.8)205905
(0.6, -0.2, 0.8)205905
(0.6, -0.2, 0.8)205906
(0.6, -0.2, 0.8)205906
(0.6, -0.2, 0.8)205907
(0.6, -0.2, 0.8)205907
(0.6, -0.2, 0.8)205908
(0.6, -0.2, 0.8)205908
(0.6, -0.2, 0.8)205909
(0.6, -0.2, 0.8)205909
(0.6, -0.2, 0.8)205910
(0.6, -0.2, 0.8)205910
(0.6, -0.2, 0.8)205911
(0.6, -0.2, 0.8)205911
(0.6, -0.2, 0.8)205912
(0.6, -0.2, 0.8)205912
(0.6, -0.2, 0.8)205913
(0.6, -0.2, 0.8)205913
(0.6, -0.2, 0.8)205914
(0.6, -0.2, 0.8)205914
(0.6, -0.2, 0.8)205915
(0.6, -0.2, 0.8)205916
(0.6, -0.2, 0.8)205916
(0.6, -0.2, 0.8)205917
(0.6, -0.2, 0.8)205917
(0.6, -0.2, 0.8)205918
(0.6, -0.2, 0.8)205918
(0.6, -0.2, 0.8)205919
(0.6, -0.2, 0.8)205919
(0.6, -0.2, 0.8)205920
(0.6, -0.2, 0.8)205920
(0.6, -0.2, 0.8)205921
(0.6, -0.2, 0.8)205921
(0.6, -0.2, 0.8)205922
(0.6, -0.2, 0.8)205922
(0.6, -0.2, 0.8)205923
(0.6, -0.2, 0.8)205923
(0.6, -0.2, 0.8)205924
(0.6, -0.2, 0.8)205924
(0.6, -0.2, 0.8)205925
(0.6, -0.2, 0.8)205925
(0.6, -0.2, 0.8)205926
(0.6, -0.2, 0.8)205926
(0.6, -0.2, 0.8)205927
(0.6, -0.2, 0.8)205927
(0.6, -0.2, 0.8)205928
(0.6, -0.2, 0.8)205928
(0.6, -0.2, 0.8)205929
(0.6, -0.2, 0.8)205929
(0.6, -0.2, 0.8)205930
(0.6, -0.2, 0.8)205930
(0.6, -0.2, 0.8)205931
(0.6, -0.2, 0.8)205931
(0.6, -0.2, 0.8)205932
(0.6, -0.2, 0.8)205932
(0.6, -0.2, 0.8)205933
(0.6, -0.2, 0.8)205933
(0.6, -0.2, 0.8)205934
(0.6, -0.2, 0.8)205934
(0.6, -0.2, 0.8)205935
(0.6, -0.2, 0.8)205935
(0.6, -0.2, 0.8)205936
(0.6, -0.2, 0.8)205936
(0.6, -0.2, 0.8)205937
(0.6, -0.2, 0.8)205937
(0.6, -0.2, 0.8)205938
(0.6, -0.2, 0.8)205938
(0.6, -0.2, 0.8)205939
(0.6, -0.2, 0.8)205940
(0.6, -0.2, 0.8)205940
(0.6, -0.2, 0.8)205941
(0.6, -0.2, 0.8)205941
(0.6, -0.2, 0.8)205942
(0.6, -0.2, 0.8)205942
(0.6, -0.2, 0.8)205943
(0.6, -0.2, 0.8)205943
(0.6, -0.2, 0.8)205944
(0.6, -0.2, 0.8)205944
(0.6, -0.2, 0.8)205945
(0.6, -0.2, 0.8)205945
(0.6, -0.2, 0.8)205946
(0.6, -0.2, 0.8)205946
(0.6, -0.2, 0.8)205947
(0.6, -0.2, 0.8)205947
(0.6, -0.2, 0.8)205948
(0.6, -0.2, 0.8)205948
(0.6, -0.2, 0.8)205949
(0.6, -0.2, 0.8)205949
(0.6, -0.2, 0.8)205950
(0.6, -0.2, 0.8)205950
(0.6, -0.2, 0.8)205951
(0.6, -0.2, 0.8)205951
(0.6, -0.2, 0.8)205952
(0.6, -0.2, 0.8)205952
(0.6, -0.2, 0.8)205953
(0.6, -0.2, 0.8)205953
(0.6, -0.2, 0.8)205954
(0.6, -0.2, 0.8)205954
(0.6, -0.2, 0.8)205955
(0.6, -0.2, 0.8)205956
(0.6, -0.2, 0.8)205956
(0.6, -0.2, 0.8)205957
(0.6, -0.2, 0.8)205957
(0.6, -0.2, 0.8)205958
(0.6, -0.2, 0.8)205958
(0.6, -0.2, 0.8)205959
(0.6, -0.2, 0.8)205959
(0.6, -0.2, 0.8)210000
(0.6, -0.2, 0.8)210000
(0.6, -0.2, 0.8)210001
(0.6, -0.2, 0.8)210001
(0.6, -0.2, 0.8)210002
(0.6, -0.2, 0.8)210002
(0.6, -0.2, 0.8)210003
(0.6, -0.2, 0.8)210003
(0.6, -0.2, 0.8)210004
(0.6, -0.2, 0.8)210004
(0.6, -0.2, 0.8)210005
(0.6, -0.2, 0.8)210005
(0.6, -0.2, 0.8)210006
(0.6, -0.2, 0.8)210006
(0.6, -0.2, 0.8)210007
(0.6, -0.2, 0.8)210007
(0.6, -0.2, 0.8)210008
(0.6, -0.2, 0.8)210008
(0.6, -0.2, 0.8)210009
(0.6, -0.2, 0.8)210009
(0.6, -0.2, 0.8)210010
(0.6, -0.2, 0.8)210011
(0.6, -0.2, 0.8)210011
(0.6, -0.2, 0.8)210012
(0.6, -0.2, 0.8)210012
(0.6, -0.2, 0.8)210013
(0.6, -0.2, 0.8)210013
(0.6, -0.2, 0.8)210014
(0.6, -0.2, 0.8)210014
(0.6, -0.2, 0.8)210015
(0.6, -0.2, 0.8)210015
(0.6, -0.2, 0.8)210016
(0.6, -0.2, 0.8)210016
(0.6, -0.2, 0.8)210017
(0.6, -0.2, 0.8)210017
(0.6, -0.2, 0.8)210018
(0.6, -0.2, 0.8)210018
(0.6, -0.2, 0.8)210019
(0.6, -0.2, 0.8)210019
(0.6, -0.2, 0.8)210020
(0.6, -0.2, 0.8)210020
(0.6, -0.2, 0.8)210021
(0.6, -0.2, 0.8)210021
(0.6, -0.2, 0.8)210022
(0.6, -0.2, 0.8)210022
(0.6, -0.2, 0.8)210023
(0.6, -0.2, 0.8)210023
(0.6, -0.2, 0.8)210024
(0.6, -0.2, 0.8)210024
(0.6, -0.2, 0.8)210025
(0.6, -0.2, 0.8)210026
(0.6, -0.2, 0.8)210026
(0.6, -0.2, 0.8)210027
(0.6, -0.2, 0.8)210027
(0.6, -0.2, 0.8)210028
(0.6, -0.2, 0.8)210028
(0.6, -0.2, 0.8)210029
(0.6, -0.2, 0.8)210029
(0.6, -0.2, 0.8)210030
(0.6, -0.2, 0.8)210030
(0.6, -0.2, 0.8)210031
(0.6, -0.2, 0.8)210031
(0.6, -0.2, 0.8)210032
(0.6, -0.2, 0.8)210032
(0.6, -0.2, 0.8)210033
(0.6, -0.2, 0.8)210033
(0.6, -0.2, 0.8)210034
(0.6, -0.2, 0.8)210034
(0.6, -0.2, 0.8)210035
(0.6, -0.2, 0.8)210035
(0.6, -0.2, 0.8)210036
(0.6, -0.2, 0.8)210036
(0.6, -0.2, 0.8)210037
(0.6, -0.2, 0.8)210037
(0.6, -0.2, 0.8)210038
(0.6, -0.2, 0.8)210038
(0.6, -0.2, 0.8)210039
(0.6, -0.2, 0.8)210039
(0.6, -0.2, 0.8)210040
(0.6, -0.2, 0.8)210040
(0.6, -0.2, 0.8)210041
(0.6, -0.2, 0.8)210042
(0.6, -0.2, 0.8)210042
(0.6, -0.2, 0.8)210043
(0.6, -0.2, 0.8)210043
(0.6, -0.2, 0.8)210044
(0.6, -0.2, 0.8)210044
(0.6, -0.2, 0.8)210045
(0.6, -0.2, 0.8)210045
(0.6, -0.2, 0.8)210046
(0.6, -0.2, 0.8)210046
(0.6, -0.2, 0.8)210047
(0.6, -0.2, 0.8)210047
(0.6, -0.2, 0.8)210048
(0.6, -0.2, 0.8)210048
(0.6, -0.2, 0.8)210049
(0.6, -0.2, 0.8)210049
(0.6, -0.2, 0.8)210050
(0.6, -0.2, 0.8)210050
(0.6, -0.2, 0.8)210051
(0.6, -0.2, 0.8)210051
(0.6, -0.2, 0.8)210052
(0.6, -0.2, 0.8)210052
(0.6, -0.2, 0.8)210053
(0.6, -0.2, 0.8)210053
(0.6, -0.2, 0.8)210054
(0.6, -0.2, 0.8)210054
(0.6, -0.2, 0.8)210055
(0.6, -0.2, 0.8)210055
(0.6, -0.2, 0.8)210056
(0.6, -0.2, 0.8)210056
(0.6, -0.2, 0.8)210057
(0.6, -0.2, 0.8)210057
(0.6, -0.2, 0.8)210058
(0.6, -0.2, 0.8)210058
(0.6, -0.2, 0.8)210059
(0.6, -0.2, 0.8)210100
(0.6, -0.2, 0.8)210100
(0.6, -0.2, 0.8)210101
(0.6, -0.2, 0.8)210101
(0.6, -0.2, 0.8)210102
(0.6, -0.2, 0.8)210102
(0.6, -0.2, 0.8)210103
(0.6, -0.2, 0.8)210103
(0.6, -0.2, 0.8)210104
(0.6, -0.2, 0.8)210104
(0.6, -0.2, 0.8)210105
(0.6, -0.2, 0.8)210105
(0.6, -0.2, 0.8)210106
(0.6, -0.2, 0.8)210106
(0.6, -0.2, 0.8)210107
(0.6, -0.2, 0.8)210107
(0.6, -0.2, 0.8)210108
(0.6, -0.2, 0.8)210108
(0.6, -0.2, 0.8)210109
(0.6, -0.2, 0.8)210109
(0.6, -0.2, 0.8)210110
(0.6, -0.2, 0.8)210110
(0.6, -0.2, 0.8)210111
(0.6, -0.2, 0.8)210111
(0.6, -0.2, 0.8)210112
(0.6, -0.2, 0.8)210112
(0.6, -0.2, 0.8)210113
(0.6, -0.2, 0.8)210113
(0.6, -0.2, 0.8)210114
(0.6, -0.2, 0.8)210114
(0.6, -0.2, 0.8)210115
(0.6, -0.2, 0.8)210115
(0.6, -0.2, 0.8)210116
(0.6, -0.2, 0.8)210116
(0.6, -0.2, 0.8)210117
(0.6, -0.2, 0.8)210118
(0.6, -0.2, 0.8)210118
(0.6, -0.2, 0.8)210119
(0.6, -0.2, 0.8)210119
(0.6, -0.2, 0.8)210120
(0.6, -0.2, 0.8)210120
(0.6, -0.2, 0.8)210121
(0.6, -0.2, 0.8)210121
(0.6, -0.2, 0.8)210122
(0.6, -0.2, 0.8)210122
(0.6, -0.2, 0.8)210123
(0.6, -0.2, 0.8)210123
(0.6, -0.2, 0.8)210124
(0.6, -0.2, 0.8)210124
(0.6, -0.2, 0.8)210125
(0.6, -0.2, 0.8)210125
(0.6, -0.2, 0.8)210126
(0.6, -0.2, 0.8)210126
(0.6, -0.2, 0.8)210127
(0.6, -0.2, 0.8)210127
(0.6, -0.2, 0.8)210128
(0.6, -0.2, 0.8)210128
(0.6, -0.2, 0.8)210129
(0.6, -0.2, 0.8)210129
(0.6, -0.2, 0.8)210130
(0.6, -0.2, 0.8)210130
(0.6, -0.2, 0.8)210131
(0.6, -0.2, 0.8)210131
(0.6, -0.2, 0.8)210132
(0.6, -0.2, 0.8)210132
(0.6, -0.2, 0.8)210133
(0.6, -0.2, 0.8)210133
(0.6, -0.2, 0.8)210134
(0.6, -0.2, 0.8)210134
(0.6, -0.2, 0.8)210135
(0.6, -0.2, 0.8)210135
(0.6, -0.2, 0.8)210136
(0.6, -0.2, 0.8)210136
(0.6, -0.2, 0.8)210137
(0.6, -0.2, 0.8)210138
(0.6, -0.2, 0.8)210138
(0.6, -0.2, 0.8)210139
(0.6, -0.2, 0.8)210139
(0.6, -0.2, 0.8)210140
(0.6, -0.2, 0.8)210140
(0.6, -0.2, 0.8)210141
(0.6, -0.2, 0.8)210141
(0.6, -0.2, 0.8)210142
(0.6, -0.2, 0.8)210142
(0.6, -0.2, 0.8)210143
(0.6, -0.2, 0.8)210143
(0.6, -0.2, 0.8)210144
(0.6, -0.2, 0.8)210144
(0.6, -0.2, 0.8)210145
(0.6, -0.2, 0.8)210145
(0.6, -0.2, 0.8)210146
(0.6, -0.2, 0.8)210146
(0.6, -0.2, 0.8)210147
(0.6, -0.2, 0.8)210147
(0.6, -0.2, 0.8)210148
(0.6, -0.2, 0.8)210148
(0.6, -0.2, 0.8)210149
(0.6, -0.2, 0.8)210149
(0.6, -0.2, 0.8)210150
(0.6, -0.2, 0.8)210150
(0.6, -0.2, 0.8)210151
(0.6, -0.2, 0.8)210151
(0.6, -0.2, 0.8)210152
(0.6, -0.2, 0.8)210153
(0.6, -0.2, 0.8)210153
(0.6, -0.2, 0.8)210154
(0.6, -0.2, 0.8)210154
(0.6, -0.2, 0.8)210155
(0.6, -0.2, 0.8)210155
(0.6, -0.2, 0.8)210156
(0.6, -0.2, 0.8)210156
(0.6, -0.2, 0.8)210157
(0.6, -0.2, 0.8)210157
(0.6, -0.2, 0.8)210158
(0.6, -0.2, 0.8)210158
(0.6, -0.2, 0.8)210159
(0.6, -0.2, 0.8)210159
(0.6, -0.2, 0.8)210200
(0.6, -0.2, 0.8)210200
(0.6, -0.2, 0.8)210201
(0.6, -0.2, 0.8)210201
(0.6, -0.2, 0.8)210202
(0.6, -0.2, 0.8)210202
(0.6, -0.2, 0.8)210203
(0.6, -0.2, 0.8)210203
(0.6, -0.2, 0.8)210204
(0.6, -0.2, 0.8)210204
(0.6, -0.2, 0.8)210205
(0.6, -0.2, 0.8)210205
(0.6, -0.2, 0.8)210206
(0.6, -0.2, 0.8)210206
(0.6, -0.2, 0.8)210207
(0.6, -0.2, 0.8)210208
(0.6, -0.2, 0.8)210208
(0.6, -0.2, 0.8)210209
(0.6, -0.2, 0.8)210209
(0.6, -0.2, 0.8)210210
(0.6, -0.2, 0.8)210210
(0.6, -0.2, 0.8)210211
(0.6, -0.2, 0.8)210211
(0.6, -0.2, 0.8)210212
(0.6, -0.2, 0.8)210212
(0.6, -0.2, 0.8)210213
(0.6, -0.2, 0.8)210213
(0.6, -0.2, 0.8)210214
(0.6, -0.2, 0.8)210214
(0.6, -0.2, 0.8)210215
(0.6, -0.2, 0.8)210215
(0.6, -0.2, 0.8)210216
(0.6, -0.2, 0.8)210216
(0.6, -0.2, 0.8)210217
(0.6, -0.2, 0.8)210217
(0.6, -0.2, 0.8)210218
(0.6, -0.2, 0.8)210218
(0.6, -0.2, 0.8)210219
(0.6, -0.2, 0.8)210219
(0.6, -0.2, 0.8)210220
(0.6, -0.2, 0.8)210220
(0.6, -0.2, 0.8)210221
(0.6, -0.2, 0.8)210221
(0.6, -0.2, 0.8)210222
(0.6, -0.2, 0.8)210222
(0.6, -0.2, 0.8)210223
(0.6, -0.2, 0.8)210223
(0.6, -0.2, 0.8)210224
(0.6, -0.2, 0.8)210225
(0.6, -0.2, 0.8)210225
(0.6, -0.2, 0.8)210226
(0.6, -0.2, 0.8)210226
(0.6, -0.2, 0.8)210227
(0.6, -0.2, 0.8)210227
(0.6, -0.2, 0.8)210228
(0.6, -0.2, 0.8)210228
(0.6, -0.2, 0.8)210229
(0.6, -0.2, 0.8)210229
(0.6, -0.2, 0.8)210230
(0.6, -0.2, 0.8)210230
(0.6, -0.2, 0.8)210231
(0.6, -0.2, 0.8)210231
(0.6, -0.2, 0.8)210232
(0.6, -0.2, 0.8)210232
(0.6, -0.2, 0.8)210233
(0.6, -0.2, 0.8)210233
(0.6, -0.2, 0.8)210234
(0.6, -0.2, 0.8)210234
(0.6, -0.2, 0.8)210235
(0.6, -0.2, 0.8)210235
(0.6, -0.2, 0.8)210236
(0.6, -0.2, 0.8)210236
(0.6, -0.2, 0.8)210237
(0.6, -0.2, 0.8)210237
(0.6, -0.2, 0.8)210238
(0.6, -0.2, 0.8)210238
(0.6, -0.2, 0.8)210239
(0.6, -0.2, 0.8)210240
(0.6, -0.2, 0.8)210240
(0.6, -0.2, 0.8)210241
(0.6, -0.2, 0.8)210241
(0.6, -0.2, 0.8)210242
(0.6, -0.2, 0.8)210242
(0.6, -0.2, 0.8)210243
(0.6, -0.2, 0.8)210243
(0.6, -0.2, 0.8)210244
(0.6, -0.2, 0.8)210244
(0.6, -0.2, 0.8)210245
(0.6, -0.2, 0.8)210245
(0.6, -0.2, 0.8)210246
(0.6, -0.2, 0.8)210246
(0.6, -0.2, 0.8)210247
(0.6, -0.2, 0.8)210247
(0.6, -0.2, 0.8)210248
(0.6, -0.2, 0.8)210248
(0.6, -0.2, 0.8)210249
(0.6, -0.2, 0.8)210249
(0.6, -0.2, 0.8)210250
(0.6, -0.2, 0.8)210250
(0.6, -0.2, 0.8)210251
(0.6, -0.2, 0.8)210251
(0.6, -0.2, 0.8)210252
(0.6, -0.2, 0.8)210252
(0.6, -0.2, 0.8)210253
(0.6, -0.2, 0.8)210253
(0.6, -0.2, 0.8)210254
(0.6, -0.2, 0.8)210254
(0.6, -0.2, 0.8)210255
(0.6, -0.2, 0.8)210255
(0.6, -0.2, 0.8)210256
(0.6, -0.2, 0.8)210256
(0.6, -0.2, 0.8)210257
(0.6, -0.2, 0.8)210257
(0.6, -0.2, 0.8)210258
(0.6, -0.2, 0.8)210258
(0.6, -0.2, 0.8)210259
(0.6, -0.2, 0.8)210259
(0.6, -0.2, 0.8)210300
(0.6, -0.2, 0.8)210300
(0.6, -0.2, 0.8)210301
(0.6, -0.2, 0.8)210301
(0.6, -0.2, 0.8)210302
(0.6, -0.2, 0.8)210303
(0.6, -0.2, 0.8)210303
(0.6, -0.2, 0.8)210304
(0.6, -0.2, 0.8)210304
(0.6, -0.2, 0.8)210305
(0.6, -0.2, 0.8)210305
(0.6, -0.2, 0.8)210306
(0.6, -0.2, 0.8)210306
(0.6, -0.2, 0.8)210307
(0.6, -0.2, 0.8)210307
(0.6, -0.2, 0.8)210308
(0.6, -0.2, 0.8)210308
(0.6, -0.2, 0.8)210309
(0.6, -0.2, 0.8)210309
(0.6, -0.2, 0.8)210310
(0.6, -0.2, 0.8)210310
(0.6, -0.2, 0.8)210311
(0.6, -0.2, 0.8)210311
(0.6, -0.2, 0.8)210312
(0.6, -0.2, 0.8)210312
(0.6, -0.2, 0.8)210313
(0.6, -0.2, 0.8)210313
(0.6, -0.2, 0.8)210314
(0.6, -0.2, 0.8)210314
(0.6, -0.2, 0.8)210315
(0.6, -0.2, 0.8)210315
(0.6, -0.2, 0.8)210316
(0.6, -0.2, 0.8)210316
(0.6, -0.2, 0.8)210317
(0.6, -0.2, 0.8)210317
(0.6, -0.2, 0.8)210318
(0.6, -0.2, 0.8)210319
(0.6, -0.2, 0.8)210319
(0.6, -0.2, 0.8)210320
(0.6, -0.2, 0.8)210320
(0.6, -0.2, 0.8)210321
(0.6, -0.2, 0.8)210321
(0.6, -0.2, 0.8)210322
(0.6, -0.2, 0.8)210322
(0.6, -0.2, 0.8)210323
(0.6, -0.2, 0.8)210323
(0.6, -0.2, 0.8)210324
(0.6, -0.2, 0.8)210324
(0.6, -0.2, 0.8)210325
(0.6, -0.2, 0.8)210325
(0.6, -0.2, 0.8)210326
(0.6, -0.2, 0.8)210326
(0.6, -0.2, 0.8)210327
(0.6, -0.2, 0.8)210327
(0.6, -0.2, 0.8)210328
(0.6, -0.2, 0.8)210328
(0.6, -0.2, 0.8)210329
(0.6, -0.2, 0.8)210329
(0.6, -0.2, 0.8)210330
(0.6, -0.2, 0.8)210330
(0.6, -0.2, 0.8)210331
(0.6, -0.2, 0.8)210331
(0.6, -0.2, 0.8)210332
(0.6, -0.2, 0.8)210332
(0.6, -0.2, 0.8)210333
(0.6, -0.2, 0.8)210333
(0.6, -0.2, 0.8)210334
(0.6, -0.2, 0.8)210334
(0.6, -0.2, 0.8)210335
(0.6, -0.2, 0.8)210336
(0.6, -0.2, 0.8)210336
(0.6, -0.2, 0.8)210337
(0.6, -0.2, 0.8)210337
(0.6, -0.2, 0.8)210338
(0.6, -0.2, 0.8)210338
(0.6, -0.2, 0.8)210339
(0.6, -0.2, 0.8)210339
(0.6, -0.2, 0.8)210340
(0.6, -0.2, 0.8)210340
(0.6, -0.2, 0.8)210341
(0.6, -0.2, 0.8)210341
(0.6, -0.2, 0.8)210342
(0.6, -0.2, 0.8)210342
(0.6, -0.2, 0.8)210343
(0.6, -0.2, 0.8)210343
(0.6, -0.2, 0.8)210344
(0.6, -0.2, 0.8)210344
(0.6, -0.2, 0.8)210345
(0.6, -0.2, 0.8)210345
(0.6, -0.2, 0.8)210346
(0.6, -0.2, 0.8)210346
(0.6, -0.2, 0.8)210347
(0.6, -0.2, 0.8)210347
(0.6, -0.2, 0.8)210348
(0.6, -0.2, 0.8)210348
(0.6, -0.2, 0.8)210349
(0.6, -0.2, 0.8)210349
(0.6, -0.2, 0.8)210350
(0.6, -0.2, 0.8)210351
(0.6, -0.2, 0.8)210351
(0.6, -0.2, 0.8)210352
(0.6, -0.2, 0.8)210352
(0.6, -0.2, 0.8)210353
(0.6, -0.2, 0.8)210353
(0.6, -0.2, 0.8)210354
(0.6, -0.2, 0.8)210354
(0.6, -0.2, 0.8)210355
(0.6, -0.2, 0.8)210355
(0.6, -0.2, 0.8)210356
(0.6, -0.2, 0.8)210356
(0.6, -0.2, 0.8)210357
(0.6, -0.2, 0.8)210357
(0.6, -0.2, 0.8)210358
(0.6, -0.2, 0.8)210358
(0.6, -0.2, 0.8)210359
(0.6, -0.2, 0.8)210359
(0.6, -0.2, 0.8)210400
(0.6, -0.2, 0.8)210400
(0.6, -0.2, 0.8)210401
(0.6, -0.2, 0.8)210401
(0.6, -0.2, 0.8)210402
(0.6, -0.2, 0.8)210402
(0.6, -0.2, 0.8)210403
(0.6, -0.2, 0.8)210403
(0.6, -0.2, 0.8)210404
(0.6, -0.2, 0.8)210404
(0.6, -0.2, 0.8)210405
(0.6, -0.2, 0.8)210405
(0.6, -0.2, 0.8)210406
(0.6, -0.2, 0.8)210406
(0.6, -0.2, 0.8)210407
(0.6, -0.2, 0.8)210407
(0.6, -0.2, 0.8)210408
(0.6, -0.2, 0.8)210408
(0.6, -0.2, 0.8)210409
(0.6, -0.2, 0.8)210409
(0.6, -0.2, 0.8)210410
(0.6, -0.2, 0.8)210410
(0.6, -0.2, 0.8)210411
(0.6, -0.2, 0.8)210411
(0.6, -0.2, 0.8)210412
(0.6, -0.2, 0.8)210412
(0.6, -0.2, 0.8)210413
(0.6, -0.2, 0.8)210413
(0.6, -0.2, 0.8)210414
(0.6, -0.2, 0.8)210415
(0.6, -0.2, 0.8)210415
(0.6, -0.2, 0.8)210416
(0.6, -0.2, 0.8)210416
(0.6, -0.2, 0.8)210417
(0.6, -0.2, 0.8)210417
(0.6, -0.2, 0.8)210418
(0.6, -0.2, 0.8)210418
(0.6, -0.2, 0.8)210419
(0.6, -0.2, 0.8)210419
(0.6, -0.2, 0.8)210420
(0.6, -0.2, 0.8)210420
(0.6, -0.2, 0.8)210421
(0.6, -0.2, 0.8)210421
(0.6, -0.2, 0.8)210422
(0.6, -0.2, 0.8)210422
(0.6, -0.2, 0.8)210423
(0.6, -0.2, 0.8)210423
(0.6, -0.2, 0.8)210424
(0.6, -0.2, 0.8)210424
(0.6, -0.2, 0.8)210425
(0.6, -0.2, 0.8)210425
(0.6, -0.2, 0.8)210426
(0.6, -0.2, 0.8)210426
(0.6, -0.2, 0.8)210427
(0.6, -0.2, 0.8)210427
(0.6, -0.2, 0.8)210428
(0.6, -0.2, 0.8)210428
(0.6, -0.2, 0.8)210429
(0.6, -0.2, 0.8)210429
(0.6, -0.2, 0.8)210430
(0.6, -0.2, 0.8)210430
(0.6, -0.2, 0.8)210431
(0.6, -0.2, 0.8)210431
(0.6, -0.2, 0.8)210432
(0.6, -0.2, 0.8)210433
(0.6, -0.2, 0.8)210433
(0.6, -0.2, 0.8)210434
(0.6, -0.2, 0.8)210434
(0.6, -0.2, 0.8)210435
(0.6, -0.2, 0.8)210435
(0.6, -0.2, 0.8)210436
(0.6, -0.2, 0.8)210436
(0.6, -0.2, 0.8)210437
(0.6, -0.2, 0.8)210437
(0.6, -0.2, 0.8)210438
(0.6, -0.2, 0.8)210438
(0.6, -0.2, 0.8)210439
(0.6, -0.2, 0.8)210439
(0.6, -0.2, 0.8)210440
(0.6, -0.2, 0.8)210440
(0.6, -0.2, 0.8)210441
(0.6, -0.2, 0.8)210441
(0.6, -0.2, 0.8)210442
(0.6, -0.2, 0.8)210442
(0.6, -0.2, 0.8)210443
(0.6, -0.2, 0.8)210443
(0.6, -0.2, 0.8)210444
(0.6, -0.2, 0.8)210444
(0.6, -0.2, 0.8)210445
(0.6, -0.2, 0.8)210445
(0.6, -0.2, 0.8)210446
(0.6, -0.2, 0.8)210447
(0.6, -0.2, 0.8)210447
(0.6, -0.2, 0.8)210448
(0.6, -0.2, 0.8)210448
(0.6, -0.2, 0.8)210449
(0.6, -0.2, 0.8)210449
(0.6, -0.2, 0.8)210450
(0.6, -0.2, 0.8)210450
(0.6, -0.2, 0.8)210451
(0.6, -0.2, 0.8)210451
(0.6, -0.2, 0.8)210452
(0.6, -0.2, 0.8)210452
(0.6, -0.2, 0.8)210453
(0.6, -0.2, 0.8)210453
(0.6, -0.2, 0.8)210454
(0.6, -0.2, 0.8)210454
(0.6, -0.2, 0.8)210455
(0.6, -0.2, 0.8)210455
(0.6, -0.2, 0.8)210456
(0.6, -0.2, 0.8)210456
(0.6, -0.2, 0.8)210457
(0.6, -0.2, 0.8)210457
(0.6, -0.2, 0.8)210458
(0.6, -0.2, 0.8)210458
(0.6, -0.2, 0.8)210459
(0.6, -0.2, 0.8)210459
(0.6, -0.2, 0.8)210500
(0.6, -0.2, 0.8)210500
(0.6, -0.2, 0.8)210501
(0.6, -0.2, 0.8)210501
(0.6, -0.2, 0.8)210502
(0.6, -0.2, 0.8)210502
(0.6, -0.2, 0.8)210503
(0.6, -0.2, 0.8)210503
(0.6, -0.2, 0.8)210504
(0.6, -0.2, 0.8)210505
(0.6, -0.2, 0.8)210505
(0.6, -0.2, 0.8)210506
(0.6, -0.2, 0.8)210506
(0.6, -0.2, 0.8)210507
(0.6, -0.2, 0.8)210507
(0.6, -0.2, 0.8)210508
(0.6, -0.2, 0.8)210508
(0.6, -0.2, 0.8)210509
(0.6, -0.2, 0.8)210509
(0.6, -0.2, 0.8)210510
(0.6, -0.2, 0.8)210510
(0.6, -0.2, 0.8)210511
(0.6, -0.2, 0.8)210511
(0.6, -0.2, 0.8)210512
(0.6, -0.2, 0.8)210512
(0.6, -0.2, 0.8)210513
(0.6, -0.2, 0.8)210513
(0.6, -0.2, 0.8)210514
(0.6, -0.2, 0.8)210514
(0.6, -0.2, 0.8)210515
(0.6, -0.2, 0.8)210515
(0.6, -0.2, 0.8)210516
(0.6, -0.2, 0.8)210516
(0.6, -0.2, 0.8)210517
(0.6, -0.2, 0.8)210517
(0.6, -0.2, 0.8)210518
(0.6, -0.2, 0.8)210518
(0.6, -0.2, 0.8)210519
(0.6, -0.2, 0.8)210519
(0.6, -0.2, 0.8)210520
(0.6, -0.2, 0.8)210520
(0.6, -0.2, 0.8)210521
(0.6, -0.2, 0.8)210521
(0.6, -0.2, 0.8)210522
(0.6, -0.2, 0.8)210522
(0.6, -0.2, 0.8)210523
(0.6, -0.2, 0.8)210523
(0.6, -0.2, 0.8)210524
(0.6, -0.2, 0.8)210525
(0.6, -0.2, 0.8)210525
(0.6, -0.2, 0.8)210526
(0.6, -0.2, 0.8)210526
(0.6, -0.2, 0.8)210527
(0.6, -0.2, 0.8)210527
(0.6, -0.2, 0.8)210528
(0.6, -0.2, 0.8)210528
(0.6, -0.2, 0.8)210529
(0.6, -0.2, 0.8)210529
(0.6, -0.2, 0.8)210530
(0.6, -0.2, 0.8)210530
(0.6, -0.2, 0.8)210531
(0.6, -0.2, 0.8)210531
(0.6, -0.2, 0.8)210532
(0.6, -0.2, 0.8)210532
(0.6, -0.2, 0.8)210533
(0.6, -0.2, 0.8)210533
(0.6, -0.2, 0.8)210534
(0.6, -0.2, 0.8)210534
(0.6, -0.2, 0.8)210535
(0.6, -0.2, 0.8)210535
(0.6, -0.2, 0.8)210536
(0.6, -0.2, 0.8)210536
(0.6, -0.2, 0.8)210537
(0.6, -0.2, 0.8)210537
(0.6, -0.2, 0.8)210538
(0.6, -0.2, 0.8)210538
(0.6, -0.2, 0.8)210539
(0.6, -0.2, 0.8)210540
(0.6, -0.2, 0.8)210540
(0.6, -0.2, 0.8)210541
(0.6, -0.2, 0.8)210541
(0.6, -0.2, 0.8)210542
(0.6, -0.2, 0.8)210542
(0.6, -0.2, 0.8)210543
(0.6, -0.2, 0.8)210543
(0.6, -0.2, 0.8)210544
(0.6, -0.2, 0.8)210544
(0.6, -0.2, 0.8)210545
(0.6, -0.2, 0.8)210545
(0.6, -0.2, 0.8)210546
(0.6, -0.2, 0.8)210546
(0.6, -0.2, 0.8)210547
(0.6, -0.2, 0.8)210547
(0.6, -0.2, 0.8)210548
(0.6, -0.2, 0.8)210548
(0.6, -0.2, 0.8)210549
(0.6, -0.2, 0.8)210549
(0.6, -0.2, 0.8)210550
(0.6, -0.2, 0.8)210550
(0.6, -0.2, 0.8)210551
(0.6, -0.2, 0.8)210551
(0.6, -0.2, 0.8)210552
(0.6, -0.2, 0.8)210552
(0.6, -0.2, 0.8)210553
(0.6, -0.2, 0.8)210553
(0.6, -0.2, 0.8)210554
(0.6, -0.2, 0.8)210554
(0.6, -0.2, 0.8)210555
(0.6, -0.2, 0.8)210555
(0.6, -0.2, 0.8)210556
(0.6, -0.2, 0.8)210557
(0.6, -0.2, 0.8)210557
(0.6, -0.2, 0.8)210558
(0.6, -0.2, 0.8)210558
(0.6, -0.2, 0.8)210559
(0.6, -0.2, 0.8)210559
(0.6, -0.2, 0.8)210600
(0.6, -0.2, 0.8)210600
(0.6, -0.2, 0.8)210601
(0.6, -0.2, 0.8)210601
(0.6, -0.2, 0.8)210602
(0.6, -0.2, 0.8)210602
(0.6, -0.2, 0.8)210603
(0.6, -0.2, 0.8)210603
(0.6, -0.2, 0.8)210604
(0.6, -0.2, 0.8)210604
(0.6, -0.2, 0.8)210605
(0.6, -0.2, 0.8)210605
(0.6, -0.2, 0.8)210606
(0.6, -0.2, 0.8)210606
(0.6, -0.2, 0.8)210607
(0.6, -0.2, 0.8)210607
(0.6, -0.2, 0.8)210608
(0.6, -0.2, 0.8)210608
(0.6, -0.2, 0.8)210609
(0.6, -0.2, 0.8)210609
(0.6, -0.2, 0.8)210610
(0.6, -0.2, 0.8)210610
(0.6, -0.2, 0.8)210611
(0.6, -0.2, 0.8)210611
(0.6, -0.2, 0.8)210612
(0.6, -0.2, 0.8)210613
(0.6, -0.2, 0.8)210613
(0.6, -0.2, 0.8)210614
(0.6, -0.2, 0.8)210614
(0.6, -0.2, 0.8)210615
(0.6, -0.2, 0.8)210615
(0.6, -0.2, 0.8)210616
(0.6, -0.2, 0.8)210616
(0.6, -0.2, 0.8)210617
(0.6, -0.2, 0.8)210617
(0.6, -0.2, 0.8)210618
(0.6, -0.2, 0.8)210618
(0.6, -0.2, 0.8)210619
(0.6, -0.2, 0.8)210619
(0.6, -0.2, 0.8)210620
(0.6, -0.2, 0.8)210620
(0.6, -0.2, 0.8)210621
(0.6, -0.2, 0.8)210621
(0.6, -0.2, 0.8)210622
(0.6, -0.2, 0.8)210622
(0.6, -0.2, 0.8)210623
(0.6, -0.2, 0.8)210623
(0.6, -0.2, 0.8)210624
(0.6, -0.2, 0.8)210624
(0.6, -0.2, 0.8)210625
(0.6, -0.2, 0.8)210625
(0.6, -0.2, 0.8)210626
(0.6, -0.2, 0.8)210626
(0.6, -0.2, 0.8)210627
(0.6, -0.2, 0.8)210627
(0.6, -0.2, 0.8)210628
(0.6, -0.2, 0.8)210628
(0.6, -0.2, 0.8)210629
(0.6, -0.2, 0.8)210629
(0.6, -0.2, 0.8)210630
(0.6, -0.2, 0.8)210631
(0.6, -0.2, 0.8)210631
(0.6, -0.2, 0.8)210632
(0.6, -0.2, 0.8)210632
(0.6, -0.2, 0.8)210633
(0.6, -0.2, 0.8)210633
(0.6, -0.2, 0.8)210634
(0.6, -0.2, 0.8)210634
(0.6, -0.2, 0.8)210635
(0.6, -0.2, 0.8)210635
(0.6, -0.2, 0.8)210636
(0.6, -0.2, 0.8)210636
(0.6, -0.2, 0.8)210637
(0.6, -0.2, 0.8)210637
(0.6, -0.2, 0.8)210638
(0.6, -0.2, 0.8)210638
(0.6, -0.2, 0.8)210639
(0.6, -0.2, 0.8)210639
(0.6, -0.2, 0.8)210640
(0.6, -0.2, 0.8)210640
(0.6, -0.2, 0.8)210641
(0.6, -0.2, 0.8)210641
(0.6, -0.2, 0.8)210642
(0.6, -0.2, 0.8)210642
(0.6, -0.2, 0.8)210643
(0.6, -0.2, 0.8)210643
(0.6, -0.2, 0.8)210644
(0.6, -0.2, 0.8)210644
(0.6, -0.2, 0.8)210645
(0.6, -0.2, 0.8)210646
(0.6, -0.2, 0.8)210646
(0.6, -0.2, 0.8)210647
(0.6, -0.2, 0.8)210647
(0.6, -0.2, 0.8)210648
(0.6, -0.2, 0.8)210648
(0.6, -0.2, 0.8)210649
(0.6, -0.2, 0.8)210649
(0.6, -0.2, 0.8)210650
(0.6, -0.2, 0.8)210650
(0.6, -0.2, 0.8)210651
(0.6, -0.2, 0.8)210651
(0.6, -0.2, 0.8)210652
(0.6, -0.2, 0.8)210652
(0.6, -0.2, 0.8)210653
(0.6, -0.2, 0.8)210653
(0.6, -0.2, 0.8)210654
(0.6, -0.2, 0.8)210654
(0.6, -0.2, 0.8)210655
(0.6, -0.2, 0.8)210655
(0.6, -0.2, 0.8)210656
(0.6, -0.2, 0.8)210656
(0.6, -0.2, 0.8)210657
(0.6, -0.2, 0.8)210657
(0.6, -0.2, 0.8)210658
(0.6, -0.2, 0.8)210658
(0.6, -0.2, 0.8)210659
(0.6, -0.2, 0.8)210659
(0.6, -0.2, 0.8)210700
(0.6, -0.2, 0.8)210700
(0.6, -0.2, 0.8)210701
(0.6, -0.2, 0.8)210701
(0.6, -0.2, 0.8)210702
(0.6, -0.2, 0.8)210702
(0.6, -0.2, 0.8)210703
(0.6, -0.2, 0.8)210703
(0.6, -0.2, 0.8)210704
(0.6, -0.2, 0.8)210704
(0.6, -0.2, 0.8)210705
(0.6, -0.2, 0.8)210706
(0.6, -0.2, 0.8)210706
(0.6, -0.2, 0.8)210707
(0.6, -0.2, 0.8)210707
(0.6, -0.2, 0.8)210708
(0.6, -0.2, 0.8)210708
(0.6, -0.2, 0.8)210709
(0.6, -0.2, 0.8)210709
(0.6, -0.2, 0.8)210710
(0.6, -0.2, 0.8)210710
(0.6, -0.2, 0.8)210711
(0.6, -0.2, 0.8)210711
(0.6, -0.2, 0.8)210712
(0.6, -0.2, 0.8)210712
(0.6, -0.2, 0.8)210713
(0.6, -0.2, 0.8)210713
(0.6, -0.2, 0.8)210714
(0.6, -0.2, 0.8)210714
(0.6, -0.2, 0.8)210715
(0.6, -0.2, 0.8)210715
(0.6, -0.2, 0.8)210716
(0.6, -0.2, 0.8)210716
(0.6, -0.2, 0.8)210717
(0.6, -0.2, 0.8)210717
(0.6, -0.2, 0.8)210718
(0.6, -0.2, 0.8)210718
(0.6, -0.2, 0.8)210719
(0.6, -0.2, 0.8)210719
(0.6, -0.2, 0.8)210720
(0.6, -0.2, 0.8)210720
(0.6, -0.2, 0.8)210721
(0.6, -0.2, 0.8)210721
(0.6, -0.2, 0.8)210722
(0.6, -0.2, 0.8)210722
(0.6, -0.2, 0.8)210723
(0.6, -0.2, 0.8)210723
(0.6, -0.2, 0.8)210724
(0.6, -0.2, 0.8)210724
(0.6, -0.2, 0.8)210725
(0.6, -0.2, 0.8)210725
(0.6, -0.2, 0.8)210726
(0.6, -0.2, 0.8)210726
(0.6, -0.2, 0.8)210727
(0.6, -0.2, 0.8)210727
(0.6, -0.2, 0.8)210728
(0.6, -0.2, 0.8)210729
(0.6, -0.2, 0.8)210729
(0.6, -0.2, 0.8)210730
(0.6, -0.2, 0.8)210730
(0.6, -0.2, 0.8)210731
(0.6, -0.2, 0.8)210731
(0.6, -0.2, 0.8)210732
(0.6, -0.2, 0.8)210732
(0.6, -0.2, 0.8)210733
(0.6, -0.2, 0.8)210733
(0.6, -0.2, 0.8)210734
(0.6, -0.2, 0.8)210734
(0.6, -0.2, 0.8)210735
(0.6, -0.2, 0.8)210735
(0.6, -0.2, 0.8)210736
(0.6, -0.2, 0.8)210736
(0.6, -0.2, 0.8)210737
(0.6, -0.2, 0.8)210737
(0.6, -0.2, 0.8)210738
(0.6, -0.2, 0.8)210738
(0.6, -0.2, 0.8)210739
(0.6, -0.2, 0.8)210739
(0.6, -0.2, 0.8)210740
(0.6, -0.2, 0.8)210740
(0.6, -0.2, 0.8)210741
(0.6, -0.2, 0.8)210741
(0.6, -0.2, 0.8)210742
(0.6, -0.2, 0.8)210742
(0.6, -0.2, 0.8)210743
(0.6, -0.2, 0.8)210743
(0.6, -0.2, 0.8)210744
(0.6, -0.2, 0.8)210744
(0.6, -0.2, 0.8)210745
(0.6, -0.2, 0.8)210745
(0.6, -0.2, 0.8)210746
(0.6, -0.2, 0.8)210747
(0.6, -0.2, 0.8)210747
(0.6, -0.2, 0.8)210748
(0.6, -0.2, 0.8)210748
(0.6, -0.2, 0.8)210749
(0.6, -0.2, 0.8)210749
(0.6, -0.2, 0.8)210750
(0.6, -0.2, 0.8)210750
(0.6, -0.2, 0.8)210751
(0.6, -0.2, 0.8)210751
(0.6, -0.2, 0.8)210752
(0.6, -0.2, 0.8)210752
(0.6, -0.2, 0.8)210753
(0.6, -0.2, 0.8)210753
(0.6, -0.2, 0.8)210754
(0.6, -0.2, 0.8)210754
(0.6, -0.2, 0.8)210755
(0.6, -0.2, 0.8)210755
(0.6, -0.2, 0.8)210756
(0.6, -0.2, 0.8)210756
(0.6, -0.2, 0.8)210757
(0.6, -0.2, 0.8)210757
(0.6, -0.2, 0.8)210758
(0.6, -0.2, 0.8)210758
(0.6, -0.2, 0.8)210759
(0.6, -0.2, 0.8)210759
(0.6, -0.2, 0.8)210800
(0.6, -0.2, 0.8)210801
(0.6, -0.2, 0.8)210801
(0.6, -0.2, 0.8)210802
(0.6, -0.2, 0.8)210802
(0.6, -0.2, 0.8)210803
(0.6, -0.2, 0.8)210803
(0.6, -0.2, 0.8)210804
(0.6, -0.2, 0.8)210804
(0.6, -0.2, 0.8)210805
(0.6, -0.2, 0.8)210805
(0.6, -0.2, 0.8)210806
(0.6, -0.2, 0.8)210806
(0.6, -0.2, 0.8)210807
(0.6, -0.2, 0.8)210807
(0.6, -0.2, 0.8)210808
(0.6, -0.2, 0.8)210808
(0.6, -0.2, 0.8)210809
(0.6, -0.2, 0.8)210809
(0.6, -0.2, 0.8)210810
(0.6, -0.2, 0.8)210810
(0.6, -0.2, 0.8)210811
(0.6, -0.2, 0.8)210811
(0.6, -0.2, 0.8)210812
(0.6, -0.2, 0.8)210812
(0.6, -0.2, 0.8)210813
(0.6, -0.2, 0.8)210813
(0.6, -0.2, 0.8)210814
(0.6, -0.2, 0.8)210814
(0.6, -0.2, 0.8)210815
(0.6, -0.2, 0.8)210815
(0.6, -0.2, 0.8)210816
(0.6, -0.2, 0.8)210816
(0.6, -0.2, 0.8)210817
(0.6, -0.2, 0.8)210817
(0.6, -0.2, 0.8)210818
(0.6, -0.2, 0.8)210818
(0.6, -0.2, 0.8)210819
(0.6, -0.2, 0.8)210820
(0.6, -0.2, 0.8)210820
(0.6, -0.2, 0.8)210821
(0.6, -0.2, 0.8)210821
(0.6, -0.2, 0.8)210822
(0.6, -0.2, 0.8)210822
(0.6, -0.2, 0.8)210823
(0.6, -0.2, 0.8)210823
(0.6, -0.2, 0.8)210824
(0.6, -0.2, 0.8)210824
(0.6, -0.2, 0.8)210825
(0.6, -0.2, 0.8)210825
(0.6, -0.2, 0.8)210826
(0.6, -0.2, 0.8)210826
(0.6, -0.2, 0.8)210827
(0.6, -0.2, 0.8)210827
(0.6, -0.2, 0.8)210828
(0.6, -0.2, 0.8)210828
(0.6, -0.2, 0.8)210829
(0.6, -0.2, 0.8)210829
(0.6, -0.2, 0.8)210830
(0.6, -0.2, 0.8)210830
(0.6, -0.2, 0.8)210831
(0.6, -0.2, 0.8)210831
(0.6, -0.2, 0.8)210832
(0.6, -0.2, 0.8)210833
(0.6, -0.2, 0.8)210833
(0.6, -0.2, 0.8)210834
(0.6, -0.2, 0.8)210834
(0.6, -0.2, 0.8)210835
(0.6, -0.2, 0.8)210835
(0.6, -0.2, 0.8)210836
(0.6, -0.2, 0.8)210836
(0.6, -0.2, 0.8)210837
(0.6, -0.2, 0.8)210837
(0.6, -0.2, 0.8)210838
(0.6, -0.2, 0.8)210838
(0.6, -0.2, 0.8)210839
(0.6, -0.2, 0.8)210839
(0.6, -0.2, 0.8)210840
(0.6, -0.2, 0.8)210840
(0.6, -0.2, 0.8)210841
(0.6, -0.2, 0.8)210841
(0.6, -0.2, 0.8)210842
(0.6, -0.2, 0.8)210842
(0.6, -0.2, 0.8)210843
(0.6, -0.2, 0.8)210843
(0.6, -0.2, 0.8)210844
(0.6, -0.2, 0.8)210844
(0.6, -0.2, 0.8)210845
(0.6, -0.2, 0.8)210845
(0.6, -0.2, 0.8)210846
(0.6, -0.2, 0.8)210847
(0.6, -0.2, 0.8)210847
(0.6, -0.2, 0.8)210848
(0.6, -0.2, 0.8)210848
(0.6, -0.2, 0.8)210849
(0.6, -0.2, 0.8)210849
(0.6, -0.2, 0.8)210850
(0.6, -0.2, 0.8)210850
(0.6, -0.2, 0.8)210851
(0.6, -0.2, 0.8)210851
(0.6, -0.2, 0.8)210852
(0.6, -0.2, 0.8)210852
(0.6, -0.2, 0.8)210853
(0.6, -0.2, 0.8)210853
(0.6, -0.2, 0.8)210854
(0.6, -0.2, 0.8)210854
(0.6, -0.2, 0.8)210855
(0.6, -0.2, 0.8)210855
(0.6, -0.2, 0.8)210856
(0.6, -0.2, 0.8)210856
(0.6, -0.2, 0.8)210857
(0.6, -0.2, 0.8)210857
(0.6, -0.2, 0.8)210858
(0.6, -0.2, 0.8)210858
(0.6, -0.2, 0.8)210859
(0.6, -0.2, 0.8)210859
(0.6, -0.2, 0.8)210900
(0.6, -0.2, 0.8)210900
(0.6, -0.2, 0.8)210901
(0.6, -0.2, 0.8)210901
(0.6, -0.2, 0.8)210902
(0.6, -0.2, 0.8)210902
(0.6, -0.2, 0.8)210903
(0.6, -0.2, 0.8)210904
(0.6, -0.2, 0.8)210904
(0.6, -0.2, 0.8)210905
(0.6, -0.2, 0.8)210905
(0.6, -0.2, 0.8)210906
(0.6, -0.2, 0.8)210906
(0.6, -0.2, 0.8)210907
(0.6, -0.2, 0.8)210907
(0.6, -0.2, 0.8)210908
(0.6, -0.2, 0.8)210908
(0.6, -0.2, 0.8)210909
(0.6, -0.2, 0.8)210909
(0.6, -0.2, 0.8)210910
(0.6, -0.2, 0.8)210910
(0.6, -0.2, 0.8)210911
(0.6, -0.2, 0.8)210911
(0.6, -0.2, 0.8)210912
(0.6, -0.2, 0.8)210912
(0.6, -0.2, 0.8)210913
(0.6, -0.2, 0.8)210913
(0.6, -0.2, 0.8)210914
(0.6, -0.2, 0.8)210914
(0.6, -0.2, 0.8)210915
(0.6, -0.2, 0.8)210915
(0.6, -0.2, 0.8)210916
(0.6, -0.2, 0.8)210916
(0.6, -0.2, 0.8)210917
(0.6, -0.2, 0.8)210917
(0.6, -0.2, 0.8)210918
(0.6, -0.2, 0.8)210918
(0.6, -0.2, 0.8)210919
(0.6, -0.2, 0.8)210919
(0.6, -0.2, 0.8)210920
(0.6, -0.2, 0.8)210920
(0.6, -0.2, 0.8)210921
(0.6, -0.2, 0.8)210922
(0.6, -0.2, 0.8)210922
(0.6, -0.2, 0.8)210923
(0.6, -0.2, 0.8)210923
(0.6, -0.2, 0.8)210924
(0.6, -0.2, 0.8)210924
(0.6, -0.2, 0.8)210925
(0.6, -0.2, 0.8)210925
(0.6, -0.2, 0.8)210926
(0.6, -0.2, 0.8)210926
(0.6, -0.2, 0.8)210927
(0.6, -0.2, 0.8)210927
(0.6, -0.2, 0.8)210928
(0.6, -0.2, 0.8)210928
(0.6, -0.2, 0.8)210929
(0.6, -0.2, 0.8)210929
(0.6, -0.2, 0.8)210930
(0.6, -0.2, 0.8)210930
(0.6, -0.2, 0.8)210931
(0.6, -0.2, 0.8)210931
(0.6, -0.2, 0.8)210932
(0.6, -0.2, 0.8)210932
(0.6, -0.2, 0.8)210933
(0.6, -0.2, 0.8)210933
(0.6, -0.2, 0.8)210934
(0.6, -0.2, 0.8)210934
(0.6, -0.2, 0.8)210935
(0.6, -0.2, 0.8)210936
(0.6, -0.2, 0.8)210936
(0.6, -0.2, 0.8)210937
(0.6, -0.2, 0.8)210937
(0.6, -0.2, 0.8)210938
(0.6, -0.2, 0.8)210938
(0.6, -0.2, 0.8)210939
(0.6, -0.2, 0.8)210939
(0.6, -0.2, 0.8)210940
(0.6, -0.2, 0.8)210940
(0.6, -0.2, 0.8)210941
(0.6, -0.2, 0.8)210941
(0.6, -0.2, 0.8)210942
(0.6, -0.2, 0.8)210942
(0.6, -0.2, 0.8)210943
(0.6, -0.2, 0.8)210943
(0.6, -0.2, 0.8)210944
(0.6, -0.2, 0.8)210944
(0.6, -0.2, 0.8)210945
(0.6, -0.2, 0.8)210945
(0.6, -0.2, 0.8)210946
(0.6, -0.2, 0.8)210946
(0.6, -0.2, 0.8)210947
(0.6, -0.2, 0.8)210948
(0.6, -0.2, 0.8)210948
(0.6, -0.2, 0.8)210949
(0.6, -0.2, 0.8)210949
(0.6, -0.2, 0.8)210950
(0.6, -0.2, 0.8)210950
(0.6, -0.2, 0.8)210951
(0.6, -0.2, 0.8)210951
(0.6, -0.2, 0.8)210952
(0.6, -0.2, 0.8)210952
(0.6, -0.2, 0.8)210953
(0.6, -0.2, 0.8)210953
(0.6, -0.2, 0.8)210954
(0.6, -0.2, 0.8)210954
(0.6, -0.2, 0.8)210955
(0.6, -0.2, 0.8)210955
(0.6, -0.2, 0.8)210956
(0.6, -0.2, 0.8)210956
(0.6, -0.2, 0.8)210957
(0.6, -0.2, 0.8)210957
(0.6, -0.2, 0.8)210958
(0.6, -0.2, 0.8)210958
(0.6, -0.2, 0.8)210959
(0.6, -0.2, 0.8)210959
(0.6, -0.2, 0.8)211000
(0.6, -0.2, 0.8)211000
(0.6, -0.2, 0.8)211001
(0.6, -0.2, 0.8)211001
(0.6, -0.2, 0.8)211002
(0.6, -0.2, 0.8)211002
(0.6, -0.2, 0.8)211003
(0.6, -0.2, 0.8)211003
(0.6, -0.2, 0.8)211004
(0.6, -0.2, 0.8)211004
(0.6, -0.2, 0.8)211005
(0.6, -0.2, 0.8)211005
(0.6, -0.2, 0.8)211006
(0.6, -0.2, 0.8)211006
(0.6, -0.2, 0.8)211007
(0.6, -0.2, 0.8)211007
(0.6, -0.2, 0.8)211008
(0.6, -0.2, 0.8)211008
(0.6, -0.2, 0.8)211009
(0.6, -0.2, 0.8)211009
(0.6, -0.2, 0.8)211010
(0.6, -0.2, 0.8)211011
(0.6, -0.2, 0.8)211011
(0.6, -0.2, 0.8)211012
(0.6, -0.2, 0.8)211012
(0.6, -0.2, 0.8)211013
(0.6, -0.2, 0.8)211013
(0.6, -0.2, 0.8)211014
(0.6, -0.2, 0.8)211014
(0.6, -0.2, 0.8)211015
(0.6, -0.2, 0.8)211015
(0.6, -0.2, 0.8)211016
(0.6, -0.2, 0.8)211016
(0.6, -0.2, 0.8)211017
(0.6, -0.2, 0.8)211017
(0.6, -0.2, 0.8)211018
(0.6, -0.2, 0.8)211018
(0.6, -0.2, 0.8)211019
(0.6, -0.2, 0.8)211019
(0.6, -0.2, 0.8)211020
(0.6, -0.2, 0.8)211021
(0.6, -0.2, 0.8)211021
(0.6, -0.2, 0.8)211022
(0.6, -0.2, 0.8)211022
(0.6, -0.2, 0.8)211023
(0.6, -0.2, 0.8)211023
(0.6, -0.2, 0.8)211024
(0.6, -0.2, 0.8)211024
(0.6, -0.2, 0.8)211025
(0.6, -0.2, 0.8)211025
(0.6, -0.2, 0.8)211026
(0.6, -0.2, 0.8)211026
(0.6, -0.2, 0.8)211027
(0.6, -0.2, 0.8)211027
(0.6, -0.2, 0.8)211028
(0.6, -0.2, 0.8)211028
(0.6, -0.2, 0.8)211029
(0.6, -0.2, 0.8)211029
(0.6, -0.2, 0.8)211030
(0.6, -0.2, 0.8)211030
(0.6, -0.2, 0.8)211031
(0.6, -0.2, 0.8)211031
(0.6, -0.2, 0.8)211032
(0.6, -0.2, 0.8)211032
(0.6, -0.2, 0.8)211033
(0.6, -0.2, 0.8)211033
(0.6, -0.2, 0.8)211034
(0.6, -0.2, 0.8)211034
(0.6, -0.2, 0.8)211035
(0.6, -0.2, 0.8)211035
(0.6, -0.2, 0.8)211036
(0.6, -0.2, 0.8)211036
(0.6, -0.2, 0.8)211037
(0.6, -0.2, 0.8)211037
(0.6, -0.2, 0.8)211038
(0.6, -0.2, 0.8)211039
(0.6, -0.2, 0.8)211039
(0.6, -0.2, 0.8)211040
(0.6, -0.2, 0.8)211040
(0.6, -0.2, 0.8)211041
(0.6, -0.2, 0.8)211041
(0.6, -0.2, 0.8)211042
(0.6, -0.2, 0.8)211042
(0.6, -0.2, 0.8)211043
(0.6, -0.2, 0.8)211043
(0.6, -0.2, 0.8)211044
(0.6, -0.2, 0.8)211044
(0.6, -0.2, 0.8)211045
(0.6, -0.2, 0.8)211045
(0.6, -0.2, 0.8)211046
(0.6, -0.2, 0.8)211046
(0.6, -0.2, 0.8)211047
(0.6, -0.2, 0.8)211047
(0.6, -0.2, 0.8)211048
(0.6, -0.2, 0.8)211048
(0.6, -0.2, 0.8)211049
(0.6, -0.2, 0.8)211049
(0.6, -0.2, 0.8)211050
(0.6, -0.2, 0.8)211050
(0.6, -0.2, 0.8)211051
(0.6, -0.2, 0.8)211051
(0.6, -0.2, 0.8)211052
(0.6, -0.2, 0.8)211052
(0.6, -0.2, 0.8)211053
(0.6, -0.2, 0.8)211053
(0.6, -0.2, 0.8)211054
(0.6, -0.2, 0.8)211054
(0.6, -0.2, 0.8)211055
(0.6, -0.2, 0.8)211055
(0.6, -0.2, 0.8)211056
(0.6, -0.2, 0.8)211056
(0.6, -0.2, 0.8)211057
(0.6, -0.2, 0.8)211057
(0.6, -0.2, 0.8)211058
(0.6, -0.2, 0.8)211059
(0.6, -0.2, 0.8)211059
(0.6, -0.2, 0.8)211100
(0.6, -0.3, 0.8)211100
(0.4, -0.5, 0.7)211101
(0.4, -0.5, 0.7)211101
(0.4, -0.5, 0.7)211102
(0.4, -0.5, 0.7)211102
(0.4, -0.5, 0.7)211103
(0.4, -0.5, 0.7)211103
(0.4, -0.5, 0.7)211104
(0.4, -0.5, 0.7)211104
(0.4, -0.5, 0.7)211105
(0.4, -0.5, 0.7)211105
(0.4, -0.5, 0.7)211106
(0.4, -0.5, 0.7)211106
(0.4, -0.5, 0.7)211107
(0.4, -0.5, 0.7)211107
(0.4, -0.5, 0.7)211108
(0.4, -0.5, 0.7)211108
(0.4, -0.5, 0.7)211109
(0.4, -0.5, 0.7)211109
(0.4, -0.5, 0.7)211110
(0.4, -0.5, 0.7)211110
(0.4, -0.5, 0.7)211111
(0.4, -0.5, 0.7)211111
(0.4, -0.5, 0.7)211112
(0.4, -0.5, 0.7)211112
(0.4, -0.5, 0.7)211113
(0.4, -0.5, 0.7)211113
(0.4, -0.5, 0.7)211114
(0.4, -0.5, 0.7)211114
(0.4, -0.5, 0.7)211115
(0.4, -0.5, 0.7)211115
(0.4, -0.5, 0.7)211116
(0.4, -0.5, 0.7)211116
(0.4, -0.5, 0.7)211117
(0.4, -0.5, 0.7)211117
(0.4, -0.5, 0.7)211118
(0.4, -0.5, 0.7)211119
(0.4, -0.5, 0.7)211119
(0.4, -0.5, 0.7)211120
(0.4, -0.5, 0.7)211120
(0.4, -0.5, 0.7)211121
(0.4, -0.5, 0.7)211121
(0.4, -0.5, 0.7)211122
(0.4, -0.5, 0.7)211122
(0.4, -0.5, 0.7)211123
(0.4, -0.5, 0.7)211123
(0.4, -0.5, 0.7)211124
(0.4, -0.5, 0.7)211124
(0.4, -0.5, 0.7)211125
(0.4, -0.5, 0.7)211125
(0.4, -0.5, 0.7)211126
(0.4, -0.5, 0.7)211126
(0.4, -0.5, 0.7)211127
(0.4, -0.5, 0.7)211127
(0.4, -0.5, 0.7)211128
(0.4, -0.5, 0.7)211128
(0.4, -0.5, 0.7)211129
(0.4, -0.5, 0.7)211129
(0.4, -0.5, 0.7)211130
(0.4, -0.5, 0.7)211130
(0.4, -0.5, 0.7)211131
(0.4, -0.5, 0.7)211131
(0.4, -0.5, 0.7)211132
(0.4, -0.5, 0.7)211132
(0.4, -0.5, 0.7)211133
(0.4, -0.5, 0.7)211134
(0.4, -0.5, 0.7)211134
(0.4, -0.5, 0.7)211135
(0.4, -0.5, 0.7)211135
(0.4, -0.5, 0.7)211136
(0.4, -0.5, 0.7)211136
(0.4, -0.5, 0.7)211137
(0.4, -0.5, 0.7)211137
(0.4, -0.5, 0.7)211138
(0.4, -0.5, 0.7)211138
(0.4, -0.5, 0.7)211139
(0.4, -0.5, 0.7)211139
(0.4, -0.5, 0.7)211140
(0.4, -0.5, 0.7)211140
(0.4, -0.5, 0.7)211141
(0.4, -0.5, 0.7)211141
(0.4, -0.5, 0.7)211142
(0.4, -0.5, 0.7)211142
(0.4, -0.5, 0.7)211143
(0.4, -0.5, 0.7)211143
(0.4, -0.5, 0.7)211144
(0.4, -0.5, 0.7)211144
(0.4, -0.5, 0.7)211145
(0.4, -0.5, 0.7)211145
(0.4, -0.5, 0.7)211146
(0.4, -0.5, 0.7)211146
(0.4, -0.5, 0.7)211147
(0.4, -0.5, 0.7)211147
(0.4, -0.5, 0.7)211148
(0.4, -0.5, 0.7)211148
(0.4, -0.5, 0.7)211149
(0.4, -0.5, 0.7)211149
(0.4, -0.5, 0.7)211150
(0.4, -0.5, 0.7)211150
(0.4, -0.5, 0.7)211151
(0.4, -0.5, 0.7)211151
(0.4, -0.5, 0.7)211152
(0.4, -0.5, 0.7)211153
(0.4, -0.5, 0.7)211153
(0.4, -0.5, 0.7)211154
(0.4, -0.5, 0.7)211154
(0.4, -0.5, 0.7)211155
(0.4, -0.5, 0.7)211155
(0.4, -0.5, 0.7)211156
(0.4, -0.5, 0.7)211156
(0.4, -0.5, 0.7)211157
(0.4, -0.5, 0.7)211157
(0.4, -0.5, 0.7)211158
(0.4, -0.5, 0.7)211158
(0.4, -0.5, 0.7)211159
(0.4, -0.5, 0.7)211159
(0.4, -0.5, 0.7)211200
(0.4, -0.5, 0.7)211200
(0.4, -0.5, 0.7)211201
(0.4, -0.5, 0.7)211201
(0.4, -0.5, 0.7)211202
(0.4, -0.5, 0.7)211202
(0.4, -0.5, 0.7)211203
(0.4, -0.5, 0.7)211203
(0.4, -0.5, 0.7)211204
(0.4, -0.5, 0.7)211204
(0.4, -0.5, 0.7)211205
(0.4, -0.5, 0.7)211205
(0.4, -0.5, 0.7)211206
(0.4, -0.5, 0.7)211206
(0.4, -0.5, 0.7)211207
(0.4, -0.5, 0.7)211207
(0.4, -0.5, 0.7)211208
(0.4, -0.5, 0.7)211208
(0.4, -0.5, 0.7)211209
(0.4, -0.5, 0.7)211210
(0.4, -0.5, 0.7)211210
(0.4, -0.5, 0.7)211211
(0.4, -0.5, 0.7)211211
(0.4, -0.5, 0.7)211212
(0.4, -0.5, 0.7)211212
(0.4, -0.5, 0.7)211213
(0.4, -0.5, 0.7)211213
(0.4, -0.5, 0.7)211214
(0.4, -0.5, 0.7)211214
(0.4, -0.5, 0.7)211215
(0.4, -0.5, 0.7)211215
(0.4, -0.5, 0.7)211216
(0.4, -0.5, 0.7)211216
(0.4, -0.5, 0.7)211217
(0.4, -0.5, 0.7)211217
(0.4, -0.5, 0.7)211218
(0.4, -0.5, 0.7)211218
(0.4, -0.5, 0.7)211219
(0.4, -0.5, 0.7)211219
(0.4, -0.5, 0.7)211220
(0.4, -0.5, 0.7)211220
(0.4, -0.5, 0.7)211221
(0.4, -0.5, 0.7)211221
(0.4, -0.5, 0.7)211222
(0.4, -0.5, 0.7)211222
(0.4, -0.5, 0.7)211223
(0.4, -0.5, 0.7)211223
(0.4, -0.5, 0.7)211224
(0.4, -0.5, 0.7)211224
(0.4, -0.5, 0.7)211225
(0.4, -0.5, 0.7)211225
(0.4, -0.5, 0.7)211226
(0.4, -0.5, 0.7)211226
(0.4, -0.5, 0.7)211227
(0.4, -0.5, 0.7)211228
(0.4, -0.5, 0.7)211228
(0.4, -0.5, 0.7)211229
(0.4, -0.5, 0.7)211229
(0.4, -0.5, 0.7)211230
(0.4, -0.5, 0.7)211230
(0.4, -0.5, 0.7)211231
(0.4, -0.5, 0.7)211231
(0.4, -0.5, 0.7)211232
(0.4, -0.5, 0.7)211232
(0.4, -0.5, 0.7)211233
(0.4, -0.5, 0.7)211233
(0.4, -0.5, 0.7)211234
(0.4, -0.5, 0.7)211234
(0.4, -0.5, 0.7)211235
(0.4, -0.5, 0.7)211235
(0.4, -0.5, 0.7)211236
(0.4, -0.5, 0.7)211236
(0.4, -0.5, 0.7)211237
(0.4, -0.5, 0.7)211237
(0.4, -0.5, 0.7)211238
(0.4, -0.5, 0.7)211238
(0.4, -0.5, 0.7)211239
(0.4, -0.5, 0.7)211239
(0.4, -0.5, 0.7)211240
(0.4, -0.5, 0.7)211240
(0.4, -0.5, 0.7)211241
(0.4, -0.5, 0.7)211241
(0.4, -0.5, 0.7)211242
(0.4, -0.5, 0.7)211242
(0.4, -0.5, 0.7)211243
(0.4, -0.5, 0.7)211244
(0.4, -0.5, 0.7)211244
(0.4, -0.5, 0.7)211245
(0.4, -0.5, 0.7)211245
(0.4, -0.5, 0.7)211246
(0.4, -0.5, 0.7)211246
(0.4, -0.5, 0.7)211247
(0.4, -0.5, 0.7)211247
(0.4, -0.5, 0.7)211248
(0.4, -0.5, 0.7)211248
(0.4, -0.5, 0.7)211249
(0.4, -0.5, 0.7)211249
(0.4, -0.5, 0.7)211250
(0.4, -0.5, 0.7)211250
(0.4, -0.5, 0.7)211251
(0.4, -0.5, 0.7)211251
(0.4, -0.5, 0.7)211252
(0.4, -0.5, 0.7)211252
(0.4, -0.5, 0.7)211253
(0.4, -0.5, 0.7)211253
(0.4, -0.5, 0.7)211254
(0.4, -0.5, 0.7)211254
(0.4, -0.5, 0.7)211255
(0.4, -0.5, 0.7)211255
(0.4, -0.5, 0.7)211256
(0.4, -0.5, 0.7)211256
(0.4, -0.5, 0.7)211257
(0.4, -0.5, 0.7)211257
(0.4, -0.5, 0.7)211258
(0.4, -0.5, 0.7)211259
(0.4, -0.5, 0.7)211259
(0.4, -0.5, 0.7)211300
(0.4, -0.5, 0.7)211300
(0.4, -0.5, 0.7)211301
(0.4, -0.5, 0.7)211301
(0.4, -0.5, 0.7)211302
(0.4, -0.5, 0.7)211302
(0.4, -0.5, 0.7)211303
(0.4, -0.5, 0.7)211303
(0.4, -0.5, 0.7)211304
(0.4, -0.5, 0.7)211304
(0.4, -0.5, 0.7)211305
(0.4, -0.5, 0.7)211305
(0.4, -0.5, 0.7)211306
(0.4, -0.5, 0.7)211306
(0.4, -0.5, 0.7)211307
(0.4, -0.5, 0.7)211307
(0.4, -0.5, 0.7)211308
(0.4, -0.5, 0.7)211308
(0.4, -0.5, 0.7)211309
(0.4, -0.5, 0.7)211309
(0.4, -0.5, 0.7)211310
(0.4, -0.5, 0.7)211310
(0.4, -0.5, 0.7)211311
(0.4, -0.5, 0.7)211311
(0.4, -0.5, 0.7)211312
(0.4, -0.5, 0.7)211313
(0.4, -0.5, 0.7)211313
(0.4, -0.5, 0.7)211314
(0.4, -0.5, 0.7)211314
(0.4, -0.5, 0.7)211315
(0.4, -0.5, 0.7)211315
(0.4, -0.5, 0.7)211316
(0.4, -0.5, 0.7)211316
(0.4, -0.5, 0.7)211317
(0.4, -0.5, 0.7)211317
(0.4, -0.5, 0.7)211318
(0.4, -0.5, 0.7)211318
(0.4, -0.5, 0.7)211319
(0.4, -0.5, 0.7)211319
(0.4, -0.5, 0.7)211320
(0.4, -0.5, 0.7)211320
(0.4, -0.5, 0.7)211321
(0.4, -0.5, 0.7)211321
(0.4, -0.5, 0.7)211322
(0.4, -0.5, 0.7)211322
(0.4, -0.5, 0.7)211323
(0.4, -0.5, 0.7)211323
(0.4, -0.5, 0.7)211324
(0.4, -0.5, 0.7)211324
(0.4, -0.5, 0.7)211325
(0.4, -0.5, 0.7)211325
(0.4, -0.5, 0.7)211326
(0.4, -0.5, 0.7)211326
(0.4, -0.5, 0.7)211327
(0.4, -0.5, 0.7)211327
(0.4, -0.5, 0.7)211328
(0.4, -0.5, 0.7)211328
(0.4, -0.5, 0.7)211329
(0.4, -0.5, 0.7)211329
(0.4, -0.5, 0.7)211330
(0.4, -0.5, 0.7)211330
(0.4, -0.5, 0.7)211331
(0.4, -0.5, 0.7)211331
(0.4, -0.5, 0.7)211332
(0.4, -0.5, 0.7)211332
(0.4, -0.5, 0.7)211333
(0.4, -0.5, 0.7)211333
(0.4, -0.5, 0.7)211334
(0.4, -0.5, 0.7)211334
(0.4, -0.5, 0.7)211335
(0.4, -0.5, 0.7)211335
(0.4, -0.5, 0.7)211336
(0.4, -0.5, 0.7)211336
(0.4, -0.5, 0.7)211337
(0.4, -0.5, 0.7)211338
(0.4, -0.5, 0.7)211338
(0.4, -0.5, 0.7)211339
(0.4, -0.5, 0.7)211339
(0.4, -0.5, 0.7)211340
(0.4, -0.5, 0.7)211340
(0.4, -0.5, 0.7)211341
(0.4, -0.5, 0.7)211341
(0.4, -0.5, 0.7)211342
(0.4, -0.5, 0.7)211342
(0.4, -0.5, 0.7)211343
(0.4, -0.5, 0.7)211343
(0.4, -0.5, 0.7)211344
(0.4, -0.5, 0.7)211344
(0.4, -0.5, 0.7)211345
(0.4, -0.5, 0.7)211345
(0.4, -0.5, 0.7)211346
(0.4, -0.5, 0.7)211346
(0.4, -0.5, 0.7)211347
(0.4, -0.5, 0.7)211347
(0.4, -0.5, 0.7)211348
(0.4, -0.5, 0.7)211348
(0.4, -0.5, 0.7)211349
(0.4, -0.5, 0.7)211349
(0.4, -0.5, 0.7)211350
(0.4, -0.5, 0.7)211350
(0.4, -0.5, 0.7)211351
(0.4, -0.5, 0.7)211351
(0.4, -0.5, 0.7)211352
(0.4, -0.5, 0.7)211352
(0.4, -0.5, 0.7)211353
(0.4, -0.5, 0.7)211354
(0.4, -0.5, 0.7)211354
(0.4, -0.5, 0.7)211355
(0.4, -0.5, 0.7)211355
(0.4, -0.5, 0.7)211356
(0.4, -0.5, 0.7)211356
(0.4, -0.5, 0.7)211357
(0.4, -0.5, 0.7)211357
(0.4, -0.5, 0.7)211358
(0.4, -0.5, 0.7)211358
(0.4, -0.5, 0.7)211359
(0.4, -0.5, 0.7)211359
(0.4, -0.5, 0.7)211400
(0.4, -0.5, 0.7)211400
(0.4, -0.5, 0.7)211401
(0.4, -0.5, 0.7)211401
(0.4, -0.5, 0.7)211402
(0.4, -0.5, 0.7)211402
(0.4, -0.5, 0.7)211403
(0.4, -0.5, 0.7)211403
(0.4, -0.5, 0.7)211404
(0.4, -0.5, 0.7)211404
(0.4, -0.5, 0.7)211405
(0.4, -0.5, 0.7)211405
(0.4, -0.5, 0.7)211406
(0.4, -0.5, 0.7)211407
(0.4, -0.5, 0.7)211407
(0.4, -0.5, 0.7)211408
(0.4, -0.5, 0.7)211408
(0.4, -0.5, 0.7)211409
(0.4, -0.5, 0.7)211409
(0.4, -0.5, 0.7)211410
(0.4, -0.5, 0.7)211410
(0.4, -0.5, 0.7)211411
(0.4, -0.5, 0.7)211411
(0.4, -0.5, 0.7)211412
(0.4, -0.5, 0.7)211412
(0.4, -0.5, 0.7)211413
(0.4, -0.5, 0.7)211413
(0.4, -0.5, 0.7)211414
(0.4, -0.5, 0.7)211414
(0.4, -0.5, 0.7)211415
(0.4, -0.5, 0.7)211415
(0.4, -0.5, 0.7)211416
(0.4, -0.5, 0.7)211416
(0.4, -0.5, 0.7)211417
(0.4, -0.5, 0.7)211417
(0.4, -0.5, 0.7)211418
(0.4, -0.5, 0.7)211418
(0.4, -0.5, 0.7)211419
(0.4, -0.5, 0.7)211419
(0.4, -0.5, 0.7)211420
(0.4, -0.5, 0.7)211420
(0.4, -0.5, 0.7)211421
(0.4, -0.5, 0.7)211421
(0.4, -0.5, 0.7)211422
(0.4, -0.5, 0.7)211422
(0.4, -0.5, 0.7)211423
(0.4, -0.5, 0.7)211423
(0.4, -0.5, 0.7)211424
(0.4, -0.5, 0.7)211425
(0.4, -0.5, 0.7)211425
(0.4, -0.5, 0.7)211426
(0.4, -0.5, 0.7)211426
(0.4, -0.5, 0.7)211427
(0.4, -0.5, 0.7)211427
(0.4, -0.5, 0.7)211428
(0.4, -0.5, 0.7)211428
(0.4, -0.5, 0.7)211429
(0.4, -0.5, 0.7)211429
(0.4, -0.5, 0.7)211430
(0.4, -0.5, 0.7)211430
(0.4, -0.5, 0.7)211431
(0.4, -0.5, 0.7)211431
(0.4, -0.5, 0.7)211432
(0.4, -0.5, 0.7)211432
(0.4, -0.5, 0.7)211433
(0.4, -0.5, 0.7)211433
(0.4, -0.5, 0.7)211434
(0.4, -0.5, 0.7)211434
(0.4, -0.5, 0.7)211435
(0.4, -0.5, 0.7)211435
(0.4, -0.5, 0.7)211436
(0.4, -0.5, 0.7)211437
(0.4, -0.5, 0.7)211437
(0.4, -0.5, 0.7)211438
(0.4, -0.5, 0.7)211438
(0.4, -0.5, 0.7)211439
(0.4, -0.5, 0.7)211439
(0.4, -0.5, 0.7)211440
(0.4, -0.5, 0.7)211440
(0.4, -0.5, 0.7)211441
(0.4, -0.5, 0.7)211441
(0.4, -0.5, 0.7)211442
(0.4, -0.5, 0.7)211442
(0.4, -0.5, 0.7)211443
(0.4, -0.5, 0.7)211443
(0.4, -0.5, 0.7)211444
(0.4, -0.5, 0.7)211444
(0.4, -0.5, 0.7)211445
(0.4, -0.5, 0.7)211445
(0.4, -0.5, 0.7)211446
(0.4, -0.5, 0.7)211446
(0.4, -0.5, 0.7)211447
(0.4, -0.5, 0.7)211447
(0.4, -0.5, 0.7)211448
(0.4, -0.5, 0.7)211448
(0.4, -0.5, 0.7)211449
(0.4, -0.5, 0.7)211449
(0.4, -0.5, 0.7)211450
(0.4, -0.5, 0.7)211451
(0.4, -0.5, 0.7)211451
(0.4, -0.5, 0.7)211452
(0.4, -0.5, 0.7)211452
(0.4, -0.5, 0.7)211453
(0.4, -0.5, 0.7)211453
(0.4, -0.5, 0.7)211454
(0.4, -0.5, 0.7)211454
(0.4, -0.5, 0.7)211455
(0.4, -0.5, 0.7)211455
(0.4, -0.5, 0.7)211456
(0.4, -0.5, 0.7)211456
(0.4, -0.5, 0.7)211457
(0.4, -0.5, 0.7)211457
(0.4, -0.5, 0.7)211458
(0.4, -0.5, 0.7)211458
(0.4, -0.5, 0.7)211459
(0.4, -0.5, 0.7)211459
(0.4, -0.5, 0.7)211500
(0.4, -0.5, 0.7)211500
(0.4, -0.5, 0.7)211501
(0.4, -0.5, 0.7)211501
(0.4, -0.5, 0.7)211502
(0.4, -0.5, 0.7)211502
(0.4, -0.5, 0.7)211503
(0.4, -0.5, 0.7)211503
(0.4, -0.5, 0.7)211504
(0.4, -0.5, 0.7)211504
(0.4, -0.5, 0.7)211505
(0.4, -0.5, 0.7)211505
(0.4, -0.5, 0.7)211506
(0.4, -0.5, 0.7)211507
(0.4, -0.5, 0.7)211507
(0.4, -0.5, 0.7)211508
(0.4, -0.5, 0.7)211508
(0.4, -0.5, 0.7)211509
(0.4, -0.5, 0.7)211509
(0.4, -0.5, 0.7)211510
(0.4, -0.5, 0.7)211510
(0.4, -0.5, 0.7)211511
(0.4, -0.5, 0.7)211511
(0.4, -0.5, 0.7)211512
(0.4, -0.5, 0.7)211512
(0.4, -0.5, 0.7)211513
(0.4, -0.5, 0.7)211513
(0.4, -0.5, 0.7)211514
(0.4, -0.5, 0.7)211514
(0.4, -0.5, 0.7)211515
(0.4, -0.5, 0.7)211515
(0.4, -0.5, 0.7)211516
(0.4, -0.5, 0.7)211516
(0.4, -0.5, 0.7)211517
(0.4, -0.5, 0.7)211517
(0.4, -0.5, 0.7)211518
(0.4, -0.5, 0.7)211518
(0.4, -0.5, 0.7)211519
(0.4, -0.5, 0.7)211519
(0.4, -0.5, 0.7)211520
(0.4, -0.5, 0.7)211520
(0.4, -0.5, 0.7)211521
(0.4, -0.5, 0.7)211521
(0.4, -0.5, 0.7)211522
(0.4, -0.5, 0.7)211522
(0.4, -0.5, 0.7)211523
(0.4, -0.5, 0.7)211523
(0.4, -0.5, 0.7)211524
(0.4, -0.5, 0.7)211525
(0.4, -0.5, 0.7)211525
(0.4, -0.5, 0.7)211526
(0.4, -0.5, 0.7)211526
(0.4, -0.5, 0.7)211527
(0.4, -0.5, 0.7)211527
(0.4, -0.5, 0.7)211528
(0.4, -0.5, 0.7)211528
(0.4, -0.5, 0.7)211529
(0.4, -0.5, 0.7)211529
(0.4, -0.5, 0.7)211530
(0.4, -0.5, 0.7)211530
(0.4, -0.5, 0.7)211531
(0.4, -0.5, 0.7)211531
(0.4, -0.5, 0.7)211532
(0.4, -0.5, 0.7)211532
(0.4, -0.5, 0.7)211533
(0.4, -0.5, 0.7)211533
(0.4, -0.5, 0.7)211534
(0.4, -0.5, 0.7)211534
(0.4, -0.5, 0.7)211535
(0.4, -0.5, 0.7)211536
(0.4, -0.5, 0.7)211536
(0.4, -0.5, 0.7)211537
(0.4, -0.5, 0.7)211537
(0.4, -0.5, 0.7)211538
(0.4, -0.5, 0.7)211538
(0.4, -0.5, 0.7)211539
(0.4, -0.5, 0.7)211539
(0.4, -0.5, 0.7)211540
(0.4, -0.5, 0.7)211540
(0.4, -0.5, 0.7)211541
(0.4, -0.5, 0.7)211541
(0.4, -0.5, 0.7)211542
(0.4, -0.5, 0.7)211542
(0.4, -0.5, 0.7)211543
(0.4, -0.5, 0.7)211543
(0.4, -0.5, 0.7)211544
(0.4, -0.5, 0.7)211544
(0.4, -0.5, 0.7)211545
(0.4, -0.5, 0.7)211545
(0.4, -0.5, 0.7)211546
(0.4, -0.5, 0.7)211546
(0.4, -0.5, 0.7)211547
(0.4, -0.5, 0.7)211547
(0.4, -0.5, 0.7)211548
(0.4, -0.5, 0.7)211548
(0.4, -0.5, 0.7)211549
(0.4, -0.5, 0.7)211549
(0.4, -0.5, 0.7)211550
(0.4, -0.5, 0.7)211550
(0.4, -0.5, 0.7)211551
(0.4, -0.5, 0.7)211551
(0.4, -0.5, 0.7)211552
(0.4, -0.5, 0.7)211553
(0.4, -0.5, 0.7)211553
(0.4, -0.5, 0.7)211554
(0.4, -0.5, 0.7)211554
(0.4, -0.5, 0.7)211555
(0.4, -0.5, 0.7)211555
(0.4, -0.5, 0.7)211556
(0.4, -0.5, 0.7)211556
(0.4, -0.5, 0.7)211557
(0.4, -0.5, 0.7)211557
(0.4, -0.5, 0.7)211558
(0.4, -0.5, 0.7)211558
(0.4, -0.5, 0.7)211559
(0.4, -0.5, 0.7)211559
(0.4, -0.5, 0.7)211600
(0.4, -0.5, 0.7)211600
(0.4, -0.5, 0.7)211601
(0.4, -0.5, 0.7)211601
(0.4, -0.5, 0.7)211602
(0.4, -0.5, 0.7)211602
(0.4, -0.5, 0.7)211603
(0.4, -0.5, 0.7)211603
(0.4, -0.5, 0.7)211604
(0.4, -0.5, 0.7)211604
(0.4, -0.5, 0.7)211605
(0.4, -0.5, 0.7)211606
(0.4, -0.5, 0.7)211606
(0.4, -0.5, 0.7)211607
(0.4, -0.5, 0.7)211607
(0.4, -0.5, 0.7)211608
(0.4, -0.5, 0.7)211608
(0.4, -0.5, 0.7)211609
(0.4, -0.5, 0.7)211609
(0.4, -0.5, 0.7)211610
(0.4, -0.5, 0.7)211610
(0.4, -0.5, 0.7)211611
(0.4, -0.5, 0.7)211611
(0.4, -0.5, 0.7)211612
(0.4, -0.5, 0.7)211612
(0.4, -0.5, 0.7)211613
(0.4, -0.5, 0.7)211613
(0.4, -0.5, 0.7)211614
(0.4, -0.5, 0.7)211614
