(-0.6, -0.8, 0.0)20592983
(-0.6, -0.8, 0.1)20593036
(-0.6, -0.8, 0.0)20593085
(-0.6, -0.5, -0.6)20593136
(-0.9, -0.3, -0.1)20593188
(-1.0, -0.2, 0.1)20593238
(-1.0, -0.2, 0.1)20593288
(-1.0, -0.2, 0.1)20593339
(-1.0, -0.2, 0.1)20593389
(-1.0, -0.2, 0.1)20593440
(-1.0, -0.2, 0.1)20593490
(-1.0, -0.2, 0.1)20593541
(-1.0, -0.2, 0.1)20593591
(-1.0, -0.2, 0.1)20593641
(-1.0, -0.2, 0.1)20593692
(-1.0, -0.2, 0.1)20593745
(-1.0, -0.2, 0.1)20593796
(-1.0, -0.2, 0.1)20593846
(-1.0, -0.2, 0.1)20593897
(-1.0, -0.2, 0.1)20593948
(-1.0, -0.2, 0.1)20593998
(-1.0, -0.2, 0.1)20594049
(-1.0, -0.2, 0.1)20594099
(-1.0, -0.2, 0.1)20594150
(-1.0, -0.2, 0.1)20594201
(-1.0, -0.2, 0.1)20594252
(-1.0, -0.2, 0.1)20594304
(-1.0, -0.2, 0.1)20594355
(-1.0, -0.2, 0.1)20594406
(-1.0, -0.2, 0.1)20594457
(-1.0, -0.2, 0.1)20594509
(-1.0, -0.2, 0.1)20594560
(-1.0, -0.2, 0.1)20594611
(-1.0, -0.2, 0.1)20594661
(-1.0, -0.2, 0.1)20594712
(-1.0, -0.2, 0.1)20594763
(-1.0, -0.2, 0.1)20594814
(-1.0, -0.2, 0.1)20594864
(-1.0, -0.2, 0.1)20594915
(-1.0, -0.2, 0.1)20594966
(-1.0, -0.2, 0.1)20595017
(-1.0, -0.2, 0.1)20595068
(-1.0, -0.2, 0.1)20595119
(-1.0, -0.2, 0.1)20595170
(-1.0, -0.2, 0.1)20595220
(-1.0, -0.2, 0.1)20595271
(-1.0, -0.2, 0.1)20595322
(-1.0, -0.2, 0.1)20595372
(-1.0, -0.2, 0.1)20595423
(-1.0, -0.2, 0.1)20595474
(-1.0, -0.2, 0.1)20595525
(-1.0, -0.2, 0.1)20595577
(-1.0, -0.2, 0.1)20595627
(-1.0, -0.2, 0.1)20595678
(-1.0, -0.2, 0.1)20595730
(-1.0, -0.2, 0.1)20595780
(-1.0, -0.2, 0.1)20595830
(-1.0, -0.2, 0.1)20595880
(-1.0, -0.2, 0.1)20595930
(-1.0, -0.2, 0.1)20595981
(-1.0, -0.2, 0.1)21000032
(-1.0, -0.2, 0.1)21000082
(-1.0, -0.2, 0.1)21000133
(-1.0, -0.2, 0.1)21000184
(-1.0, -0.2, 0.1)21000234
(-1.0, -0.2, 0.1)21000284
(-1.0, -0.2, 0.1)21000335
(-1.0, -0.2, 0.1)21000386
(-1.0, -0.2, 0.1)21000436
(-1.0, -0.2, 0.1)21000486
(-1.0, -0.2, 0.1)21000537
(-1.0, -0.2, 0.1)21000588
(-1.0, -0.2, 0.1)21000638
(-1.0, -0.2, 0.1)21000688
(-1.0, -0.2, 0.1)21000740
(-1.0, -0.2, 0.1)21000791
(-1.0, -0.2, 0.1)21000842
(-1.0, -0.2, 0.1)21000893
(-1.0, -0.2, 0.1)21000944
(-1.0, -0.2, 0.1)21000994
(-1.0, -0.2, 0.1)21001045
(-1.0, -0.2, 0.1)21001096
(-1.0, -0.2, 0.1)21001146
(-1.0, -0.2, 0.1)21001197
(-1.0, -0.2, 0.1)21001247
(-1.0, -0.2, 0.1)21001298
(-1.0, -0.2, 0.1)21001349
(-1.0, -0.2, 0.1)21001400
(-1.0, -0.2, 0.1)21001450
(-1.0, -0.2, 0.1)21001501
(-1.0, -0.2, 0.1)21001551
(-1.0, -0.2, 0.1)21001602
(-1.0, -0.2, 0.1)21001652
(-1.0, -0.2, 0.1)21001702
(-1.0, -0.2, 0.1)21001753
(-1.0, -0.2, 0.1)21001803
(-1.0, -0.2, 0.1)21001855
(-1.0, -0.2, 0.1)21001905
(-1.0, -0.2, 0.1)21001956
(-1.0, -0.2, 0.1)21002007
(-1.0, -0.2, 0.1)21002057
(-1.0, -0.2, 0.1)21002108
(-1.0, -0.2, 0.1)21002159
(-1.0, -0.2, 0.1)21002209
(-1.0, -0.2, 0.1)21002260
(-1.0, -0.2, 0.1)21002310
(-1.0, -0.2, 0.1)21002360
(-1.0, -0.2, 0.1)21002412
(-1.0, -0.2, 0.1)21002462
(-1.0, -0.2, 0.1)21002513
(-1.0, -0.2, 0.1)21002564
(-1.0, -0.2, 0.1)21002613
(-1.0, -0.2, 0.1)21002664
(-1.0, -0.2, 0.1)21002715
(-1.0, -0.2, 0.1)21002765
(-1.0, -0.2, 0.1)21002815
(-1.0, -0.2, 0.1)21002866
(-1.0, -0.2, 0.1)21002917
(-1.0, -0.2, 0.1)21002967
(-1.0, -0.2, 0.1)21003017
(-1.0, -0.2, 0.1)21003067
(-1.0, -0.2, 0.1)21003117
(-1.0, -0.2, 0.1)21003168
(-1.0, -0.2, 0.1)21003218
(-1.0, -0.2, 0.1)21003269
(-1.0, -0.2, 0.1)21003320
(-1.0, -0.2, 0.1)21003371
(-1.0, -0.2, 0.1)21003422
(-1.0, -0.2, 0.1)21003473
(-1.0, -0.2, 0.1)21003524
(-1.0, -0.2, 0.1)21003574
(-1.0, -0.2, 0.1)21003624
(-1.0, -0.2, 0.1)21003675
(-1.0, -0.2, 0.1)21003726
(-1.0, -0.2, 0.1)21003777
(-1.0, -0.2, 0.1)21003827
(-1.0, -0.2, 0.1)21003878
(-1.0, -0.2, 0.1)21003929
(-1.0, -0.2, 0.1)21003980
(-1.0, -0.2, 0.1)21004030
(-1.0, -0.2, 0.1)21004081
(-1.0, -0.2, 0.1)21004131
(-1.0, -0.2, 0.1)21004182
(-1.0, -0.2, 0.1)21004232
(-1.0, -0.2, 0.1)21004283
(-1.0, -0.2, 0.1)21004333
(-1.0, -0.2, 0.1)21004383
(-1.0, -0.2, 0.1)21004433
(-1.0, -0.2, 0.1)21004484
(-1.0, -0.2, 0.1)21004534
(-1.0, -0.2, 0.1)21004585
(-1.0, -0.2, 0.1)