(-0.8, -0.5, -0.3)21071587
(-0.8, -0.5, -0.3)21071638
(-0.8, -0.5, -0.3)21071688
(-0.8, -0.5, -0.3)21071739
(-0.8, -0.5, -0.3)21071789
(-0.8, -0.5, -0.3)21071839
(-0.8, -0.5, -0.3)21071890
(-0.8, -0.5, -0.3)21071940
(-0.8, -0.5, -0.3)21071991
(-0.8, -0.5, -0.3)21072043
(-0.8, -0.5, -0.3)21072094
(-0.8, -0.5, -0.3)21072145
(-0.8, -0.5, -0.3)21072195
(-0.8, -0.5, -0.3)21072246
(-0.8, -0.5, -0.3)21072297
(-0.8, -0.5, -0.3)21072347
(-0.8, -0.5, -0.3)21072398
(-0.8, -0.5, -0.3)21072448
(-0.8, -0.5, -0.3)21072499
(-0.8, -0.5, -0.3)21072551
(-0.8, -0.5, -0.3)21072601
(-0.8, -0.5, -0.3)21072651
(-0.9, 0.0, -0.4)21072703
(-0.7, 0.7, -0.3)21072753
(-0.9, 0.3, 0.3)21072803
(-0.8, 0.0, -0.6)21072854
(-0.8, 0.5, -0.4)21072905
(-0.4, 0.5, -0.8)21072955
(-0.4, 0.5, -0.8)21073006
(-0.4, 0.5, -0.8)21073057
(-0.4, 0.5, -0.8)21073107
(-0.4, 0.5, -0.8)21073158
(-0.4, 0.5, -0.8)21073209
(-0.4, 0.5, -0.8)21073260
(-0.4, 0.5, -0.8)21073310
(-0.4, 0.5, -0.8)21073361
(-0.4, 0.5, -0.8)21073412
(-0.4, 0.5, -0.8)21073463
(-0.8, 0.6, -0.3)21073515
(-0.1, 0.7, -0.7)21073565
(-0.1, 0.7, -0.7)21073616
(-0.1, 0.7, -0.7)21073666
(-0.1, 0.7, -0.7)21073728
(-0.7, 0.6, -0.4)21073778
(0.0, 0.9, -0.5)21073830
(-0.2, 0.9, -0.5)21073880
(-0.2, 0.8, -0.6)21073931
(-0.2, 0.8, -0.5)21073983
(-0.2, 0.8, -0.5)21074033
(-0.2, 0.8, -0.5)21074084
(-0.2, 0.8, -0.5)21074134
(-0.2, 0.8, -0.5)21074185
(-0.2, 0.8, -0.5)21074235
(-0.2, 0.8, -0.5)21074286
(-0.2, 0.8, -0.5)21074336
(-0.2, 0.8, -0.5)21074386
(-0.2, 0.8, -0.5)21074436
(-0.2, 0.8, -0.5)21074487
(-0.2, 0.8, -0.5)21074538
(-0.2, 0.8, -0.5)21074589
(-0.2, 0.8, -0.5)21074640
(-0.2, 0.8, -0.5)21074691
(-0.2, 0.8, -0.5)21074742
(-0.2, 0.8, -0.5)21074792
(-0.2, 0.8, -0.5)21074842
(-0.2, 0.8, -0.5)21074893
(-0.2, 0.8, -0.5)21074944
(-0.2, 0.8, -0.5)21074995
(-0.2, 0.8, -0.5)21075045
(-0.2, 0.8, -0.5)21075096
(-0.2, 0.8, -0.5)21075147
(-0.2, 0.8, -0.5)21075198
(-0.2, 0.8, -0.5)21075249
(-0.2, 0.8, -0.5)21075300
(-0.2, 0.8, -0.5)21075351
(-0