(-0.9, 0.2, -0.3)21155520
(-0.9, 0.2, -0.3)21155571
(-0.9, 0.2, -0.3)21155622
(-0.9, 0.2, -0.3)21155673
(-0.9, 0.2, -0.3)21155723
(-0.9, 0.2, 0.3)21155775
(-0.8, 0.2, 0.5)21155826
(-0.8, 0.2, 0.5)21155877
(-0.8, 0.2, 0.5)21155927
(-0.8, 0.2, 0.5)21155978
(-0.8, 0.2, 0.5)21160028
(-0.8, 0.2, 0.5)21160079
(-0.8, 0.2, 0.5)21160130
(-0.8, 0.2, 0.5)21160181
(-0.8, 0.2, 0.5)21160232
(-0.8, 0.2, 0.5)21160283
(-0.8, 0.2, 0.5)21160334
(-0.8, 0.2, 0.5)21160386
(-0.8, 0.2, 0.5)21160437
(-0.8, 0.2, 0.5)21160488
(-0.8, 0.2, 0.5)21160539
(-0.8, 0.2, 0.5)21160590
(-0.8, 0.2, 0.5)21160641
(-0.8, 0.2, 0.5)21160693
(-0.8, 0.2, 0.5)21160744
(-0.8, 0.2, 0.5)21160794
(-0.8, 0.2, 0.5)21160846
(-0.8, 0.2, 0.5)21160896
(-0.8, 0.2, 0.5)21160947
(-0.8, 0.2, 0.5)21160998
(-0.8, 0.2, 0.5)21161048
(-0.8, 0.2, 0.5)21161098
(-0.8, 0.2, 0.5)21161149
(-0.8, 0.2, 0.5)21161199
(-0.8, 0.2, 0.5)21161251
(-0.8, 0.2, 0.5)21161301
(-0.8, 0.2, 0.5)21161352
(-0.8, 0.2, 0.5)21161404
(-0.8, 0.2, 0.5)21161455
(-0.8, 0.2, 0.5)21161507
(-0.8, 0.2, 0.5)21161557
(-0.8, 0.2, 0.5)21161608
(-0.8, 0.2, 0.5)21161658
(-0.8, 0.2, 0.5)21161709
(-0.8, 0.2, 0.5)21161759
(-0.8, 0.2, 0.5)21161810
(-0.8, 0.2, 0.5)21161861
(-0.8, 0.2, 0.5)21161912
(-0.8, 0.2, 0.5)21161963
(-0.8, 0.2, 0.5)21162015
(-0.8, 0.2, 0.5)21162067
(-0.8, 0.2, 0.5)21162118
(-0.8, 0.2, 0.5)21162170
(-0.8, 0.2, 0.5)21162220
(-0.8, 0.2, 0.5)21162272
(-0.8, 0.2, 0.5)21162323
(-0.8, 0.2, 0.5)21162374
(-0.8, 0.2, 0.5)21162425
(-0.8, 0.2, 0.5)21162476
(-0.8, 0.2, 0.5)21162528
(-0.8, 0.2, 0.5)21162578
(-0.8, 0.2, 0.5)21162628
(-0.8, 0.2, 0.5)21162678
(-0.8, 0.2, 0.5)21162729
(-0.8, 0.2, 0.5)21162779
(-0.8, 0.2, 0.5)21162829
(-0.8, 0.2, 0.5)21162879
(-0.8, 0.2, 0.5)21162930
(-0.8, 0.2, 0.5)21162980
(-0.8, 0.2, 0.5)21163030
(-0.8, 0.2, 0.5)21163081
(-0.8, 0.2, 0.5)21163132
(-0.8, 0.2, 0.5)21163183
(-0.8, 0.2, 0.5)21163233
(-0.8, 0.2, 0.5)21163284
(-0.8, 0.2, 0.5)21163335
(-0.8, 0.2, 0.5)21163386
(-0.8, 0.2, 0.5)21163437
(-0.8, 0.2, 0.5)21163488
(-0.8, 0.2, 0.5)21163539
(-0.8, 0.2, 0.5)21163591
(-0.8, 0.2, 0.5)21163641
(-0.8, 0.2, 0.5)21163692
(-0.8, 0.2, 0.5)21163742
(-0.8, 0.2, 0.5)21163793
(-0.8, 0.2, 0.5)21163844
(-0.8, 0.2, 0.5)21163894
(-0.8, 0.2, 0.5)21163945
(-0.8, 0.2, 0.5)21163995
(-0.8, 0.2, 0.5)21164047
(-0.8, 0.2, 0.5)21164097
(-0.8, 0.2, 0.5)21164148
(-0.8, 0.2, 0.5)21164199
(-0.8, 0.2, 0.5)21164250
(-0.8, 0.2, 0.5)21164301
(-0.8, 0.2, 0.5)21164352
(-0.8, 0.2, 0.5)21164403
(-0.8, 0.2, 0.5)21164455
(-0.8, 0.2, 0.5)21164506
(-0.8, 0.2, 0.5)21164557
(-0.8, 0.2, 0.5)21164608
(-0.8, 0.2, 0.5)21164658
(-0.8, 0.2, 0.5)21164709
(-0.8, 0.2, 0.5)21164761
(-0.8, 0.2, 0.5)21164811
(-0.8, 0.2, 0.5)21164862
(-0.8, 0.2, 0.5)21164912
(-0.8, 0.2, 0.5)21164962
(-0.8, 0.2, 0.5)21165014
(-0.8, 0.2, 0.5)21165065
(-0.8, 0.2, 0.5)21165115
(-0.8, 0.2, 0.5)21165167
(-0.8, 0.2, 0.5)21165217
(-0.8, 0.2, 0.5)21165268
(-0.8, 0.2, 0.5)21165319
(-0.8, 0.2, 0.5)21165370
(-0.8, 0.2, 0.5)21165421
(-0.8, 0.2, 0.5)21165474