(-0.8, 0.4, -0.3)21174066
(-0.8, 0.4, -0.3)21174117
(-0.8, 0.4, -0.3)21174167
(-0.8, 0.4, -0.3)21174219
(-0.8, 0.4, -0.3)21174269
(-0.8, 0.4, -0.3)21174320
(-0.8, 0.4, -0.3)21174371
(-0.8, 0.4, -0.3)21174422
(-0.8, 0.4, -0.3)21174472
(-0.8, 0.4, -0.3)21174523
(-0.8, 0.4, -0.3)21174574
(-0.8, 0.4, -0.3)21174624
(-0.8, 0.4, -0.3)21174674
(-0.8, 0.4, -0.3)21174726
(-0.1, 0.4, -0.9)21174777
(-0.2, 0.3, -0.9)21174827
(-0.3, 0.3, -0.9)21174879
(-0.3, 0.3, -0.9)21174929
(-0.3, 0.3, -0.9)21174979
(-0.3, 0.3, -0.9)21175030
(-0.3, 0.3, -0.9)21175081
(-0.3, 0.3, -0.9)21175131
(-0.3, 0.3, -0.9)21175182
(-0.3, 0.3, -0.9)21175233
(-0.3, 0.3, -0.9)21175284
(-0.3, 0.3, -0.9)21175335
(-0.3, 0.3, -0.9)21175385
(-0.3, 0.3, -0.9)21175436
(-0.3, 0.3, -0.9)21175487
(-0.3, 0.3, -0.9)21175537
(-0.3, 0.3, -0.9)21175587
(-0.3, 0.3, -0.9)21175638
(-0.3, 0.3, -0.9)21175689
(-0.3, 0.3, -0.9)21175739
(-0.3, 0.3, -0.9)21175790
(-0.3, 0.3, -0.9)21175841
(-0.3, 0.3, -0.9)21175892
(-0.9, -0.3, -0.4)2117594