(-0.9, 0.0, -0.4)21200876
(-0.6, -0.4, -0.7)21200927
(-0.3, -0.3, -0.9)21200978
(0.1, -0.7, -0.7)21201028
(0.3, -0.7, -0.6)21201079
(0.4, -0.7, -0.6)21201130
(0.3, -0.6, -0.7)21201180
(0.2, -0.6, -0.8)21201230
(0.0, -0.5, -0.8)21201281
(0.0, -0.5, -0.9)21201331
(0.0, -0.5, -0.9)21201382
(-0.1, -0.4, -0.9)21201433
(-0.1, -0.4, -0.9)21201484
(-0.1, -0.4, -0.9)21201534
(-0.1, -0.6, -0.8)21201584
(-0.1, -0.5, -0.9)21201635
(-0.2, -0.4, -0.9)21201685
(-0.2, -0.4, -0.9)21201735
(-0.3, -0.6, -0.7)21201786
(-0.5, -0.5, -0.7)21201836
(-0.8, -0.3, -0.5)21201887
(-0.9, -0.3, -0.4)21201937
(-0.9, -0.3, -0.4)21201989
(-0.9, -0.3, -0.3)21202039
(-0.9, -0.3, -0.3)21202090
(-0.9, -0.3, -0.3)21202140
(-0.9, -0.3, -0.3)21202192
(-0.9, -0.3, -0.3)21202243
(-0.7, -0.3, -0.6)21202294
(-0.6, -0.3, -0.7)21202345
(-0.6, -0.3, -0.7)21202396
(-0.7, -0.3, -0.7)21202447
(-0.8, -0.3, -0.6)21202497
(-0.9, -0.3, -0.2)21202548
(-0.9, -0.3, 0.0)21202598
(-0.9, -0.3, 0.0)21202649
(-0.9, -0.3, 0.0)21202700
(-0.9, -0.3, 0.0)21202751
(-0.9, -0.3, 0.0)21202802
(-0.9, -0.3, 0.2)21202854
(-0.9, -0.3, 0.3)21202905
(-0.7, -0.3, 0.6)21202956
(-0.3, -0.2, 0.9)21203007
(-1.0, -0.2, 0.2)21203058
(-0.9, -0.2, -0.4)21203110
(-0.3, -0.2, -0.9)21203160
(0.2, -0.2, -1.0)21203210
(0.5, -0.2, -0.9)21203261
(0.5, -0.2, -0.8)21203311
(0.5, -0.2, -0.8)21203362
(0.5, -0.2, -0.8)21203412
(0.1, -0.2, -1.0)21203463
(0.0, -0.2, -1.0)21203513
(0.0, -0.2, -1.0)21203563
(0.0, -0.2, -1.0)21203614
(0.0, -0.2, -1.0)21203665
(0.0, -0.3, -1.0)21203715
(0.0, -0.3, -1.0)21203765
(0.1, -0.3, -1.0)21203816
(0.3, -0.7, -0.7)21203867
(0.2, -0.6, -0.7)21203918
(0.2, -0.6, -0.7)21203968
(0.2, -0.6, -0.7)21204018
(0.2, -0.6, -0.7)21204069
(0.2, -0.6, -0.7)21204119
(0.2, -0.6, -0.7)21204170
(0.2, -0.6, -0.7)21204220
(0.2, -0.6, -0.7)21204270
(0.2, -0.6, -0.7)21204321
(0.2, -0.6, -0.7)21204371
(0.2, -0.6, -0.7)21204421
(0.2, -0.6, -0.7)21204472
(0.5, -0.8, -0.4)21204523
(0.6, -0.5, -0.7)21204573
(0.4, -0.6, -0.7)212046