(-0.9, 0.0, -0.3)21213681
(-0.7, -0.2, -0.7)21213731
(-0.7, -0.5, -0.4)21213782
(-0.5, -0.3, -0.8)21213834
(-0.5, -0.3, -0.8)21213885
(-0.5, -0.3, -0.8)21213935
(-0.5, -0.3, -0.8)21213986
(-0.5, -0.3, -0.8)21214038
(-0.5, -0.3, -0.8)21214088
(-0.5, -0.3, -0.8)21214138
(-0.5, -0.3, -0.8)21214188
(-0.5, -0.3, -0.8)21214239
(-0.5, -0.3, -0.8)21214290
(-0.5, -0.3, -0.8)21214341
(-0.5, -0.3, -0.8)21214392
(-0.5, -0.3, -0.8)21214442
(-0.5, -0.3, -0.8)21214493
(-0.5, -0.3, -0.8)21214547
(-0.5, -0.9, -0.1)21214597
(-0.4, -0.9, 0.0)21214647
(-0.4, -0.9, 0.0)21214698
(-0.4, -0.9, 0.0)21214751
(-0.4, -0.9, 0.0)21214801
(-0.4, -0.9, 0.0)21214851
(-0.4, -0.9, 0.0)21214904
(-0.7, -0.7, 0.3)21214955
(-0.7, -0.7, 0.1)21215006
(-0.6, -0.7, 0.4)21215056
(-0.9, -0.4, 0.4)21215107
(-0.9, 0.0, 0.5)21215157
(-0.9, 0.1, 0.5)21215208
(-0.9, 0.1, 0.5)21215258
(-0.9, 0.2, 0.5)21215311
(-0.8, 0.3, 0.5)21215362
(-0.8, 0.3, 0.5)21215415
(-0.8, 0.3, 0.5)21215466
(-0.8, 0.3, 0.5)21215517
(-0.8, 0.3, 0.5)21215568
(-0.8, 0.3, 0.5)21215618
(-0.8, 0.3, 0.5)21215669
(-0.8, 0.3, 0.5)21215720
(-0.8, 0.3, 0.5)21215771
(-0.8, 0.3, 0.5)21215822
(-0.8, 0.3, 0.5)21215872
(-0.8, 0.3, 0.5)21215922
(-0.8, 0.3, 0.5)21215973
(-0.9, -0.4, 0.3)21220024
(-0.6, -0.8, 0.0)21220074
(-0.3, -0.8, -0.5)21220126
(-0.4, -0.6, -0.7)21220177
(-0.4, -0.6, -0.7)21220227
(-0.4, -0.6, -0.7)21220278
(-0.3, -0.5, -0.8)21220329
(-0.2, -0.5, -0.8)21220381
(-0.2, -0.5, -0.9)21220431
(-0.1, -0.4, -0.9)21220482
(0.1, -0.3, -0.9)21220532
(0.1, -0.3, -0.9)21220583
(0.1, -0.3, -0.9)21220633
(0.1, -0.3, -0.9)21220683
(0.1, -0.3, -0.9)21220734
(0.0, -0.4, -0.9)21220784
(-0.2, -0.8, -0.5)21220836
(-0.3, -0.9, -0.4)21220886
(-0.3, -0.9, -0.5)21220937
(-0.3, -0.8, -0.5)21220987
(-0.3, -0.8, -0.5)21221038
(-0.4, -0.3, -0.8)21221089
(-0.4, -0.2, -0.9)21221139
(-0.3, -0.2, -0.9)21221191
(-0.1, -0.1, -1.0)21221242
(-0.1, -0.1, -1.0)21221292
(0.0, -0.1, -1.0)21221343
(0.2, -0.1, -1.0)21221394
(0.3, -0.1, -1.0)21221444
(0.3, -0.1, -1.0)21221495
(0.3, -0.1, -0.9)21221547
(0.3, -0.1, -0.9)21221597
(0.3, -0.1, -0.9)21221648
(0.3, -0.1, -0.9)21221699
(0.3, -0.1, -0.9)21221750
(0.3, -0.1, -0.9)21221801
(0.3, -0.1, -0.9)21221852
(0.4, -0.1, -0.9)21221903
(0.4, -0.1, -0.9)21221954
(0.4, -0.1, -0.9)21222004
(0.4, -0.1, -0.9)21222055
(0.4, -0.1, -0.9)21222106
(0.4, -0.1, -0.9)21222157
(0.4, -0.1, -0.9)21222208
(0.4, -0.1, -0.9)21222260
(0.4, -0.1, -0.9)21222312
(0.4, -0.1, -0.9)21222363
(0.4, -0.1, -0.9)21222413
(0.4, -0.1, -0.9)21222465
(0.4, -0.1, -0.9)21222516
(0.4, -0.1, -0.9)21222568
(0.4, -0.1, -0.9)21222619
(0.4, -0.1, -0.9)21222671
(0.4, -0.1, -0.9)21222723
(0.4, -0.1, -0.9)21222775
(0.4, -0.1, -0.9)21222826
(0.4, -0.1, -0.9)21222878
(0.4, -0.1, -0.9)21222928
(0.4, -0.1, -0.9)21222979
(0.4, -0.1, -0.9)21223031
(0.4, -0.1, -0.9)21223082
(0.4, -0.1, -0.9)21223133
(0.4, -0.1, -0.9)21223184
(0.4, -0.1, -0.9)21223234
(0.4, -0.1, -0.9)21223286
(0.4, -0.1, -0.9)21223337
(0.4, -0.1, -0.9)21223389
(0