(-0.9, 0.0, -0.3)21290509
(-0.9, 0.0, -0.3)21290561
(-0.9, 0.0, -0.3)21290615
(-0.9, 0.0, -0.3)21290665
(-0.9, 0.0, -0.3)21290716
(-0.9, 0.0, -0.3)21290766
(-0.9, 0.0, -0.3)21290817
(-0.9, 0.0, -0.3)21290869
(-0.9, 0.0, -0.3)21290920
(-0.9, 0.0, -0.3)21290971
(-0.9, 0.0, -0.3)21291022
(-0.9, 0.0, -0.3)21291073
(-0.9, 0.0, -0.3)21291125
(-0.9, 0.0, -0.4)21291176
(-0.6, -0.1, -0.8)21291227
(-0.3, -0.2, -0.9)21291278
(-0.1, -0.7, -0.7)21291328
(-0.4, -0.8, -0.5)21291379
(-0.4, -0.8, -0.5)21291430
(-0.4, -0.8, -0.5)21291480
(-0.4, -0.8, -0.5)21291530
(-0.4, -0.8, -0.5)21291582
(-0.4, -0.8, -0.5)21291632
(-0.4, -0.7, -0.6)21291684
(-0.2, -1.0, -0.2)21291734
(-0.3, -0.9, -0.3)21291785
(-0.3, -0.9, -0.3)21291836
(-0.3, -0.9, -0.3)21291886
(-0.3, -0.9, -0.3)21291938
(-0.3, -0.9, -0.3)21291989
(-0.3, -0.9, -0.3)21292040
(-0.3, -0.9, -0.3)21292091
(-0.3, -0.9, -0.3)21292143
(-0.3, -0.9, -0.3)21292194
(-0.3, -0.9, -0.3)21292245
(-0.3, -0.9, -0.3)21292297
(-0.3, -0.9, -0.3)21292349
(-