(-0.9, 0.0, -0.3)21300636
(-0.9, -0.1, -0.3)21300689
(-0.8, -0.3, -0.5)21300739
(-0.6, -0.4, -0.7)21300791
(-0.5, -0.5, -0.7)21300842
(0.1, -0.7, -0.7)21300892
(0.0, -0.7, -0.7)21300942
(0.0, -0.8, -0.6)21300994
(0.1, -0.9, -0.4)21301045
(0.1, -1.0, -0.1)21301096
(0.1, -1.0, -0.1)21301146
(0.2, -1.0, -0.2)21301196
(0.2, -1.0, -0.2)21301247
(0.2, -1.0, -0.2)21301298
(0.2, -1.0, -0.2)21301350
(0.1, -1.0, -0.1)21301401
(0.1, -1.0, -0.1)21301452
(0.1, -1.0, -0.1)21301503
(0.1, -1.0, -0.3)21301555
(0.1, -0.9, -0.4)21301606
(0.1, -0.8, -0.5)21301656
(0.1, -0.8, -0.6)21301707
(0.0, -0.8, -0.5)21301758
(0.0, -0.8, -0.5)21301808
(-0.3, -0.8, -0.6)21301858
(-0.5, -0.7, -0.5)21301909
(-0.6, -0.6, -0.5)21301961
(-0.7, -0.5, -0.5)21302013
(-0.8, -0.4, -0.5)21302063
(-0.9, -0.3, -0.4)21302114
(-0.6, -0.3, -0.7)21302165
(-0.5, -0.3, -0.8)21302215
(-0.4, -0.2, -0.9)21302265
(-0.7, -0.2, -0.7)21302317
(-0.7, -0.3, -0.6)21302369
(-0.8, -0.4, -0.4)21302420
(-0.9, -0.3, -0.3)21302471
(-0.9, -0.3, -0.3)21302522
(-0.9, -0.3, -0.3)21302572
(-1.0, -0.2, -0.2)21302624
(-1.0, -0.2, -0.2)21302676
(-1.0, -0.2, -0.1)21302726
(-0.9, -0.1, 0.3)21302776
(-0.8, -0.1, 0.6)21302827
(-0.9, -0.1, 0.3)21302878
(-0.9, -0.1, -0.3)21302929
(-0.9, -0.2, -0.4)21302981
(-0.6, -0.2, -0.8)21303032
(-0.2, -0.2, -0.9)21303083
(-0.2, -0.2, -1.0)21303135
(-0.2, -0.2, -1.0)21303186
(-0.1, 0.7, -0.7)21303236
(-0.2, 0.6, -0.8)21303287
(-0.7, 0.2, -0.7)21303337
(-0.3, 0.5, -0.8)21303388
(-0.4, 0.5, -0.8)21303438
(-0.3, 0.4, -0.9)21303489
(-0.3, 0.4, -0.9)21303541
(-0.3, 0.4, -0.9)21303591
(-0.3, 0.4, -0.9)21303641
(-0.3, 0.4, -0.9)21303691
(-0.3, 0.4, -0.9)21303742
(-0.3, 0.4, -0.9)21303792
(-0.3, 0.4, -0.9)21303844
(-0.3, 0.4, -0.9)21303895
(-0.3, 0.4, -0.9)21303947
(-0.3, 0.4, -0.9)21303998
(-0.3, 0.4, -0.9)21304049
(-0.3, 0.4, -0.9)21304100
(-0.3, 0.4, -0.9)21304150
(-0.3, 0.4, -0.9)21304207
(-0.3, 0.4, -0.9)21304258
(-0.3, 0.4, -0.9)21304310
(-0.4, 0.3, -0.9)21304360
(-0.3, -0.2, -1.0)21304410
(-0.1, -0.5, -0.9)21304462
(0.2, -0.9, -0.4)21304513
(0.4, -0.9, -0.3)21304563
(0.3, -0.7, -0.6)21304615
(0.0, -0.7, -0.7)21304667
(-0.3, -0.7, -0.7)21304718
(-0.4, -0.7, -0.6)21304768
(-0.5, -0.6, -0.6)21304819
(-0.5, -0.6, -0.6)21304870
(-0.5, -0.6, -0.6)21304922
(-0.5, -0.5, -0.7)21304973
(-0.1, -0.4, -0.9)21305023
(-0.1, -0.4, -0.9)21305075
(-0.2, -0.3, -0.9)21305127
(-0.3, -0.2, -0.9)21305178
(-0.3, -0.2, -0.9)21305228
(-0.1, -0.2, -1.0)21305280
(0.0, -0.2, -1.0)21305331
(-0.2, -0.2, -1.0)21305383
(-0.4, -0.2, -0.9)21305434
(-0.5, -0.2, -0.9)21305486
(-0.7, -0.2, -0.7)21305537
(-0.8, -0.1, -0.5)21305588
(-0.9, -0.1, -0.4)21305639
(-0.6, -0.2, -0.8)21305690
(-0.4, -0.1, -0.9)21305741
(-0.3, -0.1, -1.0)21305791
(-0.3, -0.1, -1.0)21305842
(-0.3, -0.1, -1.0)21305893
(-0.3, -0.1, -1.0)21305944
(-0.6, -0.1, -0.8)21305995
(-0.9, -0.2, -0.4)21310046
(-1.0, -0.3, 0.1)21310096
(-0.9, -0.3, 0.2)21310148
(-0.9, -0.3, 0.2)21310198
(-0.9, -0.3, 0.2)21310250
(-0.9, -0.3, 0.2)21