(-0.7, 0.6, -0.4)21335353
(-0.7, 0.6, -0.4)21335405
(-0.7, 0.6, -0.4)21335456
(-0.7, 0.6, -0.4)21335506
(-0.7, 0.6, -0.4)21335556
(-0.7, 0.6, -0.4)21335607
(-0.7, 0.6, -0.4)21335659
(-0.7, 0.6, -0.4)21335711
(-0.7, 0.6, -0.4)21335763
(-0.7, 0.6, -0.4)21335815
(-0.7, 0.6, -0.4)21335867
(-0.7, 0.6, -0.4)21335917
(-0.7, 0.6, -0.4)21335969
(-0.7, 0.6, -0.4)21340021
(-0.7, 0.6, -0.4)21340072
(-0.7, 0.6, -0.4)21340122
(-0.7, 0.6, -0.4)21340172
(-0.7, 0.6, -0.4)21340224
(-0.7, 0.6, -0.4)21340275
(-0.7, 0.6, -0.4)21340327
(-0.7, 0.6, -0.4)21340377
(-0.7, 0.6, -0.4)21340429
(-0.7, 0.6, -0.4)21340481
(-0.7, 0.6, -0.4)21340532
(-0.7, 0.6, -0.4)21340583
(-0.7, 0.6, -0.4)21340633
(-0.7, 0.6, -0.4)21340684
(-0.7, 0.6, -0.4)21340735
(-0.7, 0.6, -0.4)21340786
(-0.7, 0.6, -0.4)21340836
(-0.7, 0.6, -0.4)21340887
(-0.7, 0.6, -0.4)21340939
(-0.7, 0.6, -0.4)21340990
(-0.7, 0.6, -0.4)21341041
(-0.7, 0.6, -0.4)21341093
(-0.7, 0.6, -0.4)21341144
(-0.7, 0.6, -0.4)21341196
(-0.7, 0.6, -0.4)21341246
(-0.7, 0.6, -0.4)21341297
(-0.7, 0.6, -0.4)21341348
(-0.7, 0.6, -0.4)21341399
(-0.7, 0.6, -0.4)21341451
(-0.7, 0.6, -0.4)21341502
(-0.7, 0.6, -0.4)21341554
(-0.7, 0.6, -0.4)21341606
(-0.7, 0.6, -0.4)21341657
(-0.7, 0.6, -0.4)21341708
(-0.7, 0.6, -0.4)21341759
(-0.7, 0.6, -0.4)21341810
(-0.7, 0.6, -0.4)21341861
(-0.7, 0.6, -0.4)21341912
(-0.7, 0.6, -0.4)21341963
(-0.7, 0.6, -0.4)21342015
(-0.7, 0.6, -0.4)21342067
(-0.7, 0.6, -0.4)21342119
(-0.7, 0.6, -0.4)21342169
(-0.7, 0.7, 0.1)21342219
(-0.7, 0.7, 0.0)21342272
(-0.7, 0.6, -0.3)21342324
(-0.8, 0.2, -0.6)21342377
(-0.7, 0.1, -0.7)21342429
(-0.8, -0.2, -0.6)21342485
(-0.7, -0.3, -0.6)21342535
(-0.7, -0.3, -0.6)21342587
(-0.7, -0.3, -0.6)21342639
(-0.7, -0.3, -0.6)21342690
(-0.7, -0.3, -0.6)21342740
(-0.7, -0.3, -0.6)21342791
(-0.7, -0.3, -0.6)21342842
(-0.7, -0.3, -0.6)21342893
(-0.7, -0.3, -0.6)21342945
(-0.7, -0.3, -0.6)21342996
(-0.7, -0.3, -0.6)21343048
(-0.7, -0.3, -0.6)21343099
(-0.7, -0.3, -0.6)21343150
(-0.7, -0.3, -0.6)21343201
(-0.7, -0.3, -0.6)21343252
(-0.7, -0.3, -0.6)21343302
(-0.7, -0.3, -0.6)21343353
(-0.7, -0.3, -0.6)21343403
(-0.7, -0.3, -0.6)21343455
(-0.7, -0.3, -0.6)21343506
(-0.7, -0.3, -0.6)21343558
(-0.7, -0.3, -0.6)21343609
(-0.7, -0.3, -0.6)21343660
(-0.7, -0.3, -0.6)21343712
(-0.7, -0.3, -0.6)21343763
(-0.7, -0.3, -0.6)21343815
(-0.7, -0.3, -0.6)21343866
(-0.7, -0.3, -0.6)21343918
(-0.7, -0.3, -0.6)21343969
(-0.7, -0.3, -0.6)21344022
(-0.7, -0.3, -0.6)21344074
(-0.7, -0.3, -0.6)21344126
(-0.7, -0.3, -0.6)21344176
(-0.7, -0.3, -0.6)21344228
(-0.7, -0.3, -0.6)21344280
(-0.7, -0.3, -0.6)21344332
(-0.7, -0.3, -0.6)21344382
(-0.7, -0.3, -0.6)21344433
(-0.7, -0.3, -0.6)21344484
(-0.7, -0.3, -0.6)21344536
(-0.7, -0.3, -0.6)21344586
(-0.7, -0.3, -0.6)21344637
(-0.7, -0.3, -0.6)21344687
(-0.7, -0.3, -0.6)21344737
(-0.7, -0.3, -0.6)21344788
(-0.7, -0.3, -0.6)21344841
(-0.7, -0.3, -0.6)21344891
(-0.7, -0.3, -0.6)21344941
(-0.7, -0.3, -0.6)21344998
(-0.7, -0.3, -0.6)21345049