(-0.9, -0.1, -0.4)21465269
(-0.9, -0.1, -0.4)21465319
(-0.9, -0.1, -0.4)21465370
(-0.9, -0.1, -0.4)21465421
(-0.9, -0.1, -0.4)21465472
(-0.9, -0.1, -0.4)21465524
(-0.9, -0.1, -0.4)21465575
(-0.9, -0.1, -0.4)21465626
(-0.9, -0.1, -0.4)21465677
(-0.9, -0.1, -0.4)21465728
(-0.9, -0.1, -0.4)21465778
(-0.9, -0.1, -0.4)21465830
(-0.9, -0.1, -0.4)21465881
(-0.9, -0.1, -0.4)21465932
(-0.9, -0.1, -0.4)21465985
(-0.9, -0.1, -0.4)21470035
(-0.9, -0.1, -0.4)21470086
(-0.9, -0.1, -0.4)21470138
(-0.9, -0.1, -0.4)21470188
(-0.9, -0.1, -0.4)21470239
(-0.9, -0.1, -0.4)21470289
(-1.0, -0.1, -0.3)21470340
(-1.0, -0.1, -0.3)21470391
(-1.0, -0.1, -0.3)21470442
(-1.0, -0.1, -0.3)21470496
(-1.0, -0.1, -0.3)21470546
(-1.0, -0.1, -0.3)21470597
(-1.0, -0.1, -0.3)21470649
(-1.0, -0.1, -0.3)21470700
(-1.0, -0.1, -0.3)21470750
(-1.0, -0.1, -0.3)21470805
(-1.0, -0.1, -0.3)21470854
(-1.0, -0.1, -0.3)21470905
(-1.0, -0.1, -0.3)21470956
(-1.0, -0.1, -0.3)21471007
(-1.0, -0.1, -0.3)21471057
(-1.0, -0.1, -0.