(-0.9, 0.0, -0.3)21460672
(-0.9, 0.0, -0.3)21460723
(-0.9, 0.0, -0.3)21460774
(-0.9, 0.0, -0.3)21460824
(-0.9, 0.0, -0.3)21460875
(-0.9, 0.0, -0.3)21460925
(-0.9, 0.0, -0.3)21460977
(-0.9, 0.0, -0.3)21461028
(-0.9, 0.0, -0.3)21461079
(-0.9, 0.0, -0.3)21461131
(-0.9, 0.0, -0.3)21461181
(-0.9, 0.0, -0.3)21461234
(-0.9, 0.0, -0.3)21461284
(-0.9, 0.0, -0.3)21461335
(-0.9, 0.0, -0.3)21461386
(-0.9, 0.0, -0.3)21461436
(-0.9, 0.0, -0.3)21461487
(-0.9, 0.0, -0.3)21461537
(-0.9, 0.0, -0.3)21461588
(-0.9, 0.0, -0.3)21461639
(-0.9, 0.0, -0.3)21461690
(-0.9, 0.0, -0.3)21461742
(-0.9, 0.0, -0.3)21461793
(-0.9, 0.0, -0.3)21461843
(-0.9, 0.0, -0.3)21461896
(-0.9, 0.0, -0.3)21461947
(-0.9, 0.0, -0.3)21461998
(-0.9, 0.0, -0.3)21462050
(-0.9, 0.0, -0.3)21462100
(-0.9, 0.0, -0.3)21462150
(-0.9, 0.0, -0.3)21462201
(-0.9, 0.0, -0.3)21462254
(-0.9, 0.0, -0.3)21462304
(-0.9, 0.0, -0.3)21462355
(-0.9, 0.0, -0.3)21462406
(-0.9, 0.0, -0.3)21462457
(-0.9, 0.0, -0.3)21462508
(-0.9, 0.0, -0.3)21462559