(-0.9, 0.0, -0.3)21474560
(-0.9, 0.0, -0.3)21474610
(-0.9, 0.0, -0.3)21474661
(-0.9, 0.0, -0.3)21474711
(-0.9, 0.0, -0.3)21474762
(-0.9, 0.0, -0.3)21474814
(-0.9, 0.0, -0.3)21474865
(-0.9, 0.0, -0.3)21474916
(-0.9, 0.0, -0.3)21474968
(-0.9, 0.0, -0.3)21475019
(-0.9, 0.0, -0.3)21475069
(-0.9, 0.0, -0.3)21475123
(-0.9, 0.0, -0.3)21475175
(-0.9, 0.0, -0.3)21475226
(-0.9, 0.0, -0.3)21475280
(-0.9, 0.0, -0.3)21475329
(-0.9, 0.0, -0.3)21475379
(-0.9, 0.0, -0.3)21475430
(-0.9, 0.0, -0.3)21475481
(-0.9, 0.0, -0.3)21475532
(-0.9, 0.0, -0.3)21475582
(-0.9, 0.0, -0.3)21475634
(-0.9, 0.0, -0.3)21475684
(-0.9, 0.0, -0.3)21475736
(-0.9, 0.0, -0.3)21475787
(-0.9, 0.0, -0.3)21475837
(-0.9, 0.0, -0.3)21475888
(-0.9, 0.0, -0.3)21475938
(-0.9, 0.0, -0.3)21475989
(-0.9, 0.0, -0.3)21480040
(-0.9, 0.0, -0.3)21480091
(-0.9, 0.0, -0.3)21480141
(-0.9, 0.0, -0.3)21480193
(-0.9, 0.0, -0.3)21480244
(-0.9, 0.0, -0.3)21480295
(-0.9, 0.0, -0.3)21480346
(-0.9, 0.0, -0.3)21480396
(-0.9, 0.0, -0.3)21480449
(-0.9, 0.0, -0.3)21480500
(-0.9, 0.0, -0.3)21480550
(-0.9, 0.0, -0.3)21480602
(-0.9, 0.0, -0.3)21480653
(-0.9, 0.0, -0.3)21480703
(-0.9, 0.0, -0.3)21480756
(-0.9, 0.0, -0.3)21480806
(-0.9, 0.0, -0.3)21480856
(-0.9, 0.0, -0.3)21480906
(-0.9, 0.0, -0.3)21480956
(-0.9, 0.0, -0.3)21481007
(-0.9, 0.0, -0.3)21481057
(-0.9, 0.0, -0.3)21481109
(-0.9, 0.0, -0.3)21481160
(-0.9, 0.0, -0.3)21481212
(-0.9, 0.0, -0.3)21481266
(-0.9, 0.0, -0.3)21481318
(-0.9, 0.0, -0.3)21481369
(-0.9, 0.0, -0.3)21481421
(-0.9, 0.0, -0.3)21481471
(-0.9, 0.0, -0.3)21481521
(-0.9, 0.0, -0.3)21481572
(-0.9, 0.0, -0.3)21481623
(-0.9, 0.0, -0.3)21481674
(-0.9, 0.0, -0.3)21481724
(-0.9, 0.0, -0.3)21481775
(-0.9, 0.0, -0.3)21481825
(-0.9, 0.0, -0.3)21481877
(-0.9, 0.0, -0.3)21481927
(-0.9, 0.0, -0.3)21481978
(-0.9, 0.0, -0.3)21482028
(-0.9, 0.0, -0.3)21482078
(-0.9, 0.0, -0.3)21482129
(-0.9, 0.0, -0.3)21482179
(-0.9, 0.0, -0.3)21482230
(-0.9, 0.0, -0.3)21482281
(-0.9, 0.0, -0.3)21482333
(-0.9, 0.0, -0.3)21482386
(-0.9, 0.0, -0.3)21482438
(-0.9, 0.0, -0.3)21482488
(-0.9, 0.0, -0.3)21482539
(-0.9, 0.0, -0.3)21482590
(-0.9, 0.0, -0.3)21482641
(-0.9, 0.0, -0.3)21482692
(-0.9, 0.0, -0.3)21482742
(-0.9, 0.0, -0.3)21482792
(-0.9, 0.0, -0.3)21482843
(-0.9, 0.0, -0.3)21482893
(-0.9, 0.0, -0.3)21482943
(-0.9, 0.0, -0.3)21482995
(-0.9, 0.0, -0.3)21483046
(-0.9, 0.0, -0.3)21483097
(-0.9, 0.0, -0.3)21483149
(-0.9, 0.0, -0.3)21483203
(-0.9, 0.0, -0.3)21483252
(-0.9, 0.0, -0.3)21483304
(-0.9, 0.0, -0.3)21483357
(-0.9, 0.0, -0.3)21483409
(-0.9, 0.0, -0.3)21483460
(-0.9, 0.0, -0.3)21483510
(-0.9, 0.0, -0.3)21483562
(-0.9, 0.0, -0.3)21483612
(-0.9, 0.0, -0.3)21483664
(-0.9, 0.0, -0.3)21483715
(-0.9, 0.0, -0.3)21483766
(-0.9, 0.0, -0.3)21483818
(-0.9, 0.0, -0.3)21483868
(-0.9, 0.0, -0.3)21483919
(-0.9, 0.0, -0.3)21483970
(-0.9, 0.0, -0.3)21484021
(-0.9, 0.0, -0.3)21484071
(-0.9, 0.0, -0.3)21484122
(-0.9, 0.0, -0.3)21484173
(-0.9, 0.0, -0.3)21484223
(-0.9, 0.0, -0.3)21484273
(-0.9, 0.0, -0.3)21484326
(-0.9, 0.0, -0.3)21484376
(-0.9, 0.0, -0.3)21484428
(-0.9, 0.0, -0.3)21484479
(-0.9, 0.0, -0.3)21484529
(-0.9, 0.0, -0.3)21484580
(-0.9, 0.0, -0.3)21484631
(-0.9, 0.0, -0.3)21484682
(-0.9, 0.0, -0.3)21484732
(-0.9, 0.0, -0.3)21484783
(-0.9, 0.0, -0.3)21484834
(-0.9, 0.0, -0.3)21484885
(-0.9, 0.0, -0.3)21484936
(-0.9, 0.0, -0.3)21484988
(-0.9, 0.0, -0.3)21485040
(-0.9, 0.0, -0.3)21485091
(-0.9, 0.0, -0.3)21485143
(-0.9, 0.0, -0.3)21485194
(-0.9, 0.0, -0.3)21485245
(-0.9, 0.0, -0.3)21485295
(-0.9, 0.0, -0.3)21485345
(-0.9, 0.0, -0.3)21485396
(-0.9, 0.0, -0.3)21485446
(-0.9, 0.0, -0.3)21485498
(-0.9, 0.0, -0.3)21485549
(-0.9, 0.0, -0.3)21485600
(-0.9, 0.0, -0.3)21485650
(-0.9, 0.0, -0.3)21485701
(-0.9, 0.0, -0.3)21485751
(-0.9, 0.0, -0.3)21485805
(-0.9, 0.0, -0.3)21485854
(-0.9, 0.0, -0.3)21485905
(-0.9, 0.0, -0.3)21485958
(-0.9, 0.0, -0.3)21490010
(-0.9, 0.0, -0.3)21490061
(-0.9, 0.0, -0.3)21490115
(-0.9, 0.0, -0.3)21490166
(-0.9, 0.0, -0.3)21490216
(-0.9, 0.0, -0.3)21490266
(-0.9, 0.0, -0.3)21490318
(-0.9, 0.0, -0.3)21490369
(-0.9, 0.0, -0.3)21490419
(-0.9, 0.0, -0.3)21490470
(-0.9, 0.0, -0.3)21490522
(-0.9, 0.0, -0.3)21490573
(-0.9, 0.0, -0.3)21490624
(-0.9, 0.0, -0.3)21490675
(-0.9, 0.0, -0.3)21490726
(-0.9, 0.0, -0.3)21490780
(-0.9, 0.0, -0.3)21490830
(-0.9, 0.0, -0.3)21490881
(-0.9, 0.0, -0.3)21490932
(-0.9, 0.0, -0.3)21490981
(-0.9, 0.0, -0.3)21491032
(-0.9, 0.0, -0.3)21491083
(-0.9, 0.0, -0.3)21491134
(-0.9, 0.0, -0.3)21491184
(-0.9, 0.0, -0.3)21491235
(-0.9, 0.0, -0.3)21491287
(-0.9, 0.0, -0.3)21491338
(-0.9, 0.0, -0.3)21491389
(-0.9, 0.0, -0.3)21491441
(-0.9, 0.0, -0.3)21491491
(-0.9, 0.0, -0.3)21491543
(-0.9, 0.0, -0.3)21491594
(-0.9, 0.0, -0.3)21491645
(-0.9, 0.0, -0.3)21491695
(-0.9, 0.0, -0.3)21491745
(-0.9, 0.0, -0.3)21491795
(-0.9, 0.0, -0.3)21491847
(-0.9, 0.0, -0.3)21491897
(-0.9, 0.0, -0.3)21491949
(-0.9, 0.0, -0.3)21491999
(-0.9, 0.0, -0.3)21492049
(-0.9, 0.0, -0.3)21492102
(-0.9, 0.0, -0.3)21492153
(-0.9, 0.0, -0.3)21492203
(-0.9, 0.0, -0.3)21492256
(-0.9, 0.0, -0.3)21492306
(-0.9, 0.0, -0.3)21492356
(-0.9, 0.0, -0.3)21492409
(-0.9, 0.0, -0.3)21492459
(-0.9, 0.0, -0.3)21492510
(-0.9, 0.0, -0.3)21492560
(-0.9, 0.0, -0.3)21492612
(-0.9, 0.0, -0.3)21492662
(-0.9, 0.0, -0.3)21492714
(-0.9, 0.0, -0.3)21492765
(-0.9, 0.0, -0.3)21492816
(-0.9, 0.0, -0.3)21492867
(-0.9, 0.0, -0.3)21492922
(-0.9, 0.0, -0.3)21492972
(-0.9, 0.0, -0.3)21493024
(-0.9, 0.0, -0.3)21493074
(-0.9, 0.0, -0.3)21493125
(-0.9, 0.0, -0.3)21493175
(-0.9, 0.0, -0.3)21493230
(-0.9, 0.0, 0.5)21493279
(-0.9, 0.0, -0.5)21493331
(-0.9, 0.0, -0.4)21493382
(-0.9, -0.1, 0.5)21493433
(-0.9, -0.1, 0.3)21493483
(-1.0, -0.1, 0.2)21493535
(-1.0, -0.1, 0.2)21493586
(-1.0, -0.1, 0.2)21493637
(-1.0, -0.1, 0.2)21493688
(-1.0, -0.1, 0.2)21493739
(-1.0, -0.1, 0.2)21493790
(-1.0, -0.1, 0.2)21493842
(-1.0, -0.1, 0.2)21493895
(-1.0, -0.1, 0.2)21493946
(-1.0, -0.1, 0.2)21493997
(-1.0, -0.1, 0.2)21494048
(-1.0, -0.1, 0.2)21494099
(-1.0, -0.1, 0.2)21494149
(-1.0, -0.1, 0.2)21494202
(-1.0, -0.1, 0.2)21494253
(-1.0, -0.1, 0.2)21494304
(-1.0, -0.1, 0.2)21494354
(-1.0, -0.1, 0.2)21494405
(-1.0, -0.1, 0.2)21494456
(-1.0, -0.1, 0.2)21494507
(-1.0, -0.1, 0.2)21494558
(-1.0, -0.1, 0.2)21494609
(-1.0, -0.1, 0.2)21494659
(-1.0, -0.1, 0.2)21494711
(-1.0, -0.1, 0.2)21494763
(-1.0, -0.1, 0.2)21494814
(-1.0, -0.1, 0.2)21494866
(-1.0, -0.1, 0.2)21494916
(-1.0, -0.1, 0.2)21494967
(-1.0, -0.1, 0.2)21495020
(-1.0, -0.1, 0.2)21495071
(-1.0, -0.1, 0.2)21495122
(-1.0, -0.1, 0.2)21495176
(-1.0, -0.1, 0.2)21495226
(-1.0, -0.1, 0.2)21495277
(-1.0, -0.1, 0.2)21495329
(-1.0, -0.1, 0.2)21495380
(-1.0, -0.1, 0.2)21495430
(-1.0, -0.1, 0.2)21495481
(-1.0, -0.1, 0.2)21495532
(-1.0, -0.1, 0.2)21495582
(-1.0, -0.1, 0.2)21495633
(-1.0, -0.1, 0.2)21495688
(-1.0, -0.1, 0.2)21495738
(-1.0, -0.1, 0.2)21495788
(-1.0, -0.1, 0.2)21495841
(-1.0, -0.1, 0.2)21495891
(-1.0, -0.1, 0.2)21495942
(-1.0, -0.1, 0.2)21495997
(-1.0, -0.1, 0.2)21500046
(-1.0, -0.1, 0.2)21500096
(-1.0, -0.1, 0.2)21500147
(-1.0, -0.1, 0.2)21500197
(-1.0, -0.1, 0.2)21500248
(-1.0, -0.1, 0.2)21500298
(-1.0, -0.1, 0.2)21500349
(-1.0, -0.1, 0.2)21500400
(-1.0, -0.1, 0.2)21500450
(-1.0, -0.1, 0.2)21500506
(-1.0, -0.1, 0.2)21500554
(-1.0, -0.1, 0.2)21500605
(-1.0, -0.1, 0.2)21500657
(-1.0, -0.1, 0.2)21500707
(-1.0, -0.1, 0.2)21500758
(-1.0, -0.1, 0.2)21500808
(-1.0, -0.1, 0.2)21500859
(-1.0, -0.1, 0.2)21500909
(-1.0, -0.1, 0.2)21500960
(-1.0, -0.1, 0.2)21501012
(-1.0, -0.1, 0.2)21501064
(-1.0, -0.1, 0.2)21501114
(-1.0, -0.1, 0.2)21501165
(-1.0, -0.1, 0.2)21501216
(-1.0, -0.1, 0.2)21501267
(-1.0, -0.1, 0.2)21501324
(-1.0, -0.1, 0.2)21501373
(-1.0, -0.1, 0.2)21501424
(-1.0, -0.1, 0.2)21501475
(-1.0, -0.1, 0.2)21501526
(-1.0, -0.1, 0.2)21501577
(-1.0, -0.1, 0.2)21501628
(-1.0, -0.1, 0.2)21501681
(-1.0, -0.1, 0.2)21501733
(-1.0, -0.1, 0.2)21501784
(-1.0, -0.1, 0.2)21501835
(-1.0, -0.1, 0.2)21501886
(-1.0, -0.1, 0.2)21501937
(-1.0, -0.1, 0.2)21501993
(-1.0, -0.1, 0.2)21502043
(-1.0, -0.1, 0.2)21502093
(-1.0, -0.1, 0.2)21502147
(-1.0, -0.1, 0.2)21502196
(-1.0, -0.1, 0.2)21502246
(-1.0, -0.1, 0.2)21502296
(-1.0, -0.1, 0.2)21502346
(-1.0, -0.1, 0.2)21502396
(-1.0, -0.1, 0.2)21502447
(-1.0, -0.1, 0.2)21502497
(-1.0, -0.1, 0.2)21502548
(-1.0, -0.1, 0.2)21502599
(-1.0, -0.1, 0.2)21502652
(-1.0, -0.1, 0.2)21502702
(-1.0, -0.1, 0.2)21502753
(-1.0, -0.1, 0.2)21502805
(-1.0, -0.1, 0.2)21502855
(-1.0, -0.1, 0.2)21502906
(-1.0, -0.1, 0.2)21502957
(-1.0, -0.1, 0.2)21503007
(-1.0, -0.1, 0.2)21503058
(-1.0, -0.1, 0.2)21503109
(-1.0, -0.1, 0.2)21503161
(-1.0, -0.1, 0.2)21503213
(-1.0, -0.1, 0.2)21503263
(-1.0, -0.1, 0.2)21503315
(-1.0, -0.1, 0.2)21503366
(-1.0, -0.1, 0.2)21503416
(-1.0, -0.1, 0.2)21503466
(-1.0, -0.1, 0.2)21503518
(-1.0, -0.1, 0.2)21503569
(-1.0, -0.1, 0.2)21503620
(-1.0, -0.1, 0.2)21503673
(-1.0, -0.1, 0.2)21503722
(-1.0, -0.1, 0.2)21503773
(-1.0, -0.1, 0.2)21503827
(-1.0, -0.1, 0.2)21503879
(-1.0, -0.1, 0.2)21503930
(-1.0, -0.1, 0.2)21503983
(-1.0, -0.1, 0.2)21504033
(-1.0, -0.1, 0.2)21504084
(-1.0, -0.1, 0.2)21504134
(-1.0, -0.1, 0.2)21504186
(-1.0, -0.1, 0.2)21504236
(-1.0, -0.1, 0.2)21504288
(-1.0, -0.1, 0.2)21504338
(-1.0, -0.1, 0.2)21504388
(-1.0, -0.1, 0.2)21504439
(-1.0, -0.1, 0.2)21504491
(-1.0, -0.1, 0.2)21504542
(-1.0, -0.1, 0.2)21504593
(-1.0, -0.1, 0.2)21504644
(-1.0, -0.1, 0.2)21504695
(-1.0, -0.1, 0.2)21504745
(-1.0, -0.1, 0.2)21504798
(-1.0, -0.1, 0.2)21504848
(-1.0, -0.1, 0.2)21504899
(-1.0, -0.1, 0.2)21504949
(-1.0, -0.1, 0.2)21505000
(-1.0, -0.1, 0.2)21505051
(-1.0, -0.1, 0.2)21505102
(-1.0, -0.1, 0.2)21505153
(-1.0, -0.1, 0.2)21505203
(-1.0, -0.1, 0.2)21505254
(-1.0, -0.1, 0.2)21505306
(-1.0, -0.1, 0.2)21505360
(-1.0, -0.1, 0.2)21505410
(-1.0, -0.1, 0.2)21505462
(-1.0, -0.1, 0.2)21505513
(-1.0, -0.1, 0.2)21505563
(-1.0, -0.1, 0.2)21505617
(-1.0, -0.1, 0.2)21505667
(-1.0, -0.1, 0.2)21505718
(-1.0, -0.1, 0.2)21505770
(-1.0, -0.1, 0.2)21505821
(-1.0, -0.1, 0.2)21505872
(-1.0, -0.1, 0.2)21505922
(-1.0, -0.1, 0.2)21505974
(-1.0, -0.1, 0.2)21510026
(-1.0, -0.1, 0.2)21510076
(-1.0, -0.1, 0.2)21510128
(-1.0, -0.1, 0.2)21510179
(-1.0, -0.1, 0.2)21510231
(-1.0, -0.1, 0.2)21510284
(-1.0, -0.1, 0.2)21510334
(-1.0, -0.1, 0.2)21510385
(-1.0, -0.1, 0.2)21510437
(-1.0, -0.1, 0.2)21510488
(-1.0, -0.1, 0.2)21510538
(-1.0, -0.1, 0.2)21510589
(-1.0, -0.1, 0.2)21510639
(-1.0, -0.1, 0.2)21510690
(-1.0, -0.1, 0.2)21510741
(-1.0, -0.1, 0.2)21510793
(-1.0, -0.1, 0.2)21510843
(-1.0, -0.1, 0.2)21510893
(-1.0, -0.1, 0.2)21510944
(-1.0, -0.1, 0.2)21510995
(-1.0, -0.1, 0.2)21511045
(-1.0, -0.1, 0.2)21511095
(-1.0, -0.1, 0.2)21511145
(-1.0, -0.1, 0.2)21511197
(-1.0, -0.1, 0.2)21511250
(-1.0, -0.1, 0.2)21511301
(-1.0, -0.1, 0.2)21511352
(-1.0, -0.1, 0.2)21511406
(-1.0, -0.1, 0.2)21511455
(-1.0, -0.1, 0.2)21511507
(-1.0, -0.1, 0.2)21511559
(-1.0, -0.1, 0.2)21511609
(-1.0, -0.1, 0.2)21511660
(-1.0, -0.1, 0.2)21511712
(-1.0, -0.1, 0.2)21511762
(-1.0, -0.1, 0.2)21511813
(-1.0, -0.1, 0.2)21511865
(-1.0, -0.1, 0.2)21511915
(-1.0, -0.1, 0.2)21511967
(-1.0, -0.1, 0.2)21512017
(-1.0, -0.1, 0.2)21512069
(-1.0, -0.1, 0.2)21512120
(-1.0, -0.1, 0.2)21512170
(-1.0, -0.1, 0.2)21512220
(-1.0, -0.1, 0.2)21512271
(-1.0, -0.1, 0.2)21512322
(-1.0, -0.1, 0.2)21512375
(-1.0, -0.1, 0.2)21512426
(-1.0, -0.1, 0.2)21512476
(-1.0, -0.1, 0.2)21512528
(-1.0, -0.1, 0.2)21512578
(-1.0, -0.1, 0.2)21512630
(-1.0, -0.1, 0.2)21512680
(-1.0, -0.1, 0.2)21512731
(-1.0, -0.1, 0.2)21512782
(-1.0, -0.1, 0.2)21512832
(-1.0, -0.1, 0.2)21512884
(-1.0, -0.1, 0.2)21512935
(-1.0, -0.1, 0.2)21512985
(-1.0, -0.1, 0.2)21513037
(-1.0, -0.1, 0.2)21513087
(-1.0, -0.1, 0.2)21513137
(-1.0, -0.1, 0.2)21513188
(-1.0, -0.1, 0.2)21513239
(-1.0, -0.1, 0.2)21513290
(-1.0, -0.1, 0.2)21513341
(-1.0, -0.1, 0.2)21513392
(-1.0, -0.1, 0.2)21513443
(-1.0, -0.1, 0.2)21513493
(-1.0, -0.1, 0.2)21513546
(-1.0, -0.1, 0.2)21513597
(-1.0, -0.1, 0.2)21513648
(-1.0, -0.1, 0.2)21513700
(-1.0, -0.1, 0.2)21513749
(-1.0, -0.1, 0.2)21513799
(-1.0, -0.1, 0.2)21513851
(-1.0, -0.1, 0.2)21513901
(-1.0, -0.1, 0.2)21513951
(-1.0, -0.1, 0.2)21514002
(-1.0, -0.1, 0.2)21514053
(-1.0, -0.1, 0.2)21514103
(-1.0, -0.1, 0.2)21514154
(-1.0, -0.1, 0.2)21514204
(-1.0, -0.1, 0.2)21514255
(-1.0, -0.1, 0.2)21514305
(-1.0, -0.1, 0.2)21514356
(-1.0, -0.1, 0.2)21514406
(-1.0, -0.1, 0.2)21514457
(-1.0, -0.1, 0.2)21514509
(-1.0, -0.1, 0.2)21514560
(-1.0, -0.1, 0.2)21514610
(-1.0, -0.1, 0.2)21514661
(-1.0, -0.1, 0.2)21514712
(-1.0, -0.1, 0.2)21514763
(-1.0, -0.1, 0.2)21514813
(-1.0, -0.1, 0.2)21514864
(-1.0, -0.1, 0.2)21514914
(-1.0, -0.1, 0.2)21514965
(-1.0, -0.1, 0.2)21515015
(-1.0, -0.1, 0.2)21515066
(-1.0, -0.1, 0.2)21515117
(-1.0, -0.1, 0.2)21515169
(-1.0, -0.1, 0.2)21515220
(-1.0, -0.1, 0.2)21515271
(-1.0, -0.1, 0.2)21515323
(-1.0, -0.1, 0.2)21515374
(-1.0, -0.1, 0.2)21515424
(-1.0, -0.1, 0.2)21515477
(-1.0, -0.1, 0.2)21515527
(-1.0, -0.1, 0.2)21515579
(-1.0, -0.1, 0.2)21515629
(-1.0, -0.1, 0.2)21515680
(-1.0, -0.1, 0.2)21515730
(-1.0, -0.1, 0.2)21515782
(-1.0, -0.1, 0.2)21515832
(-1.0, -0.1, 0.2)21515882
(-1.0, -0.1, 0.2)21515934
(-1.0, -0.1, 0.2)21515985
(-1.0, -0.1, 0.2)21520035
(-1.0, -0.1, 0.2)21520086
(-1.0, -0.1, 0.2)21520140
(-1.0, -0.1, 0.2)21520190
(-1.0, -0.1, 0.2)21520242
(-1.0, -0.1, 0.2)21520296
(-1.0, -0.1, 0.2)21520346
(-1.0, -0.1, 0.2)21520396
(-1.0, -0.1, 0.2)21520448
(-1.0, -0.1, 0.2)21520499
(-1.0, -0.1, 0.2)21520550
(-1.0, -0.1, 0.2)21520600
(-1.0, -0.1, 0.2)21520652
(-1.0, -0.1, 0.2)21520702
(-1.0, -0.1, 0.2)21520752
(-1.0, -0.1, 0.2)21520803
(-1.0, -0.1, 0.2)21520854
(-1.0, -0.1, 0.2)21520905
(-1.0, -0.1, 0.2)21520955
(-1.0, -0.1, 0.2)21521007
(-1.0, -0.1, 0.2)21521057
(-1.0, -0.1, 0.2)21521108
(-1.0, -0.1, 0.2)21521158
(-1.0, -0.1, 0.2)21521208
(-1.0, -0.1, 0.2)21521258
(-1.0, -0.1, 0.2)21521309
(-1.0, -0.1, 0.2)21521360
(-1.0, -0.1, 0.2)21521411
(-1.0, -0.1, 0.2)21521462
(-1.0, -0.1, 0.2)21521514
(-1.0, -0.1, 0.2)21521564
(-1.0, -0.1, 0.2)21521615
(-1.0, -0.1, 0.2)21521667
(-1.0, -0.1, 0.2)21521719
(-1.0, -0.1, 0.2)21521769
(-1.0, -0.1, 0.2)21521820
(-1.0, -0.1, 0.2)21521872
(-1.0, -0.1, 0.2)21521924
(-1.0, -0.1, 0.2)21521975
(-1.0, -0.1, 0.2)21522027
(-1.0, -0.1, 0.2)21522079
(-1.0, -0.1, 0.2)21522129
(-1.0, -0.1, 0.2)21522180
(-1.0, -0.1, 0.2)21522234
(-1.0, -0.1, 0.2)21522284
(-1.0, -0.1, 0.2)21522334
(-1.0, -0.1, 0.2)21522386
(-1.0, -0.1, 0.2)21522436
(-1.0, -0.1, 0.2)21522487
(-1.0, -0.1, 0.2)21522537
(-1.0, -0.1, 0.2)21522588
(-1.0, -0.1, 0.2)21522639
(-1.0, -0.1, 0.2)21522690
(-1.0, -0.1, 0.2)21522741
(-1.0, -0.1, 0.2)21522790
(-1.0, -0.1, 0.2)21522841
(-1.0, -0.1, 0.2)21522891
(-1.0, -0.1, 0.2)21522941
(-1.0, -0.1, 0.2)21522991
(-1.0, -0.1, 0.2)21523043
(-1.0, -0.1, 0.2)21523094
(-1.0, -0.1, 0.2)21523145
(-1.0, -0.1, 0.2)21523195
(-1.0, -0.1, 0.2)21523247
(-1.0, -0.1, 0.2)21523297
(-1.0, -0.1, 0.2)21523348
(-1.0, -0.1, 0.2)21523402
(-1.0, -0.1, 0.2)21523452
(-1.0, -0.1, 0.2)21523503
(-1.0, -0.1, 0.2)21523555
(-1.0, -0.1, 0.2)21523605
(-1.0, -0.1, 0.2)21523655
(-1.0, -0.1, 0.2)21523706
(-1.0, -0.1, 0.2)21523757
(-1.0, -0.1, 0.2)21523808
(-1.0, -0.1, 0.2)21523859
(-1.0, -0.1, 0.2)21523910
(-1.0, -0.1, 0.2)21523962
(-1.0, -0.1, 0.2)21524013
(-1.0, -0.1, 0.2)21524064
(-1.0, -0.1, 0.2)21524116
(-1.0, -0.1, 0.2)21524167
(-1.0, -0.1, 0.2)21524217
(-1.0, -0.1, 0.2)21524270
(-1.0, -0.1, 0.2)21524320
(-1.0, -0.1, 0.2)21524370
(-1.0, -0.1, 0.2)21524422
(-1.0, -0.1, 0.2)21524474
(-1.0, -0.1, 0.2)21524525
(-1.0, -0.1, 0.2)21524576
(-1.0, -0.1, 0.2)21524627
(-1.0, -0.1, 0.2)21524679
(-1.0, -0.1, 0.2)21524729
(-1.0, -0.1, 0.2)21524779
(-1.0, -0.1, 0.2)21524830
(-1.0, -0.1, 0.2)21524880
(-1.0, -0.1, 0.2)21524932
(-1.0, -0.1, 0.2)21524982
(-1.0, -0.1, 0.2)21525032
(-1.0, -0.1, 0.2)21525084
(-1.0, -0.1, 0.2)21525133
(-1.0, -0.1, 0.2)21525184
(-1.0, -0.1, 0.2)21525239
(-1.0, -0.1, 0.2)21525289
(-1.0, -0.1, 0.2)21525340
(-1.0, -0.1, 0.2)21525391
(-1.0, -0.1, 0.2)21525442
(-1.0, -0.1, 0.2)21525493
(-1.0, -0.1, 0.2)21525544
(-1.0, -0.1, 0.2)21525594
(-1.0, -0.1, 0.2)21525645
(-1.0, -0.1, 0.2)21525696
(-1.0, -0.1, 0.2)21525748
(-1.0, -0.1, 0.2)21525799
(-1.0, -0.1, 0.2)21525851
(-1.0, -0.1, 0.2)21525903
(-1.0, -0.1, 0.2)21525954
(-1.0, -0.1, 0.2)21530005
(-1.0, -0.1, 0.2)21530058
(-1.0, -0.1, 0.2)21530109
(-1.0, -0.1, 0.2)21530160
(-1.0, -0.1, 0.2)21530211
(-1.0, -0.1, 0.2)21530261
(-1.0, -0.1, 0.2)21530312
(-1.0, -0.1, 0.2)21530363
(-1.0, -0.1, 0.2)21530414
(-1.0, -0.1, 0.2)21530465
(-1.0, -0.1, 0.2)21530515
(-1.0, -0.1, 0.2)21530566
(-1.0, -0.1, 0.2)21530617
(-1.0, -0.1, 0.2)21530667
(-1.0, -0.1, 0.2)21530719
(-1.0, -0.1, 0.2)21530769
(-1.0, -0.1, 0.2)21530820
(-1.0, -0.1, 0.2)21530873
(-1.0, -0.1, 0.2)21530924
(-1.0, -0.1, 0.2)21530975
(-1.0, -0.1, 0.2)21531031
(-1.0, -0.1, 0.2)21531080
(-1.0, -0.1, 0.2)21531131
(-1.0, -0.1, 0.2)21531181
(-1.0, -0.1, 0.2)21531232
(-1.0, -0.1, 0.2)21531284
(-1.0, -0.1, 0.2)21531334
(-1.0, -0.1, 0.2)21531385
(-1.0, -0.1, 0.2)21531436
(-1.0, -0.1, 0.2)21531487
(-1.0, -0.1, 0.2)21531537
(-1.0, -0.1, 0.2)21531587
(-1.0, -0.1, 0.2)21531639
(-1.0, -0.1, 0.2)21531690
(-1.0, -0.1, 0.2)21531741
(-1.0, -0.1, 0.2)21531792
(-1.0, -0.1, 0.2)21531843
(-1.0, -0.1, 0.2)21531894
(-1.0, -0.1, 0.2)21531944
(-1.0, -0.1, 0.2)21531995
(-1.0, -0.1, 0.2)21532047
(-1.0, -0.1, 0.2)21532097
(-1.0, -0.1, 0.2)21532148
(-1.0, -0.1, 0.2)21532199
(-1.0, -0.1, 0.2)21532249
(-1.0, -0.1, 0.2)21532299
(-1.0, -0.1, 0.2)21532351
(-1.0, -0.1, 0.2)21532402
(-1.0, -0.1, 0.2)21532452
(-1.0, -0.1, 0.2)21532504
(-1.0, -0.1, 0.2)21532556
(-1.0, -0.1, 0.2)21532607
(-1.0, -0.1, 0.2)21532658
(-1.0, -0.1, 0.2)21532709
(-1.0, -0.1, 0.2)21532759
(-1.0, -0.1, 0.2)21532810
(-1.0, -0.1, 0.2)21532862
(-1.0, -0.1, 0.2)21532912
(-1.0, -0.1, 0.2)21532963
(-1.0, -0.1, 0.2)21533013
(-1.0, -0.1, 0.2)21533063
(-1.0, -0.1, 0.2)21533114
(-1.0, -0.1, 0.2)21533165
(-1.0, -0.1, 0.2)21533216
(-1.0, -0.1, 0.2)21533267
(-1.0, -0.1, 0.2)21533318
(-1.0, -0.1, 0.2)21533369
(-1.0, -0.1, 0.2)21533420
(-1.0, -0.1, 0.2)21533472
(-1.0, -0.1, 0.2)21533522
(-1.0, -0.1, 0.2)21533572
(-1.0, -0.1, 0.2)21533624
(-1.0, -0.1, 0.2)21533674
(-1.0, -0.1, 0.2)21533725
(-1.0, -0.1, 0.2)21533776
(-1.0, -0.1, 0.2)21533826
(-1.0, -0.1, 0.2)21533877
(-1.0, -0.1, 0.2)21533929
(-1.0, -0.1, 0.2)21533980
(-1.0, -0.1, 0.2)21534030
(-1.0, -0.1, 0.2)21534080
(-1.0, -0.1, 0.2)21534132
(-1.0, -0.1, 0.2)21534182
(-1.0, -0.1, 0.2)21534234
(-1.0, -0.1, 0.2)21534287
(-1.0, -0.1, 0.2)21534338
(-1.0, -0.1, 0.2)21534388
(-1.0, -0.1, 0.2)21534439
(-1.0, -0.1, 0.2)21534490
(-1.0, -0.1, 0.2)21534541
(-1.0, -0.1, 0.2)21534592
(-1.0, -0.1, 0.2)21534643
(-1.0, -0.1, 0.2)21534693
(-1.0, -0.1, 0.2)21534744
(-1.0, -0.1, 0.2)21534796
(-1.0, -0.1, 0.2)21534847
(-1.0, -0.1, 0.2)21534897
(-1.0, -0.1, 0.2)21534949
(-1.0, -0.1, 0.2)21534999
(-1.0, -0.1, 0.2)21535049
(-1.0, -0.1, 0.2)21535100
(-1.0, -0.1, 0.2)21535150
(-1.0, -0.1, 0.2)21535200
(-1.0, -0.1, 0.2)21535252
(-1.0, -0.1, 0.2)21535303
(-1.0, -0.1, 0.2)21535354
(-1.0, -0.1, 0.2)21535404
(-1.0, -0.1, 0.2)21535455
(-1.0, -0.1, 0.2)21535506
(-1.0, -0.1, 0.2)21535556
(-1.0, -0.1, 0.2)21535606
(-1.0, -0.1, 0.2)21535656
(-1.0, -0.1, 0.2)21535707
(-1.0, -0.1, 0.2)21535760
(-1.0, -0.1, 0.2)21535811
(-1.0, -0.1, 0.2)21535861
(-1.0, -0.1, 0.2)21535914
(-1.0, -0.1, 0.2)21535964
(-1.0, -0.1, 0.2)21540015
(-1.0, -0.1, 0.2)21540067
(-1.0, -0.1, 0.2)21540118
(-1.0, -0.1, 0.2)21540169
(-1.0, -0.1, 0.2)21540219
(-1.0, -0.1, 0.2)21540271
(-1.0, -0.1, 0.2)21540322
(-1.0, -0.1, 0.2)21540372
(-1.0, -0.1, 0.2)21540423
(-1.0, -0.1, 0.2)21540473
(-1.0, -0.1, 0.2)21540524
(-1.0, -0.1, 0.2)21540575
(-1.0, -0.1, 0.2)21540626
(-1.0, -0.1, 0.2)21540677
(-1.0, -0.1, 0.2)21540729
(-1.0, -0.1, 0.2)21540780
(-1.0, -0.1, 0.2)21540831
(-1.0, -0.1, 0.2)21540882
(-1.0, -0.1, 0.2)21540932
(-1.0, -0.1, 0.2)21540983
(-1.0, -0.1, 0.2)21541034
(-1.0, -0.1, 0.2)21541085
(-1.0, -0.1, 0.2)21541137
(-1.0, -0.1, 0.2)21541188
(-1.0, -0.1, 0.2)21541240
(-1.0, -0.1, 0.2)21541290
(-1.0, -0.1, 0.2)21541341
(-1.0, -0.1, 0.2)21541394
(-1.0, -0.1, 0.2)21541443
(-1.0, -0.1, 0.2)21541494
(-1.0, -0.1, 0.2)21541545
(-1.0, -0.1, 0.2)21541595
(-1.0, -0.1, 0.2)21541646
(-1.0, -0.1, 0.2)21541697
(-1.0, -0.1, 0.2)21541748
(-1.0, -0.1, 0.2)21541799
(-1.0, -0.1, 0.2)21541851
(-1.0, -0.1, 0.2)21541901
(-1.0, -0.1, 0.2)21541951
(-1.0, -0.1, 0.2)21542002
(-1.0, -0.1, 0.2)21542055
(-1.0, -0.1, 0.2)21542106
(-1.0, -0.1, 0.2)21542157
(-1.0, -0.1, 0.2)21542210
(-1.0, -0.1, 0.2)21542260
(-1.0, -0.1, 0.2)21542310
(-1.0, -0.1, 0.2)21542360
(-1.0, -0.1, 0.2)21542411
(-1.0, -0.1, 0.2)21542462
(-1.0, -0.1, 0.2)21542512
(-1.0, -0.1, 0.2)21542562
(-1.0, -0.1, 0.2)21542613
(-1.0, -0.1, 0.2)21542664
(-1.0, -0.1, 0.2)21542715
(-1.0, -0.1, 0.2)21542766
(-1.0, -0.1, 0.2)21542817
(-1.0, -0.1, 0.2)21542869
(-1.0, -0.1, 0.2)21542919
(-1.0, -0.1, 0.2)21542970
(-1.0, -0.1, 0.2)21543022
(-1.0, -0.1, 0.2)21543073
(-1.0, -0.1, 0.2)21543124
(-1.0, -0.1, 0.2)21543175
(-1.0, -0.1, 0.2)21543225
(-1.0, -0.1, 0.2)21543276
(-1.0, -0.1, 0.2)21543327
(-1.0, -0.1, 0.2)21543378
(-1.0, -0.1, 0.2)21543429
(-1.0, -0.1, 0.2)21543480
(-1.0, -0.1, 0.2)21543533
(-1.0, -0.1, 0.2)21543583
(-1.0, -0.1, 0.2)21543633
(-1.0, -0.1, 0.2)21543687
(-1.0, -0.1, 0.2)21543738
(-1.0, -0.1, 0.2)21543789
(-1.0, -0.1, 0.2)21543842
(-1.0, -0.1, 0.2)21543892
(-1.0, -0.1, 0.2)21543943
(-1.0, -0.1, 0.2)21543993
(-1.0, -0.1, 0.2)21544044
(-1.0, -0.1, 0.2)21544095
(-1.0, -0.1, 0.2)21544146
(-1.0, -0.1, 0.2)21544197
(-1.0, -0.1, 0.2)21544247
(-1.0, -0.1, 0.2)21544299
(-1.0, -0.1, 0.2)21544350
(-1.0, -0.1, 0.2)21544401
(-1.0, -0.1, 0.2)21544452
(-1.0, -0.1, 0.2)21544503
(-1.0, -0.1, 0.2)21544553
(-1.0, -0.1, 0.2)21544604
(-1.0, -0.1, 0.2)21544657
(-1.0, -0.1, 0.2)21544707
(-1.0, -0.1, 0.2)21544758
(-1.0, -0.1, 0.2)21544810
(-1.0, -0.1, 0.2)21544860
(-1.0, -0.1, 0.2)21544912
(-1.0, -0.1, 0.2)21544963
(-1.0, -0.1, 0.2)21545014
(-1.0, -0.1, 0.2)21545065
(-1.0, -0.1, 0.2)21545116
(-1.0, -0.1, 0.2)21545166
(-1.0, -0.1, 0.2)21545217
(-1.0, -0.1, 0.2)21545268
(-1.0, -0.1, 0.2)21545319
(-1.0, -0.1, 0.2)21545369
(-1.0, -0.1, 0.2)21545419
(-1.0, -0.1, 0.2)21545469
(-1.0, -0.1, 0.2)21545521
(-1.0, -0.1, 0.2)21545573
(-1.0, -0.1, 0.2)21545623
(-1.0, -0.1, 0.2)21545679
(-1.0, -0.1, 0.2)21545730
(-1.0, -0.1, 0.2)21545781
(-1.0, -0.1, 0.2)21545834
(-1.0, -0.1, 0.2)21545884
(-1.0, -0.1, 0.2)21545934
(-1.0, -0.1, 0.2)21545986
(-1.0, -0.1, 0.2)21550039
(-1.0, -0.1, 0.2)21550089
(-1.0, -0.1, 0.2)21550139
(-1.0, -0.1, 0.2)21550191
(-1.0, -0.1, 0.2)21550242
(-1.0, -0.1, 0.2)21550293
(-1.0, -0.1, 0.2)21550344
(-1.0, -0.1, 0.2)21550396
(-1.0, -0.1, 0.2)21550446
(-1.0, -0.1, 0.2)21550497
(-1.0, -0.1, 0.2)21550548
(-1.0, -0.1, 0.2)21550600
(-1.0, -0.1, 0.2)21550650
(-1.0, -0.1, 0.2)21550702
(-1.0, -0.1, 0.2)21550755
(-1.0, -0.1, 0.2)21550805
(-1.0, -0.1, 0.2)21550856
(-1.0, -0.1, 0.2)21550907
(-1.0, -0.1, 0.2)21550957
(-1.0, -0.1, 0.2)21551007
(-1.0, -0.1, 0.2)21551058
(-1.0, -0.1, 0.2)21551109
(-1.0, -0.1, 0.2)21551159
(-1.0, -0.1, 0.2)21551210
(-1.0, -0.1, 0.2)21551261
(-1.0, -0.1, 0.2)21551311
(-1.0, -0.1, 0.2)21551362
(-1.0, -0.1, 0.2)21551416
(-1.0, -0.1, 0.2)21551466
(-1.0, -0.1, 0.2)21551518
(-1.0, -0.1, 0.2)21551569
(-1.0, -0.1, 0.2)21551619
(-1.0, -0.1, 0.2)21551669
(-1.0, -0.1, 0.2)21551719
(-1.0, -0.1, 0.2)21551771
(-1.0, -0.1, 0.2)21551822
(-1.0, -0.1, 0.2)21551873
(-1.0, -0.1, 0.2)21551923
(-1.0, -0.1, 0.2)21551974
(-1.0, -0.1, 0.2)21552025
(-1.0, -0.1, 0.2)21552077
(-1.0, -0.1, 0.2)21552127
(-1.0, -0.1, 0.2)21552178
(-1.0, -0.1, 0.2)21552231
(-1.0, -0.1, 0.2)21552281
(-1.0, -0.1, 0.2)21552333
(-1.0, -0.1, 0.2)21552384
(-1.0, -0.1, 0.2)21552435
(-1.0, -0.1, 0.2)21552486
(-1.0, -0.1, 0.2)21552537
(-1.0, -0.1, 0.2)21552592
(-1.0, -0.1, 0.2)21552642
(-1.0, -0.1, 0.2)21552692
(-1.0, -0.1, 0.2)21552747
(-1.0, -0.1, 0.2)21552796
(-1.0, -0.1, 0.2)21552847
(-1.0, -0.1, 0.2)21552900
(-1.0, -0.1, 0.2)21552951
(-1.0, -0.1, 0.2)21553002
(-1.0, -0.1, 0.2)21553052
(-1.0, -0.1, 0.2)21553104
(-1.0, -0.1, 0.2)21553155
(-1.0, -0.1, 0.2)21553205
(-1.0, -0.1, 0.2)21553257
(-1.0, -0.1, 0.2)21553307
(-1.0, -0.1, 0.2)21553359
(-1.0, -0.1, 0.2)21553410
(-1.0, -0.1, 0.2)21553460
(-1.0, -0.1, 0.2)21553511
(-1.0, -0.1, 0.2)21553566
(-1.0, -0.1, 0.2)21553615
(-1.0, -0.1, 0.2)21553666
(-1.0, -0.1, 0.2)21553718
(-1.0, -0.1, 0.2)21553768
(-1.0, -0.1, 0.2)21553819
(-1.0, -0.1, 0.2)21553871
(-1.0, -0.1, 0.2)21553923
(-1.0, -0.1, 0.2)21553973
(-1.0, -0.1, 0.2)21554024
(-1.0, -0.1, 0.2)21554077
(-1.0, -0.1, 0.2)21554128
(-1.0, -0.1, 0.2)21554178
(-1.0, -0.1, 0.2)21554231
(-1.0, -0.1, 0.2)21554283
(-1.0, -0.1, 0.2)21554334
(-1.0, -0.1, 0.2)21554386
(-1.0, -0.1, 0.2)21554438
(-1.0, -0.1, 0.2)21554488
(-1.0, -0.1, 0.2)21554538
(-1.0, -0.1, 0.2)21554589
(-1.0, -0.1, 0.2)21554640
(-1.0, -0.1, 0.2)21554690
(-1.0, -0.1, 0.2)21554744
(-1.0, -0.1, 0.2)21554795
(-1.0, -0.1, 0.2)21554846
(-1.0, -0.1, 0.2)21554898
(-1.0, -0.1, 0.2)21554948
(-1.0, -0.1, 0.2)21554999
(-1.0, -0.1, 0.2)21555050
(-1.0, -0.1, 0.2)21555101
(-1.0, -0.1, 0.2)21555151
(-1.0, -0.1, 0.2)21555203
(-1.0, -0.1, 0.2)21555257
(-1.0, -0.1, 0.2)21555308
(-1.0, -0.1, 0.2)21555359
(-1.0, -0.1, 0.2)21555411
(-1.0, -0.1, 0.2)21555461
(-1.0, -0.1, 0.2)21555513
(-1.0, -0.1, 0.2)21555566
(-1.0, -0.1, 0.2)21555616
(-1.0, -0.1, 0.2)21555667
(-1.0, -0.1, 0.2)21555717
(-1.0, -0.1, 0.2)21555768
(-1.0, -0.1, 0.2)21555820
(-1.0, -0.1, 0.2)21555871
(-1.0, -0.1, 0.2)21555922
(-1.0, -0.1, 0.2)21555972
(-1.0, -0.1, 0.2)21560023
(-1.0, -0.1, 0.2)21560075
(-1.0, -0.1, 0.2)21560124
(-1.0, -0.1, 0.2)21560176
(-1.0, -0.1, 0.2)21560227
(-1.0, -0.1, 0.2)21560278
(-1.0, -0.1, 0.2)21560329
(-1.0, -0.1, 0.2)21560380
(-1.0, -0.1, 0.2)21560430
(-1.0, -0.1, 0.2)21560481
(-1.0, -0.1, 0.2)21560532
(-1.0, -0.1, 0.2)21560584
(-1.0, -0.1, 0.2)21560635
(-1.0, -0.1, 0.2)21560686
(-1.0, -0.1, 0.2)21560740
(-1.0, -0.1, 0.2)21560790
(-1.0, -0.1, 0.2)21560841
(-1.0, -0.1, 0.2)21560892
(-1.0, -0.1, 0.2)21560943
(-1.0, -0.1, 0.2)21560994
(-1.0, -0.1, 0.2)21561046
(-1.0, -0.1, 0.2)21561096
(-1.0, -0.1, 0.2)21561148
(-1.0, -0.1, 0.2)21561198
(-1.0, -0.1, 0.2)21561248
(-1.0, -0.1, 0.2)21561299
(-1.0, -0.1, 0.2)21561351
(-1.0, -0.1, 0.2)21561404
(-1.0, -0.1, 0.2)21561455
(-1.0, -0.1, 0.2)21561505
(-1.0, -0.1, 0.2)21561559
(-1.0, -0.1, 0.2)21561609
(-1.0, -0.1, 0.2)21561660
(-1.0, -0.1, 0.2)21561713
(-1.0, -0.1, 0.2)21561764
(-1.0, -0.1, 0.2)21561815
(-1.0, -0.1, 0.2)21561866
(-1.0, -0.1, 0.2)21561917
(-1.0, -0.1, 0.2)21561968
(-1.0, -0.1, 0.2)21562019
(-1.0, -0.1, 0.2)21562071
(-1.0, -0.1, 0.2)21562121
(-1.0, -0.1, 0.2)21562172
(-1.0, -0.1, 0.2)21562224
(-1.0, -0.1, 0.2)21562274
(-1.0, -0.1, 0.2)21562325
(-1.0, -0.1, 0.2)21562377
(-1.0, -0.1, 0.2)21562427
(-1.0, -0.1, 0.2)21562478
(-1.0, -0.1, 0.2)21562530
(-1.0, -0.1, 0.2)21562581
(-1.0, -0.1, 0.2)21562631
(-1.0, -0.1, 0.2)21562683
(-1.0, -0.1, 0.2)21562734
(-1.0, -0.1, 0.2)21562785
(-1.0, -0.1, 0.2)21562836
(-1.0, -0.1, 0.2)21562889
(-1.0, -0.1, 0.2)21562940
(-1.0, -0.1, 0.2)21562991
(-1.0, -0.1, 0.2)21563045
(-1.0, -0.1, 0.2)21563095
(-1.0, -0.1, 0.2)21563146
(-1.0, -0.1, 0.2)21563197
(-1.0, -0.1, 0.2)21563248
(-1.0, -0.1, 0.2)21563300
(-1.0, -0.1, 0.2)21563351
(-1.0, -0.1, 0.2)21563401
(-1.0, -0.1, 0.2)21563452
(-1.0, -0.1, 0.2)21563503
(-1.0, -0.1, 0.2)21563556
(-1.0, -0.1, 0.2)21563606
(-1.0, -0.1, 0.2)21563656
(-1.0, -0.1, 0.2)21563711
(-1.0, -0.1, 0.2)21563760
(-1.0, -0.1, 0.2)21563811
(-1.0, -0.1, 0.2)21563862
(-1.0, -0.1, 0.2)21563912
(-1.0, -0.1, 0.2)21563963
(-1.0, -0.1, 0.2)21564014
(-1.0, -0.1, 0.2)21564065
(-1.0, -0.1, 0.2)21564115
(-1.0, -0.1, 0.2)21564166
(-1.0, -0.1, 0.2)21564219
(-1.0, -0.1, 0.2)21564269
(-1.0, -0.1, 0.2)21564321
(-1.0, -0.1, 0.2)21564371
(-1.0, -0.1, 0.2)21564423
(-1.0, -0.1, 0.2)21564474
(-1.0, -0.1, 0.2)21564524
(-1.0, -0.1, 0.2)21564575
(-1.0, -0.1, 0.2)21564625
(-1.0, -0.1, 0.2)21564677
(-1.0, -0.1, 0.2)21564728
(-1.0, -0.1, 0.2)21564779
(-1.0, -0.1, 0.2)21564830
(-1.0, -0.1, 0.2)21564884
(-1.0, -0.1, 0.2)21564933
(-1.0, -0.1, 0.2)21564984
(-1.0, -0.1, 0.2)21565034
(-1.0, -0.1, 0.2)21565084
(-1.0, -0.1, 0.2)21565135
(-1.0, -0.1, 0.2)21565186
(-1.0, -0.1, 0.2)21565236
(-1.0, -0.1, 0.2)21565286
(-1.0, -0.1, 0.2)21565337
(-1.0, -0.1, 0.2)21565387
(-1.0, -0.1, 0.2)21565438
(-1.0, -0.1, 0.2)21565489
(-1.0, -0.1, 0.2)21565540
(-1.0, -0.1, 0.2)21565591
(-1.0, -0.1, 0.2)21565642
(-1.0, -0.1, 0.2)21565694
(-1.0, -0.1, 0.2)21565745
(-1.0, -0.1, 0.2)21565796
(-1.0, -0.1, 0.2)21565846
(-1.0, -0.1, 0.2)21565897
(-1.0, -0.1, 0.2)21565947
(-1.0, -0.1, 0.2)21565999
(-1.0, -0.1, 0.2)21570050
(-1.0, -0.1, 0.2)21570102
(-1.0, -0.1, 0.2)21570153
(-1.0, -0.1, 0.2)21570203
(-1.0, -0.1, 0.2)21570255
(-1.0, -0.1, 0.2)21570306
(-1.0, -0.1, 0.2)21570357
(-1.0, -0.1, 0.2)21570407
(-1.0, -0.1, 0.2)21570457
(-1.0, -0.1, 0.2)21570509
(-1.0, -0.1, 0.2)21570559
(-1.0, -0.1, 0.2)21570610
(-1.0, -0.1, 0.2)21570660
(-1.0, -0.1, 0.2)21570711
(-1.0, -0.1, 0.2)21570763
(-1.0, -0.1, 0.2)21570813
(-1.0, -0.1, 0.2)21570863
(-1.0, -0.1, 0.2)21570917
(-1.0, -0.1, 0.2)21570967
(-1.0, -0.1, 0.2)21571018
(-1.0, -0.1, 0.2)21571071
(-1.0, -0.1, 0.2)21571121
(-1.0, -0.1, 0.2)21571171
(-1.0, -0.1, 0.2)21571223
(-1.0, -0.1, 0.2)21571274
(-1.0, -0.1, 0.2)21571325
(-1.0, -0.1, 0.2)21571375
(-1.0, -0.1, 0.2)21571425
(-1.0, -0.1, 0.2)21571476
(-1.0, -0.1, 0.2)21571526
(-1.0, -0.1, 0.2)21571579
(-1.0, -0.1, 0.2)21571629
(-1.0, -0.1, 0.2)21571680
(-1.0, -0.1, 0.2)21571732
(-1.0, -0.1, 0.2)21571783
(-1.0, -0.1, 0.2)21571834
(-1.0, -0.1, 0.2)21571885
(-1.0, -0.1, 0.2)21571936
(-1.0, -0.1, 0.2)21571987
(-1.0, -0.1, 0.2)21572038
(-1.0, -0.1, 0.2)21572088
(-1.0, -0.1, 0.2)21572140
(-1.0, -0.1, 0.2)21572190
(-1.0, -0.1, 0.2)21572242
(-1.0, -0.1, 0.2)21572292
(-1.0, -0.1, 0.2)21572343
(-1.0, -0.1, 0.2)21572395
(-1.0, -0.1, 0.2)21572446
(-1.0, -0.1, 0.2)21572497
(-1.0, -0.1, 0.2)21572547
(-1.0, -0.1, 0.2)21572598
(-1.0, -0.1, 0.2)21572650
(-1.0, -0.1, 0.2)21572701
(-1.0, -0.1, 0.2)21572753
(-1.0, -0.1, 0.2)21572804
(-1.0, -0.1, 0.2)21572854
(-1.0, -0.1, 0.2)21572907
(-1.0, -0.1, 0.2)21572957
(-1.0, -0.1, 0.2)21573007
(-1.0, -0.1, 0.2)21573059
(-1.0, -0.1, 0.2)21573110
(-1.0, -0.1, 0.2)21573161
(-1.0, -0.1, 0.2)21573211
(-1.0, -0.1, 0.2)21573263
(-1.0, -0.1, 0.2)21573314
(-1.0, -0.1, 0.2)21573365
(-1.0, -0.1, 0.2)21573417
(-1.0, -0.1, 0.2)21573468
(-1.0, -0.1, 0.2)21573519
(-1.0, -0.1, 0.2)21573572
(-1.0, -0.1, 0.2)21573622
(-1.0, -0.1, 0.2)21573673
(-1.0, -0.1, 0.2)21573726
(-1.0, -0.1, 0.2)21573776
(-1.0, -0.1, 0.2)21573826
(-1.0, -0.1, 0.2)21573877
(-1.0, -0.1, 0.2)21573928
(-1.0, -0.1, 0.2)21573980
(-1.0, -0.1, 0.2)21574030
(-1.0, -0.1, 0.2)21574080
(-1.0, -0.1, 0.2)21574131
(-1.0, -0.1, 0.2)21574183
(-1.0, -0.1, 0.2)21574236
(-1.0, -0.1, 0.2)21574285
(-1.0, -0.1, 0.2)21574337
(-1.0, -0.1, 0.2)21574388
(-1.0, -0.1, 0.2)21574438
(-1.0, -0.1, 0.2)21574489
(-1.0, -0.1, 0.2)21574540
(-1.0, -0.1, 0.2)21574590
(-1.0, -0.1, 0.2)21574640
(-1.0, -0.1, 0.2)21574691
(-1.0, -0.1, 0.2)21574742
(-1.0, -0.1, 0.2)21574792
(-1.0, -0.1, 0.2)21574843
(-1.0, -0.1, 0.2)21574894
(-1.0, -0.1, 0.2)21574945
(-1.0, -0.1, 0.2)21574996
(-1.0, -0.1, 0.2)21575047
(-1.0, -0.1, 0.2)21575097
(-1.0, -0.1, 0.2)21575148
(-1.0, -0.1, 0.2)21575200
(-1.0, -0.1, 0.2)21575255
(-1.0, -0.1, 0.2)21575305
(-1.0, -0.1, 0.2)21575356
(-1.0, -0.1, 0.2)21575408
(-1.0, -0.1, 0.2)21575460
(-1.0, -0.1, 0.2)21575510
(-1.0, -0.1, 0.2)21575561
(-1.0, -0.1, 0.2)21575612
(-1.0, -0.1, 0.2)21575663
(-1.0, -0.1, 0.2)21575714
(-1.0, -0.1, 0.2)21575765
(-1.0, -0.1, 0.2)21575815
(-1.0, -0.1, 0.2)21575866
(-1.0, -0.1, 0.2)21575917
(-1.0, -0.1, 0.2)21575969
(-1.0, -0.1, 0.2)21580020
(-1.0, -0.1, 0.2)21580071
(-1.0, -0.1, 0.2)21580128
(-1.0, -0.1, 0.2)21580178
(-1.0, -0.1, 0.2)21580229
(-1.0, -0.1, 0.2)21580281
(-1.0, -0.1, 0.2)21580332
(-1.0, -0.1, 0.2)21580383
(-1.0, -0.1, 0.2)21580434
(-1.0, -0.1, 0.2)21580484
(-1.0, -0.1, 0.2)21580535
(-1.0, -0.1, 0.2)21580586
(-1.0, -0.1, 0.2)21580638
(-1.0, -0.1, 0.2)21580688
(-1.0, -0.1, 0.2)21580738
(-1.0, -0.1, 0.2)21580789
(-1.0, -0.1, 0.2)21580840
(-1.0, -0.1, 0.2)21580891
(-1.0, -0.1, 0.2)21580942
(-1.0, -0.1, 0.2)21580993
(-1.0, -0.1, 0.2)21581044
(-1.0, -0.1, 0.2)21581096
(-1.0, -0.1, 0.2)21581146
(-1.0, -0.1, 0.2)21581197
(-1.0, -0.1, 0.2)21581247
(-1.0, -0.1, 0.2)21581300
(-1.0, -0.1, 0.2)21581351
(-1.0, -0.1, 0.2)21581401
(-1.0, -0.1, 0.2)21581452
(-1.0, -0.1, 0.2)21581504
(-1.0, -0.1, 0.2)21581555
(-1.0, -0.1, 0.2)21581607
(-1.0, -0.1, 0.2)21581660
(-1.0, -0.1, 0.2)21581710
(-1.0, -0.1, 0.2)21581760
(-1.0, -0.1, 0.2)21581811
(-1.0, -0.1, 0.2)21581863
(-1.0, -0.1, 0.2)21581914
(-1.0, -0.1, 0.2)21581965
(-1.0, -0.1, 0.2)21582018
(-1.0, -0.1, 0.2)21582068
(-1.0, -0.1, 0.2)21582120
(-1.0, -0.1, 0.2)21582170
(-1.0, -0.1, 0.2)21582220
(-1.0, -0.1, 0.2)21582270
(-1.0, -0.1, 0.2)21582320
(-1.0, -0.1, 0.2)21582372
(-1.0, -0.1, 0.2)21582423
(-1.0, -0.1, 0.2)21582474
(-1.0, -0.1, 0.2)21582529
(-1.0, -0.1, 0.2)21582578
(-1.0, -0.1, 0.2)21582631
(-1.0, -0.1, 0.2)21582686
(-1.0, -0.1, 0.2)21582737
(-1.0, -0.1, 0.2)21582788
(-1.0, -0.1, 0.2)21582839
(-1.0, -0.1, 0.2)21582890
(-1.0, -0.1, 0.2)21582941
(-1.0, -0.1, 0.2)21582994
(-1.0, -0.1, 0.2)21583045
(-1.0, -0.1, 0.2)21583095
(-1.0, -0.1, 0.2)21583145
(-1.0, -0.1, 0.2)21583196
(-1.0, -0.1, 0.2)21583249
(-1.0, -0.1, 0.2)21583300
(-1.0, -0.1, 0.2)21583352
(-1.0, -0.1, 0.2)21583405
(-1.0, -0.1, 0.2)21583456
(-1.0, -0.1, 0.2)21583507
(-1.0, -0.1, 0.2)21583558
(-1.0, -0.1, 0.2)21583613
(-1.0, -0.1, 0.2)21583664
(-1.0, -0.1, 0.2)21583715
(-1.0, -0.1, 0.2)21583765
(-1.0, -0.1, 0.2)21583817
(-1.0, -0.1, 0.2)21583868
(-1.0, -0.1, 0.2)21583920
(-1.0, -0.1, 0.2)21583973
(-1.0, -0.1, 0.2)21584023
(-1.0, -0.1, 0.2)21584074
(-1.0, -0.1, 0.2)21584125
(-1.0, -0.1, 0.2)21584176
(-1.0, -0.1, 0.2)21584226
(-1.0, -0.1, 0.2)21584278
(-1.0, -0.1, 0.2)21584330
(-1.0, -0.1, 0.2)21584380
(-1.0, -0.1, 0.2)21584430
(-1.0, -0.1, 0.2)21584484
(-1.0, -0.1, 0.2)21584534
(-1.0, -0.1, 0.2)21584584
(-1.0, -0.1, 0.2)21584641
(-1.0, -0.1, 0.2)21584690
(-1.0, -0.1, 0.2)21584741
(-1.0, -0.1, 0.2)21584791
(-1.0, -0.1, 0.2)21584841
(-1.0, -0.1, 0.2)21584893
(-1.0, -0.1, 0.2)21584944
(-1.0, -0.1, 0.2)21584995
(-1.0, -0.1, 0.2)21585046
(-1.0, -0.1, 0.2)21585096
(-1.0, -0.1, 0.2)21585148
(-1.0, -0.1, 0.2)21585197
(-1.0, -0.1, 0.2)21585248
(-1.0, -0.1, 0.2)21585299
(-1.0, -0.1, 0.2)21585349
(-1.0, -0.1, 0.2)21585399
(-1.0, -0.1, 0.2)21585450
(-1.0, -0.1, 0.2)21585501
(-1.0, -0.1, 0.2)21585552
(-1.0, -0.1, 0.2)21585603
(-1.0, -0.1, 0.2)21585665
(-1.0, -0.1, 0.2)21585715
(-1.0, -0.1, 0.2)21585766
(-1.0, -0.1, 0.2)21585817
(-1.0, -0.1, 0.2)21585867
(-1.0, -0.1, 0.2)21585918
(-1.0, -0.1, 0.2)21585970
(-1.0, -0.1, 0.2)21590020
(-1.0, -0.1, 0.2)21590071
(-1.0, -0.1, 0.2)21590122
(-1.0, -0.1, 0.2)21590174
(-1.0, -0.1, 0.2)21590225
(-1.0, -0.1, 0.2)21590275
(-1.0, -0.1, 0.2)21590329
(-1.0, -0.1, 0.2)21590379
(-1.0, -0.1, 0.2)21590431
(-1.0, -0.1, 0.2)21590481
(-1.0, -0.1, 0.2)21590532
(-1.0, -0.1, 0.2)21590583
(-1.0, -0.1, 0.2)21590634
(-1.0, -0.1, 0.2)21590686
(-1.0, -0.1, 0.2)21590736
(-1.0, -0.1, 0.2)21590788
(-1.0, -0.1, 0.2)21590843
(-1.0, -0.1, 0.2)21590895
(-1.0, -0.1, 0.2)21590945
(-1.0, -0.1, 0.2)21590996
(-1.0, -0.1, 0.2)21591047
(-1.0, -0.1, 0.2)21591098
(-1.0, -0.1, 0.2)21591149
(-1.0, -0.1, 0.2)21591200
(-1.0, -0.1, 0.2)21591252
(-1.0, -0.1, 0.2)21591303
(-1.0, -0.1, 0.2)21591356
(-1.0, -0.1, 0.2)21591407
(-1.0, -0.1, 0.2)21591459
(-1.0, -0.1, 0.2)21591510
(-1.0, -0.1, 0.2)21591562
(-1.0, -0.1, 0.2)21591613
(-1.0, -0.1, 0.2)21591666
(-1.0, -0.1, 0.2)21591716
(-1.0, -0.1, 0.2)21591766
(-1.0, -0.1, 0.2)21591817
(-1.0, -0.1, 0.2)21591870
(-1.0, -0.1, 0.2)21591921
(-1.0, -0.1, 0.2)21591972
(-1.0, -0.1, 0.2)21592023
(-1.0, -0.1, 0.2)21592074
(-1.0, -0.1, 0.2)21592124
(-1.0, -0.1, 0.2)21592176
(-1.0, -0.1, 0.2)21592226
(-1.0, -0.1, 0.2)21592277
(-1.0, -0.1, 0.2)21592327
(-1.0, -0.1, 0.2)21592382
(-1.0, -0.1, 0.2)21592433
(-1.0, -0.1, 0.2)21592483
(-1.0, -0.1, 0.2)21592534
(-1.0, -0.1, 0.2)21592585
(-1.0, -0.1, 0.2)21592637
(-1.0, -0.1, 0.2)21592687
(-1.0, -0.1, 0.2)21592739
(-1.0, -0.1, 0.2)21592790
(-1.0, -0.1, 0.2)21592841
(-1.0, -0.1, 0.2)21592892
(-1.0, -0.1, 0.2)21592942
(-1.0, -0.1, 0.2)21592992
(-1.0, -0.1, 0.2)21593045
(-1.0, -0.1, 0.2)21593095
(-1.0, -0.1, 0.2)21593145
(-1.0, -0.1, 0.2)21593196
(-1.0, -0.1, 0.2)21593248
(-1.0, -0.1, 0.2)21593299
(-1.0, -0.1, 0.2)21593350
(-1.0, -0.1, 0.2)21593401
(-1.0, -0.1, 0.2)21593452
(-1.0, -0.1, 0.2)21593503
(-1.0, -0.1, 0.2)21593554
(-1.0, -0.1, 0.2)21593604
(-1.0, -0.1, 0.2)21593654
(-1.0, -0.1, 0.2)21593706
(-1.0, -0.1, 0.2)21593756
(-1.0, -0.1, 0.2)21593806
(-1.0, -0.1, 0.2)21593858
(-1.0, -0.1, 0.2)21593908
(-1.0, -0.1, 0.2)21593959
(-1.0, -0.1, 0.2)21594010
(-1.0, -0.1, 0.2)21594061
(-1.0, -0.1, 0.2)21594110
(-1.0, -0.1, 0.2)21594162
(-1.0, -0.1, 0.2)21594212
(-1.0, -0.1, 0.2)21594264
(-1.0, -0.1, 0.2)21594315
(-1.0, -0.1, 0.2)21594365
(-1.0, -0.1, 0.2)21594417
(-1.0, -0.1, 0.2)21594467
(-1.0, -0.1, 0.2)21594518
(-1.0, -0.1, 0.2)21594569
(-1.0, -0.1, 0.2)21594619
(-1.0, -0.1, 0.2)21594670
(-1.0, -0.1, 0.2)21594724
(-1.0, -0.1, 0.2)21594774
(-1.0, -0.1, 0.2)21594825
(-1.0, -0.1, 0.2)21594878
(-1.0, -0.1, 0.2)21594927
(-1.0, -0.1, 0.2)21594979
(-1.0, -0.1, 0.2)21595029
(-1.0, -0.1, 0.2)21595081
(-1.0, -0.1, 0.2)21595133
(-1.0, -0.1, 0.2)21595183
(-1.0, -0.1, 0.2)21595236
(-1.0, -0.1, 0.2)21595288
(-1.0, -0.1, 0.2)21595339
(-1.0, -0.1, 0.2)21595390
(-1.0, -0.1, 0.2)21595441
(-1.0, -0.1, 0.2)21595491
(-1.0, -0.1, 0.2)21595542
(-1.0, -0.1, 0.2)21595593
(-1.0, -0.1, 0.2)21595644
(-1.0, -0.1, 0.2)21595695
(-1.0, -0.1, 0.2)21595746
(-1.0, -0.1, 0.2)21595796
(-1.0, -0.1, 0.2)21595846
(-1.0, -0.1, 0.2)21595898
(-1.0, -0.1, 0.2)21595948
(-1.0, -0.1, 0.2)22000000
(-1.0, -0.1, 0.2)22000051
(-1.0, -0.1, 0.2)22000103
(-1.0, -0.1, 0.2)22000154
(-1.0, -0.1, 0.2)22000205
(-1.0, -0.1, 0.2)22000258
(-1.0, -0.1, 0.2)22000308
(-1.0, -0.1, 0.2)22000359
(-1.0, -0.1, 0.2)22000412
(-1.0, -0.1, 0.2)22000462
(-1.0, -0.1, 0.2)22000513
(-1.0, -0.1, 0.2)22000565
(-1.0, -0.1, 0.2)22000615
(-1.0, -0.1, 0.2)22000667
(-1.0, -0.1, 0.2)22000717
(-1.0, -0.1, 0.2)22000771
(-1.0, -0.1, 0.2)22000822
(-1.0, -0.1, 0.2)22000873
(-1.0, -0.1, 0.2)22000924
(-1.0, -0.1, 0.2)22000975
(-1.0, -0.1, 0.2)22001027
(-1.0, -0.1, 0.2)22001077
(-1.0, -0.1, 0.2)22001129
(-1.0, -0.1, 0.2)22001180
(-1.0, -0.1, 0.2)22001230
(-1.0, -0.1, 0.2)22001287
(-1.0, -0.1, 0.2)22001338
(-1.0, -0.1, 0.2)22001389
(-1.0, -0.1, 0.2)22001443
(-1.0, -0.1, 0.2)22001494
(-1.0, -0.1, 0.2)22001545
(-1.0, -0.1, 0.2)22001597
(-1.0, -0.1, 0.2)22001649
(-1.0, -0.1, 0.2)22001700
(-1.0, -0.1, 0.2)22001751
(-1.0, -0.1, 0.2)22001805
(-1.0, -0.1, 0.2)22001855
(-1.0, -0.1, 0.2)22001906
(-1.0, -0.1, 0.2)22001959
(-1.0, -0.1, 0.2)22002010
(-1.0, -0.1, 0.2)22002061
(-1.0, -0.1, 0.2)22002112
(-1.0, -0.1, 0.2)22002163
(-1.0, -0.1, 0.2)22002214
(-1.0, -0.1, 0.2)22002265
(-1.0, -0.1, 0.2)22002318
(-1.0, -0.1, 0.2)22002368
(-1.0, -0.1, 0.2)22002419
(-1.0, -0.1, 0.2)22002470
(-1.0, -0.1, 0.2)22002521
(-1.0, -0.1, 0.2)22002572
(-1.0, -0.1, 0.2)22002622
(-1.0, -0.1, 0.2)22002674
(-1.0, -0.1, 0.2)22002725
(-1.0, -0.1, 0.2)22002776
(-1.0, -0.1, 0.2)22002828
(-1.0, -0.1, 0.2)22002878
(-1.0, -0.1, 0.2)22002928
(-1.0, -0.1, 0.2)22002980
(-1.0, -0.1, 0.2)22003031
(-1.0, -0.1, 0.2)22003081
(-1.0, -0.1, 0.2)22003132
(-1.0, -0.1, 0.2)22003182
(-1.0, -0.1, 0.2)22003233
(-1.0, -0.1, 0.2)22003283
(-1.0, -0.1, 0.2)22003336
(-1.0, -0.1, 0.2)22003387
(-1.0, -0.1, 0.2)22003438
(-1.0, -0.1, 0.2)22003490
(-1.0, -0.1, 0.2)22003541
(-1.0, -0.1, 0.2)22003592
(-1.0, -0.1, 0.2)22003644
(-1.0, -0.1, 0.2)22003695
(-1.0, -0.1, 0.2)22003745
(-1.0, -0.1, 0.2)22003797
(-1.0, -0.1, 0.2)22003848
(-1.0, -0.1, 0.2)22003899
(-1.0, -0.1, 0.2)22003950
(-1.0, -0.1, 0.2)22004001
(-1.0, -0.1, 0.2)22004052
(-1.0, -0.1, 0.2)22004103
(-1.0, -0.1, 0.2)22004156
(-1.0, -0.1, 0.2)22004206
(-1.0, -0.1, 0.2)22004257
(-1.0, -0.1, 0.2)22004307
(-1.0, -0.1, 0.2)22004358
(-1.0, -0.1, 0.2)22004408
(-1.0, -0.1, 0.2)22004459
(-1.0, -0.1, 0.2)22004509
(-1.0, -0.1, 0.2)22004560
(-1.0, -0.1, 0.2)22004611
(-1.0, -0.1, 0.2)22004665
(-1.0, -0.1, 0.2)22004715
(-1.0, -0.1, 0.2)22004766
(-1.0, -0.1, 0.2)22004818
(-1.0, -0.1, 0.2)22004870
(-1.0, -0.1, 0.2)22004922
(-1.0, -0.1, 0.2)22004973
(-1.0, -0.1, 0.2)22005025
(-1.0, -0.1, 0.2)22005075
(-1.0, -0.1, 0.2)22005125
(-1.0, -0.1, 0.2)22005179
(-1.0, -0.1, 0.2)22005229
(-1.0, -0.1, 0.2)22005280
(-1.0, -0.1, 0.2)22005331
(-1.0, -0.1, 0.2)22005380
(-1.0, -0.1, 0.2)22005430
(-1.0, -0.1, 0.2)22005481
(-1.0, -0.1, 0.2)22005531
(-1.0, -0.1, 0.2)22005582
(-1.0, -0.1, 0.2)22005634
(-1.0, -0.1, 0.2)22005685
(-1.0, -0.1, 0.2)22005736
(-1.0, -0.1, 0.2)22005786
(-1.0, -0.1, 0.2)22005838
(-1.0, -0.1, 0.2)22005889
(-1.0, -0.1, 0.2)22005939
(-1.0, -0.1, 0.2)22005989
(-1.0, -0.1, 0.2)22010040
(-1.0, -0.1, 0.2)22010091
(-1.0, -0.1, 0.2)22010142
(-1.0, -0.1, 0.2)22010197
(-1.0, -0.1, 0.2)22010246
(-1.0, -0.1, 0.2)22010297
(-1.0, -0.1, 0.2)22010348
(-1.0, -0.1, 0.2)22010399
(-1.0, -0.1, 0.2)22010450
(-1.0, -0.1, 0.2)22010501
(-1.0, -0.1, 0.2)22010552
(-1.0, -0.1, 0.2)22010602
(-1.0, -0.1, 0.2)22010652
(-1.0, -0.1, 0.2)22010703
(-1.0, -0.1, 0.2)22010753
(-1.0, -0.1, 0.2)22010803
(-1.0, -0.1, 0.2)22010856
(-1.0, -0.1, 0.2)22010907
(-1.0, -0.1, 0.2)22010958
(-1.0, -0.1, 0.2)22011009
(-1.0, -0.1, 0.2)22011060
(-1.0, -0.1, 0.2)22011110
(-1.0, -0.1, 0.2)22011162
(-1.0, -0.1, 0.2)22011214
(-1.0, -0.1, 0.2)22011265
(-1.0, -0.1, 0.2)22011315
(-1.0, -0.1, 0.2)22011367
(-1.0, -0.1, 0.2)22011416
(-1.0, -0.1, 0.2)22011467
(-1.0, -0.1, 0.2)22011521
(-1.0, -0.1, 0.2)22011570
(-1.0, -0.1, 0.2)22011622
(-1.0, -0.1, 0.2)22011673
(-1.0, -0.1, 0.2)22011724
(-1.0, -0.1, 0.2)22011774
(-1.0, -0.1, 0.2)22011825
(-1.0, -0.1, 0.2)22011877
(-1.0, -0.1, 0.2)22011929
(-1.0, -0.1, 0.2)22011981
(-1.0, -0.1, 0.2)22012033
(-1.0, -0.1, 0.2)22012084
(-1.0, -0.1, 0.2)22012135
(-1.0, -0.1, 0.2)22012189
(-1.0, -0.1, 0.2)22012239
(-1.0, -0.1, 0.2)22012290
(-1.0, -0.1, 0.2)22012340
(-1.0, -0.1, 0.2)22012392
(-1.0, -0.1, 0.2)22012442
(-1.0, -0.1, 0.2)22012493
(-1.0, -0.1, 0.2)22012544
(-1.0, -0.1, 0.2)22012596
(-1.0, -0.1, 0.2)22012646
(-1.0, -0.1, 0.2)22012698
(-1.0, -0.1, 0.2)22012748
(-1.0, -0.1, 0.2)22012799
(-1.0, -0.1, 0.2)22012854
(-1.0, -0.1, 0.2)22012904
(-1.0, -0.1, 0.2)22012956
(-1.0, -0.1, 0.2)22013006
(-1.0, -0.1, 0.2)22013057
(-1.0, -0.1, 0.2)22013109
(-1.0, -0.1, 0.2)22013162
(-1.0, -0.1, 0.2)22013213
(-1.0, -0.1, 0.2)22013265
(-1.0, -0.1, 0.2)22013315
(-1.0, -0.1, 0.2)22013369
(-1.0, -0.1, 0.2)22013419
(-1.0, -0.1, 0.2)22013469
(-1.0, -0.1, 0.2)22013522
(-1.0, -0.1, 0.2)22013574
(-1.0, -0.1, 0.2)22013624
(-1.0, -0.1, 0.2)22013675
(-1.0, -0.1, 0.2)22013728
(-1.0, -0.1, 0.2)22013778
(-1.0, -0.1, 0.2)22013830
(-1.0, -0.1, 0.2)22013885
(-1.0, -0.1, 0.2)22013935
(-1.0, -0.1, 0.2)22013986
(-1.0, -0.1, 0.2)22014041
(-1.0, -0.1, 0.2)22014091
(-1.0, -0.1, 0.2)22014141
(-1.0, -0.1, 0.2)22014192
(-1.0, -0.1, 0.2)22014243
(-1.0, -0.1, 0.2)22014293
(-1.0, -0.1, 0.2)22014344
(-1.0, -0.1, 0.2)22014394
(-1.0, -0.1, 0.2)22014445
(-1.0, -0.1, 0.2)22014497
(-1.0, -0.1, 0.2)22014548
(-1.0, -0.1, 0.2)22014599
(-1.0, -0.1, 0.2)22014651
(-1.0, -0.1, 0.2)22014702
(-1.0, -0.1, 0.2)22014754
(-1.0, -0.1, 0.2)22014805
(-1.0, -0.1, 0.2)22014856
(-1.0, -0.1, 0.2)22014906
(-1.0, -0.1, 0.2)22014958
(-1.0, -0.1, 0.2)22015009
(-1.0, -0.1, 0.2)22015060
(-1.0, -0.1, 0.2)22015111
(-1.0, -0.1, 0.2)22015162
(-1.0, -0.1, 0.2)22015214
(-1.0, -0.1, 0.2)22015263
(-1.0, -0.1, 0.2)22015315
(-1.0, -0.1, 0.2)22015366
(-1.0, -0.1, 0.2)22015416
(-1.0, -0.1, 0.2)22015466
(-1.0, -0.1, 0.2)22015518
(-1.0, -0.1, 0.2)22015568
(-1.0, -0.1, 0.2)22015620
(-1.0, -0.1, 0.2)22015671
(-1.0, -0.1, 0.2)22015722
(-1.0, -0.1, 0.2)2201