(-0.8, -0.4, -0.4)22170514
(-0.8, -0.4, -0.4)22170564
(-0.8, -0.4, -0.4)22170614
(-0.8, -0.4, -0.4)22170665
(-0.8, -0.4, -0.4)22170717
(-0.8, -0.4, -0.4)22170769
(-0.8, -0.4, -0.4)22170820
(-0.8, -0.4, -0.4)22170873
(-0.8, -0.4, -0.4)22170925
(-0.8, -0.4, -0.4)22170975
(-0.8, -0.4, -0.4)22171026
(-0.8, -0.4, -0.4)22171076
(-0.8, -0.4, -0.4)22171127
(-0.8, -0.4, -0.4)22171179
(-0.8, -0.4, -0.4)22171231
(-0.8, -0.4, -0.4)22171282
(-0.8, -0.4, -0.4)22171333
(-0.8, -0.4, -0.4)22171384
(-0.8, -0.4, -0.4)22171436
(-0.8, -0.4, -0.4)22171488
(-0.8, -0.4, -0.4)22171539
(-0.8, -0.4, -0.4)22171590
(-0.8, -0.4, -0.4)22171641
(-0.8, -0.4, -0.4)22171692
(-0.8, -0.4, -0.4)22171744
(-0.8, -0.4, -0.4)22171795
(-0.8, -0.4, -0.4)22171846
(-0.8, -0.4, -0.4)22171897
(-0.8, -0.4, -0.4)22171948
(-0.8, -0.4, -0.4)22171999
(-0.8, -0.4, -0.4)22172049
(-0.8, -0.4, -0.4)22172100
(-0.8, -0.4, -0.4)22172151
(-0.8, -0.4, -0.4)22172203
(-0.8, -0.4, -0.4)22172255
(-0.8, -0.4, -0.4)22172307
(-0.8, -0.4, -0.4)22172357
(-0.8, -0.4, -0.4)22172408
(-0.8, -0.4, -0.4)22172458
(-0.8, -0.4, -0.4)22172509
(-0.8, -0.4, -0.4)22172559
(-0.8, -0.4, -0.4)22172610
(-0.8, -0.4, -0.4)22172661
(-0.8, -0.4, -0.4)22172712
(-0.8, -0.4, -0.4)22172763
(-0.8, -0.4, -0.4)22172813
(-0.8, -0.4, -0.4)22172865
(-0.8, -0.4, -0.4)22172917
(-0.8, -0.4, -0.4)22172969
(-0.8, -0.4, -0.4)22173021
(-0.8, -0.4, -0.4)22173072
(-0.8, -0.4, -0.4)22173125
(-0.8, -0.4, -0.4)22173176
(-0.8, -0.4, -0.4)22173226
(-0.8, -0.4, -0.4)22173278
(-0.8, -0.4, -0.4)22173330
(-0.8, -0.4, -0.4)22173383
(-0.8, -0.4, -0.4)22173434
(-0.8, -0.4, -0.4)22173485
(-0.8, -0.4, -0.4)22173536
(-0.8, -0.4, -0.4)22173587
(-0.8, -0.4, -0.4)22173639
(-0.8, -0.4, -0.4)22173690
(-0.8, -0.4, -0.4)22173742
(-0.8, -0.4, -0.4)22173794
(-0.8, -0.4, -0.4)22173846
(-0.8, -0.4, -0.4)22173898
(-0.8, -0.4, -0.4)22173951
(-0.8, -0.4, -0.4)22174001
(-0.8, -0.4, -0.4)22174051
(-0.8, -0.4, -0.4)22174101
(-0.8, -0.4, -0.4)22174152
(-0.8, -0.4, -0.4)22174203
(-0.8, -0.4, -0.4)22174253
(-0.8, -0.4, -0.4)22174303
(-0.8, -0.4, -0.4)22174354
(-0.8, -0.4, -0.4)22174406
(-0.8, -0.4, -0.4)22174456
(-0.8, -0.4, -0.4)22174508
(-0.8, -0.4, -0.4)22174560
(-0.8, -0.4, -0.4)22174611
(-0.8, -0.4, -0.4)22174662
(-0.8, -0.4, -0.4)22174713
(-0.8, -0.4, -0.4)22174763
(-0.8, -0.4, -0.4)22174815
(-0.8, -0.5, -0.3)22174867
(-0.6, -0.4, -0.6)22174918
(-0.6, -0.4, -0.6)22174969
(-0.6, -0.5, -0.6)22175021
(-0.6, -0.5, -0.6)22175072
(-0.6, -0.5, -0.6)22175123
(-0.6, -0.5, -0.6)22175173
(-0.6, -0.5, -0.6)22175224
(-0.6, -0.5, -0.6)22175276
(-0.6, -0.5, -0.6)22175328
(-0.6, -0.5, -0.6)22175380
(-0.6, -0.5, -0.6)22175431
(-0.6, -0.5, -0.6)22175483
(-0.6, -0.5, -0.6)22175535
(-0.6, -0.5, -0.6)22175586
(-0.6, -0.5, -0.6)22175637
(-0.7, -0.4, -0.5)22175687
(-0.9, 0.2, -0.4)22175739
(-0.8, 0.0, -0.6)22175789
(-0.8, 0.0, -0.6)22175841
(-0.8, 0.0, -0.6)22175893
(-0.8, 0.0, -0.6)22175944
(-0.8, 0.0, -0.6)22175996
(-0.8, -0.1, -0.6)22180047
(-0.7, -0.1, -0.7)22180097
(-0.7, -0.1, -0.7)22180148
(-0.7, -0.1, -0.7)22180199
(-0.7, -0.1, -0.7)22180250
(-0.7, -0.1, -0.7)22180300
(-0.7, -0.1, -0.7)22180352
(-0.7, -0.1, -0.7)22180402
(-0.7, -0.1, -0.7)22180454
(-0.7, -0.1, -0.7)22180506
(-0.7, -0.1, -0.7)22180557
(-0.7, -0.1, -0.7)22180607
(-0.7, -0.1, -0.7)22180658
(-0.7, -0.1, -0.7)22180710
(-0.7, -0.1, -0.7)22180762
(-0.7, -0.1, -0.7)22180813
(-0.7, -0.1, -0.7)22180864
(-0.7, -0.1, -0.7)22180915
(-0.7, -0.1, -0.7)22180967
(-0.7, -0.1, -0.7)22181018
(-0.7, -0.1, -0.7)22181069
(-0.7, -0.1, -0.7)22181121
(-0.7, -0.1, -0.7)22181172
(-0.7, -0.1, -0.7)22181224
(-0.7, -0.1, -0.7)22181276
(-0.7, -0.1, -0.7)22181328
(-0.7, -0.1, -0.7)22181379
(-0.7, -0.1, -0.7)22181429
(-0.7, -0.1, -0.7)22181480
(-0.7, -0.1, -0.7)22181531
(-0.7, -0.1, -0.7)22181582
(-0.7, -0.1, -0.7)22181633
(-0.7, -0.1, -0.7)22181685
(-0.7, -0.1, -0.7)22181736
(-0.7, -0.1, -0.7)22181787
(-0.7, -0.1, -0.7)22181838
(-0.7, -0.1, -0.7)22181890
(-0.7, -0.1, -0.7)22181942
(-0.7, -0.1, -0.7)22181992
(-0.7, -0.1, -0.7)22182043
(-0.7, -0.1, -0.7)22182095
(-0.7, -0.1, -0.7)22182146
(-0.7, -0.1, -0.7)22182196
(-0.7, -0.1, -0.7)22182248
(-0.7, -0.1, -0.7)22182299
(-0.7, -0.1, -0.7)22182349
(-0.7, -0.1, -0.7)22182401
(-0.7, -0.1, -0.7)22182452
(-0.7, -0.1, -0.7)22182503
(-0.7, -0.1, -0.7)22182553
(-0.7, -0.1, -0.7)22182605
(-0.7, -0.1, -0.7)22182656
(-0.7, -0.1, -0.7)22182706
(-0.7, -0.1, -0.7)22182757
(-0.7, -0.1, -0.7)22182808
(-0.7, -0.1, -0.7)22182858
(-0.7, -0.1, -0.7)22182909
(-0.7, -0.1, -0.7)22182960
(-0.7, -0.1, -0.7)22183012
(-0.7, -0.1, -0.7)22183063
(-0.7, -0.1, -0.7)22183114
(-0.7, -0.1, -0.7)22183164
(-0.7, -0.1, -0.7)22183216
(-0.7, -0.1, -0.7)22183267
(-0.7, -0.1, -0.7)22183318
(-0.7, -0.1, -0.7)22183368
(-0.7, -0.1, -0.7)22183420
(-0.7, -0.1, -0.7)22183472
(-0.7, -0.1, -0.7)22183524
(-0.7, -0.1, -0.7)22183575
(-0.1, -0.3, -0.9)22183625
(-0.7, 0.0, -0.7)22183677
(-0.7, 0.0, -0.7)22183728
(-0.7, 0.0, -0.7)22183781
(-0.8, 0.1, -0.6)22183833
(-0.8, 0.1, -0.6)22183884
(-0.6, 0.2, -0.8)22183934
(-0.5, 0.5, -0.7)22183985
(-0.5, 0.4, -0.8)22184035
(-0.5, 0.4, -0.8)22184088
(-0.5, 0.4, -0.8)22184139
(-0.4, 0.7, -0.5)22184192
(-0.9, 0.4, -0.1)22184244
(-0.8, 0.5, -0.3)22184295
(-0.8, 0.5, -0.3)22184346
(-0.7, 0.7, -0.2)22184398
(-0.5, 0.9, 0.0)22184448
(-0.5, 0.9, 0.0)22184499
(-0.5, 0.9, 0.0)22184550
(-0.5, 0.9, 0.0)22184602
(-0.5, 0.9, 0.0)22184652
(-0.5, 0.9, 0.0)22184702
(-0.5, 0.9, 0.0)22184754
(-0.5, 0.9, 0.0)22184805
(-0.5, 0.9, 0.0)22184856
(-0.5, 0.9, 0.0)22184907
(-0.5, 0.9, 0.0)22184959
(-0.5, 0.9, 0.0)22185010
(-0.5, 0.9, 0.0)22185062
(-0.5, 0.9, 0.0)22185112
(-0.5, 0.9, 0.0)22185164
(-0.5, 0.9, 0.0)22185214
(-0.5, 0.9, 0.0)22185266
(-0.5, 0.9, 0.0)22185318
(-0.5, 0.9, 0.0)22185368
(-0.5, 0.9, 0.0)22185420
(-0.5, 0.9, 0.0)22185471
(-0.5, 0.9, 0.0)22185521
(-0.5, 0.9, 0.0)22185572
(-0.5, 0.9, 0.0)22185623
(-0.5, 0.9, 0.0)22185674
(-0.5, 0.9, 0.0)22185726
(-0.5, 0.9, 0.0)22185776
(-0.5, 0.9, 0.0)22185828
(-0.5, 0.9, 0.0)22185878
(-0.5, 0.9, 0.0)22185929
(-0.5, 0.9, 0.0)22185979
(-0.5, 0.9, 0.0)22190031
(-0.5, 0.9, 0.0)22190081
(-0.5, 0.9, 0.0)22190133
(-0.5, 0.9, 0.0)22190183
(-0.5, 0.9, 0.0)22190236
(-0.5, 0.9, 0.0)22190288
(-0.5, 0.9, 0.0)22190340
(-0.5, 0.9, 0.0)22190393
(-0.5, 0.9, 0.0)22190444
(-0.5, 0.9, 0.0)22190495
(-0.5, 0.9, 0.0)22190546
(-0.5, 0.9, 0.0)22190596
(-0.5, 0.9, 0.0)22190648
(-0.5, 0.9, 0.0)22190700
(-0.5, 0.9, 0.0)22190750
(-0.5, 0.9, 0.0)22190802
(-0.5, 0.9, 0.0)22190853
(-0.5, 0.9, 0.0)22190904
(-0.5, 0.9, 0.0)22190957
(-0.5, 0.9, 0.0)22191009
(-0.5, 0.9, 0.0)22191061
(-0.5, 0.9, 0.0)22191111
(-0.5, 0.9, 0.0)22191161
(-0.5, 0.9, 0.0)22191212
(-0.5, 0.9, 0.0)22191263
(-0.5, 0.9, 0.0)22191315
(-0.5, 0.9, 0.0)22191366
(-0.5, 0.9, 0.0)22191417
(-0.5, 0.9, 0.0)22191470
(-0.5, 0.9, 0.0)22191522
(-0.5, 0.9, 0.0)22191574
(-0.5, 0.9, 0.0)22191626
(-0.5, 0.9, 0.0)22191677
(-0.5, 0.9, 0.0)22191729
(-0.5, 0.9, 0.0)22191781
(-0.5, 0.9, 0.0)22191833
(-0.5, 0.9, 0.0)22191885
(-0.5, 0.9, 0.0)22191936
(-0.5, 0.9, 0.0)22191987
(-0.5, 0.9, 0.0)22192037
(-0.5, 0.9, 0.0)22192088
(-0.5, 0.9, 0.0)22192140
(-0.5, 0.9, 0.0)22192191
(-0.5, 0.9, 0.0)22192242
(-0.5, 0.9, 0.0)22192292
(-0.5, 0.9, 0.0)22192344
(-0.5, 0.9, 0.0)22192397
(-0.5, 0.9, 0.0)22192447
(-0.5, 0.9, 0.0)22192499
(-0.5, 0.9, 0.0)22192551
(-0.5, 0.9, 0.0)22192603
(-0.5, 0.9, 0.0)22192654
(-0.5, 0.9, 0.0)22192705
(-0.5, 0.9, 0.0)22192758
(-0.5, 0.9, 0.0)22192808
(-0.5, 0.9, 0.0)22192859
(-0.5, 0.9, 0.0)22192910
(-0.5, 0.9, 0.0)22192960
(-0.5, 0.9, 0.0)22193010
(-0.5, 0.9, 0.0)22193062
(-0.5, 0.9, 0.0)22193114
(-0.5, 0.9, 0.0)22193164
(-0.5, 0.9, 0.0)22193217
(-0.5, 0.9, 0.0)22193268
(-0.5, 0.9, 0.0)22193320
(-0.5, 0.9, 0.0)22193370
(-0.5, 0.9, 0.0)22193422
(-0.5, 0.9, 0.0)22193473
(-0.5, 0.9, 0.0)22193524
(-0.5, 0.9, 0.0)22193575
(-0.5, 0.9, 0.0)22193627
(-0.5, 0.9, 0.0)22193678
(-0.5, 0.9, 0.0)22193730
(-0.5, 0.9, 0.0)22193780
(-0.5, 0.9, 0.0)22193832
(-0.5, 0.9, 0.0)22193885
(-0.5, 0.9, 0.0)22193937
(-0.5, 0.9, 0.0)22193989
(-0.5, 0.9, 0.0)22194041
(-0.5, 0.9, 0.0)22194092
(-0.5, 0.9, 0.0)22194145
(-0.5, 0.9, 0.0)22194196
(-0.5, 0.9, 0.0)22194248
(-0.5, 0.9, 0.0)22194300
(-0.5, 0.9, 0.0)22194352
(-0.5, 0.9, 0.0)22194404
(-0.5, 0.9, 0.0)22194456
(-0.5, 0.9, 0.0)22194508
(-0.5, 0.9, 0.0)22194559
(-0.5, 0.9, 0.0)22194611
(-0.5, 0.9, 0.0)22194662
(-0.5, 0.9, 0.0)22194713
(-0.5, 0.9, 0.0)22194764
(-0.5, 0.9, 0.0)22194816
(-0.5, 0.9, 0.0)22194868
(-0.5, 0.9, 0.0)22194920
(-0.5, 0.9, 0.0)22194972
(-0.5, 0.9, 0.0)22195025
(-0.5, 0.9, 0.0)22195075
(-0.5, 0.9, 0.0)22195128
(-0.5, 0.9, 0.0)22195179
(-0.5, 0.9, 0.0)22195232
(-0.5, 0.9, 0.0)22195284
(-0.5, 0.9, 0.0)22195334
(-0.5, 0.9, 0.0)22195386
(-0.5, 0.9, 0.0)22195438
(-0.5, 0.9, 0.0)22195488
(-0.5, 0.9, 0.0)22195539
(-0.5, 0.9, 0.0)22195590
(-0.5, 0.9, 0.0)22195641
(-0.5, 0.9, 0.0)22195693
(-0.5, 0.9, 0.0)22195744
(-0.5, 0.9, 0.0)22195795
(-0.5, 0.9, 0.0)22195847
(-0.5, 0.9, 0.0)22195898
(-0.5, 0.9, 0.0)22195948
(-0.5, 0.9, 0.0)22195998
(-0.5, 0.9, 0.0)22200048
(-0.5, 0.9, 0.0)22200100
(-0.5, 0.9, 0.0)22200153
(-0.5, 0.9, 0.0)22200204
(-0.5, 0.9, 0.0)22200255
(-0.5, 0.9, 0.0)22200306
(-0.5, 0.9, 0.0)22200356
(-0.5, 0.9, 0.0)22200407
(-0.5, 0.9, 0.0)22200457
(-0.5, 0.9, 0.0)22200508
(-0.5, 0.9, 0.0)22200558
(-0.5, 0.9, 0.0)22200608
(-0.5, 0.9, 0.0)22200661
(-0.5, 0.9, 0.0)22200712
(-0.5, 0.9, 0.0)22200763
(-0.5, 0.9, 0.0)22200815
(-0.5, 0.9, 0.0)22200868
(-0.5, 0.9, 0.0)22200920
(-0.5, 0.9, 0.0)22200971
(-0.5, 0.9, 0.0)22201022
(-0.5, 0.9, 0.0)22201073
(-0.5, 0.9, 0.0)22201126
(-0.5, 0.9, 0.0)22201176
(-0.5, 0.9, 0.0)22201229
(-0.5, 0.9, 0.0)22201281
(-0.5, 0.9, 0.0)22201331
(-0.5, 0.9, 0.0)22201382
(-0.5, 0.9, 0.0)22201435
(-0.5, 0.9, 0.0)22201486
(-0.5, 0.9, 0.0)22201537
(-0.5, 0.9, 0.0)22201590
(-0.5, 0.9, 0.0)22201640
(-0.5, 0.9, 0.0)22201691
(-0.5, 0.9, 0.0)22201742
(-0.5, 0.9, 0.0)22201793
(-0.5, 0.9, 0.0)22201843
(-0.5, 0.9, 0.0)22201894
(-0.5, 0.9, 0.0)222