(-0.9, 0.1, -0.4)22213166
(-0.9, 0.1, -0.4)22213218
(-0.9, 0.1, -0.4)22213270
(-0.9, 0.1, -0.4)22213321
(-0.9, 0.1, -0.4)22213372
(-0.9, 0.1, -0.4)22213422
(-0.9, 0.1, -0.4)22213474
(-0.9, 0.1, -0.4)22213525
(-0.9, 0.1, -0.4)22213576
(-0.9, 0.1, -0.4)22213627
(-0.9, 0.1, -0.4)22213679
(-0.9, 0.1, -0.4)22213731
(-0.9, 0.1, -0.4)22213782
(-0.9, 0.1, -0.4)22213832
(-0.9, 0.1, -0.4)22213882
(-0.9, 0.1, -0.4)22213933
(-0.9, 0.1, -0.4)22213984
(-0.9, 0.1, -0.4)22214035
(-0.9, 0.1, -0.4)22214088
(-0.9, 0.1, -0.4)22214140
(-0.9, 0.1, -0.4)22214190
(-0.9, 0.1, -0.4)22214242
(-0.9, 0.1, -0.4)22214292
(-0.9, 0.1, -0.4)22214344
(-0.9, 0.1, -0.4)22214395
(-0.9, 0.1, -0.4)22214446
(-0.9, 0.1, -0.4)22214497
(-0.9, 0.1, -0.4)22214548
(-0.9, 0.1, -0.4)22214600
(-0.9, 0.1, -0.4)22214651
(-0.9, 0.1, -0.4)22214703
(-0.9, 0.1, -0.4)22214754
(-0.9, 0.1, -0.4)22214806
(-0.9, 0.1, -0.4)22214857
(-0.9, 0.1, -0.4)22214907
(-0.9, 0.1, -0.4)22214958
(-0.9, 0.1, -0.4)22215009
(-0.9, 0.1, -0.4)22215060
(-0.9, 0.1, -0.4)22215111
(-0.9, 0.1, -0.4)22215162
(-0.9, 0.1, -0.4)22215212
(-0.9, 0.1, -0.4)22215263
(-0.9, 0.1, -0.4)22215315
(-0.9, 0.1, -0.4)22215365
(-0.9, 0.1, -0.4)22215417
(-0.9, 0.1, -0.4)22215471
(-0.9, 0.1, -0.4)22215523
(-0.9, 0.1, -0.4)22215574
(-0.9, 0.1, -0.4)22215626
(-0.9, 0.1, -0.4)22215677
(-0.9, 0.1, -0.4)22215729
(-0.9, 0.1, -0.4)22215779
(-0.9, 0.1, -0.4)22215830
(-0.9, 0.1, -0.4)22215883
(-0.9, 0.1, -0.4)22215936
(-0.9, 0.1, -0.4)22215987
(-0.9, 0.1, -0.4)22220038
(-0.9, 0.1, -0.4)22220089
(-0.9, 0.1, -0.4)22220142
(-0.9, 0.1, -0.4)22220193
(-0.9, 0.1, -0.4)22220245
(-0.9, 0.1, -0.4)22220297
(-0.9, 0.1, -0.4)22220348
(-0.9, 0.1, -0.4)22220400
(-0.9, 0.1, -0.4)22220451
(-0.9, 0.1, -0.4)22220502
(-0.9, 0.1, -0.4)22220554
(-0.9, 0.1, -0.4)22220604
(-0.9, 0.1, -0.4)22220655
(-0.9, 0.1, -0.4)22220705
(-0.9, 0.1, -0.4)22220755
(-0.9, 0.1, -0.4)22220807
(-0.9, 0.1, -0.4)22220858
(-0.9, 0.1, -0.4)22220910
(-0.9, 0.1, -0.4)22220962
(-0.9, 0.1, -0.4)22221013
(-0.9, 0.1, -0.4)22221064
(-0.9, 0.1, -0.4)22221114
(-0.9, 0.1, -0.4)22221164
(-0.9, 0.1, -0.4)22221215
(-0.9, 0.1, -0.4)22221265
(-0.9, 0.1, -0.4)22221316
(-0.9, 0.1, -0.4)22221367
(-0.9, 0.1, -0.4)22221419
(-0.9, 0.1, -0.4)22221470
(-0.9, 0.1, -0.4)22221521
(-0.9, 0.1, -0.4)22221571
(-0.9, 0.1, -0.4)22221624
(-0.9, 0.1, -0.4)22221675
(-0.9, 0.1, -0.4)22221726
(-0.9, 0.1, -0.4)22221777
(-0.9, 0.1, -0.4)22221828
(-0.9, 0.1, -0.4)22221879
(-0.9, 0.1, -0.4)22221929
(-0.9, 0.1, -0.4)22221981
(-0.9, 0.1, -0.4)22222031
(-0.9, 0.1, -0.4)22222082
(-0.9, 0.1, -0.4)22222134
(-0.9, 0.1, -0.4)22222186
(-0.9, 0.1, -0.4)22222237
(-0.9, 0.1, -0.4)22222288
(-0.9, 0.1, -0.4)22222339
(-0.9, 0.1, -0.4)22222390
(-0.9, 0.1, -0.4)22222441
(-0.9, 0.1, -0.4)22222492
(-0.9, 0.1, -0.4)22222544
(-0.9, 0.1, -0.4)22222594
(-0.9, 0.1, -0.4)22222644
(-0.9, 0.1, -0.4)22222695
(-0.9, 0.1, -0.4)22222747
(-0.9, 0.1, -0.4)22222799
(-0.9, 0.1, -0.4)22222849
(-0.9, 0.1, -0.4)22222901
(-0.9, 0.1, -0.4)22222953
(-0.9, 0.1, -0.4)22223004
(-0.9, 0.1, -0.4)22223056
(-0.9, 0.1, -0.4)22223106
(-0.9, 0.1, -0.4)22223158
(-0.9, 0.1, -0.4)22223210
(-0.9, 0.1, -0.4)22223261
(-0.9, 0.1, -0.4)22223312
(-0.9, 0.1, -0.4)22223363
(-0.9, 0.1, -0.4)22223415
(-0.9, 0.1, -0.4)22223465
(-0.9, 0.1, -0.4)22223517
(-0.9, 0.1, -0.4)22223569
(-0.9, 0.1, -0.4)22223621
(-0.9, 0.1, -0.4)22223674
(-0.9, 0.1, -0.4)22223725
(-0.9, 0.1, -0.4)22223777
(-0.9, 0.1, -0.4)22223829
(-0.9, 0.1, -0.4)22223880
(-0.9, 0.1, -0.4)22223933
(-0.9, 0.1, -0.4)22223983
(-0.9, 0.1, -0.4)22224036
(-0.9, 0.1, -0.4)22224087
(-0.9, 0.1, -0.4)22224140
(-0.9, 0.1, -0.4)22224192
(-0.9, 0.1, -0.4)22224243
(-0.9, 0.1, -0.4)22224294
(-0.9, 0.1, -0.4)22224346
(-0.9, 0.1, -0.4)22224397
(-0.9, 0.1, -0.4)22224448
(-0.9, 0.1, 0.5)22224500
(-0.9, 0.2, 0.4)22224551
(-0.4, -0.6, -0.7)22224602
(-0.4, -0.6, -0.7)22224653
(-0.4, -0.6, -0.7)22224705
(-0.9, -0.2, -0.3)22224757
(-0.9, -0.2, -0.3)22224809
(-0.9, -0.2, -0.3)22224861
(-0.9, -0.2, -0.3)22224912
(-0.9, -0.2, -0.3)22224964
(-0.9, -0.2, -0.3)22225015
(-0.9, -0.2, -0.3)22225067
(-0.9, -0.2, -0.3)22225119
(-0.9, -0.2, -0.3)22225172
(-0.9, -0.2, -0.3)22225225
(-0.9, -0.2, -0.3)22225277
(-0.9, -0.4, 0.0)22225328
(-0.9, -0.4, 0.0)22225380
(-0.9, -0.5, 0.0)22225431
(-0.9, -0.4, -0.3)22225483
(-0.9, -0.4, -0.3)22225534
(-0.9, -0.3, -0.4)22225585
(-0.9, -0.3, -0.4)22225635
(-0.9, -0.3, -0.4)22225687
(-0.9, -0.3, -0.4)22225738
(-0.9, -0.3, -0.4)22225789
(-0.9, -0.3, -0.4)22225840
(-0.9, -0.3, -0.4)22225892
(-0.9, -0.3, -0.4)22225944
(-0.9, -0.3, -0.4)22225996
(-0.9, -0.3, -0.4)22230047
(-0.9, -0.3, -0.4)22230099
(-0.9, -0.3, -0.4)22230152
(-0.9, -0.3, -0.4)22230204
(-0.9, -0.3, -0.4)22230256
(-0.9, -0.3, -0.4)22230309
(-0.9, -0.3, -0.4)22230360
(-0.9, -0.3, -0.4)22230412
(-0.9, -0.3, -0.4)22230463
(-0.9, -0.3, -0.4)22230515
(-0.8, -0.4, -0.4)22230565
(-0.9, -0.4, -0.3)22230615
(-0.9, -0.4, -0.3)22230666
(-0.9, -0.4, -0.3)22230718
(-0.9, -0.4, -0.3)22230769
(-0.9, -0.4, -0.3)22230819
(-0.8, -0.4, -0.3)22230871
(-0.7, -0.7, -0.3)22230923
(-0.7, -0.7, -0.3)22230974
(-0.5, -0.8, -0.3)22231026
(-0.5, -0.7, -0.4)22231077
(-0.5, -0.7, -0.4)22231128
(-0.5, -0.8, -0.3)22231180
(-0.4, -0.9, 0.0)22231233
(-0.2, -0.9, 0.2)22231283
(-0.2, -0.9, 0.2)22231335
(-0.1, -1.0, 0.1)22231387
(-0.2, -0.9, 0.4)22231440
(-0.2, -0.9, 0.4)22231491
(-0.1, -1.0, 0.1)22231543
(-0.1, -1.0, 0.1)22231594
(0.0, -1.0, 0.1)22231644
(-0.8, -0.6, 0.2)22231695
(-0.3, -0.9, 0.1)22231747
(-0.3, -0.9, 0.1)22231800
(-0.3, -0.9, 0.1)22231851
(-0.3, -0.9, 0.2)22231902
(-0.1, -0.9, 0.4)22231953
(0.0, -0.8, 0.6)22232006
(0.0, -1.0, 0.1)22232058
(0.0, -1.0, 0.0)22232110
(0.1, -1.0, 0.0)22232161
(0.1, -1.0, 0.0)22232214
(0.1, -1.0, 0.0)22232264
(0.0, -1.0, 0.1)22232316
(0.0, -1.0, 0.2)22232366
(0.0, -1.0, 0.2)22232418
(0.0, -1.0, 0.2)22232468
(0.0, -1.0, 0.2)22232519
(0.0, -1.0, 0.2)22232569
(0.0, -1.0, 0.2)22232620
(0.0, -1.0, 0.2)22232671
(0.0, -1.0, 0.2)22232723
(0.0, -1.0, 0.2)22232775
(0.0, -1.0, 0.2)22232827
(0.0, -1.0, 0.2)22232877
(0.0, -1.0, 0.2)22232929
(0.0, -1.0, 0.2)22232982
(0.0, -1.0, 0.2)22233032
(0.0, -1.0, 0.2)22233083
(0.0, -1.0, 0.2)22233135
(0.0, -1.0, 0.2)22233186
(0.0, -1.0, 0.2)22233237
(0.0, -1.0, 0.2)22233287
(0.0, -1.0, 0.2)22233339
(0.0, -1.0, 0.2)22233392
(0.0, -1.0, 0.2)22233442
(0.0, -1.0, 0.2)22233493
(0.0, -1.0, 0.2)22233544
(0.0, -1.0, 0.2)22233597
(0.0, -1.0, 0.2)22233648
(0.0, -1.0, 0.2)22233699
(0.0, -1.0, 0.2)22233749
(0.0, -1.0, 0.2)22233801
(0.0, -1.0, 0.2)22233853
(0.0, -1.0, 0.2)22233904
(0.0, -1.0, 0.2)22233955
(0.0, -1.0, 0.2)22234007
(0.0, -1.0, 0.2)22234058
(0.0, -1.0, 0.2)22234110
(0.0, -1.0, 0.2)22234162
(0.0, -1.0, 0.2)22234214
(0.0, -1.0, 0.2)22234265
(0.0, -1.0, 0.2)22234317
(0.0, -1.0, 0.2)22234367
(0.0, -1.0, 0.2)22234418
(0.0, -1.0, 0.2)22234470
(0.0, -1.0, 0.2)22234521
(0.0, -1.0, 0.2)22234573
(0.0, -1.0, 0.2)22234625
(0.0, -1.0, 0.2)22234677
(0.0, -1.0, 0.2)22234727
(0.0, -1.0, 0.2)22234779
(0.0, -1.0, 0.2)22234831
(0.0, -1.0, 0.2)22234883
(0.0, -1.0, 0.2)22234934
(0.0, -1.0, 0.2)22234985
(0.0, -1.0, 0.2)22235035
(0.0, -1.0, 0.2)22235086
(0.0, -1.0, 0.2)22235138
(0.0, -1.0, 0.2)22235190
(0.0, -1.0, 0.2)22235242
(0.0, -1.0, 0.2)22235295
(0.0, -1.0, 0.2)22235347
(0.0, -1.0, 0.2)22235397
(0.0, -1.0, 0.2)22235449
(0.0, -1.0, 0.2)22235500
(0.0, -1.0, 0.2)22235550
(0.0, -1.0, 0.2)22235603
(0.0, -1.0, 0.2)22235655
(0.0, -1.0, 0.2)22235707
(0.0, -1.0, 0.2)22235757
(0.0, -1.0, 0.2)22235808
(0.0, -1.0, 0.2)22235859
(0.0, -1.0, 0.2)22235912
(0.0, -1.0, 0.2)22235964
(0.0, -1.0, 0.2)22240014
(0.0, -1.0, 0.2)22240065
(0.0, -1.0, 0.2)22240116
(0.0, -1.0, 0.2)22240167
(0.0, -1.0, 0.2)22240218
(0.0, -1.0, 0.2)22240268
(0.0, -1.0, 0.2)22240320
(0.0, -1.0, 0.2)22240372
(0.0, -1.0, 0.2)22240423
(0.0, -1.0, 0.2)22240474
(0.0, -1.0, 0.2)22240526
(0.0, -1.0, 0.2)22240576
(0.0, -1.0, 0.2)22240628
(0.0, -1.0, 0.2)22240681
(0.0, -1.0, 0.2)22240731
(0.0, -1.0, 0.2)22240782
(0.0, 