(-1.0, -0.1, -0.1)22245918
(-1.0, -0.1, -0.1)22245975
(-1.0, -0.1, -0.1)22250025
(-1.0, -0.1, -0.1)22250077
(-1.0, -0.1, -0.1)22250129
(-1.0, -0.1, -0.1)22250180
(-1.0, -0.1, -0.1)22250232
(-1.0, -0.1, -0.1)22250283
(-1.0, -0.1, -0.1)22250334
(-1.0, -0.1, -0.1)22250384
(-1.0, -0.1, -0.1)22250434
(-1.0, -0.1, -0.1)22250485
(-1.0, -0.1, -0.1)22250537
(-1.0, -0.1, -0.1)22250588
(-1.0, -0.1, -0.1)22250642
(-1.0, -0.1, -0.1)22250692
(-1.0, -0.1, -0.1)22250743
(-1.0, -0.1, -0.1)22250793
(-1.0, -0.1, -0.1)22250843
(-1.0, -0.1, -0.1)22250895
(-1.0, -0.1, -0.1)22250945
(-1.0, -0.1, -0.1)22250997
(-1.0, -0.1, -0.1)22251048
(-1.0, -0.1, -0.1)22251100
(-1.0, -0.1, -0.1)22251150
(-1.0, -0.1, -0.1)22251202
(-1.0, -0.1, -0.1)22251253
(-1.0, -0.1, -0.1)22251306
(-1.0, -0.1, -0.1)22251358
(-1.0, -0.1, -0.1)22251409
(-1.0, -0.1, -0.1)22251460
(-1.0, -0.1, -0.1)22251510
(-1.0, -0.1, -0.1)22251561
(-1.0, -0.1, -0.1)22251612
(-1.0, -0.1, -0.1)22251664
(-1.0, -0.1, -0.1)22251717
(-1.0, -0.1, -0.1)22251767
(-1.0, -0.1, -0.1)22251818
(-1.0, -0.1, -0.1)22251868
(-1.0, -0.1, -0.1)22251922
(-1.0, -0.1, -0.1)22251972
(-1.0, -0.1, -0.1)22252024
(-1.0, -0.1, -0.1)22252074
(-1.0, -0.1, -0.1)22252127
(-1.0, -0.1, -0.1)22252179
(-1.0, -0.1, -0.1)22252231
(-1.0, -0.1, -0.1)22252283
(-1.0, -0.1, -0.1)22252333
(-1.0, -0.1, -0.1)22252384
(-1.0, -0.1, -0.1)22252435
(-1.0, -0.1, -0.1)22252487
(-1.0, -0.1, -0.1)22252538
(-1.0, -0.1, -0.1)22252590
(-1.0, -0.1, -0.1)22252643
(-1.0, -0.1, -0.1)22252693
(-1.0, -0.1, -0.1)22252746
(-1.0, -0.1, -0.1)22252797
(-1.0, -0.1, -0.1)22252849
(-1.0, -0.1, -0.1)22252899
(-1.0, -0.1, -0.1)22252950
(-1.0, -0.1, -0.1)22253001
(-1.0, -0.1, -0.1)22253051
(-1.0, -0.1, -0.1)22253103
(-1.0, -0.1, -0.1)22253155
(-1.0, -0.1, -0.1)22253208
(-1.0, -0.1, -0.1)22253260
(-1.0, -0.1, -0.1)22253311
(-1.0, -0.1, -0.1)22253363
(-1.0, -0.1, -0.1)22253415
(-1.0, -0.1, -0.1)22253466
(-1.0, -0.1, -0.1)22253517
(-1.0, -0.1, -0.1)22253568
(-1.0, -0.1, -0.1)22253620
(-1.0, -0.1, -0.1)22253672
(-1.0, -0.1, -0.1)22253724
(-1.0, -0.1, -0.1)22253775
(-1.0, -0.1, -0.1)22253825
(-1.0, -0.1, -0.1)22253875
(-1.0, -0.1, -0.1)22253926
(-1.0, -0.1, -0.1)22253979
(-1.0, -0.1, -0.1)22254031
(-1.0, -0.1, -0.1)22254083
(-1.0, -0.1, -0.1)22254135
(-1.0, -0.1, -0.1)22254186
(-1.0, -0.1, -0.1)22254239
(-1.0, -0.1, -0.1)22254291
(-1.0, -0.1, -0.1)22254342
(-1.0, -0.1, -0.1)22254392
(-1.0, -0.1, -0.1)22254444
(-1.0, -0.1, -0.1)22254495
(-1.0, -0.1, -0.1)22254547
(-1.0, -0.1, -0.1)22254599
(-1.0, -0.1, -0.1)22254651
(-1.0, -0.1, -0.1)22254702
(-1.0, -0.1, -0.1)22254752
(-1.0, -0.1, -0.1)22254803
(-1.0, -0.1, -0.1)22254853
(-1.0, -0.1, -0.1)22254905
(-1.0, -0.1, -0.1)22254956
(-1.0, -0.1, -0.1)22255008
(-1.0, -0.1, -0.1)22255059
(-1.0, -0.1, -0.1)22255110
(-1.0, -0.1, -0.1)22255160
(-1.0, -0.1, -0.1)22255212
(-1.0, -0.1, -0.1)22255264
(-1.0, -0.1, -0.1)22255314
(-1.0, -0.1, 0.0)22255365
(-1.0, -0.1, 0.0)22255415
(-1.0, -0.1, 0.0)22255467
(-1.0, -0.1, -0.1)22255519
(-1.0, -0.1, -0.1)22255570
(-1.0, -0.1, -0.1)22255622
(-1.0, -0.1, -0.1)22255672
(-1.0, -0.1, -0.1)22255722
(-1.0, -0.1, -0.1)22255774
(-1.0, -0.1, -0.1)22255824
(-1.0, -0.1, -0.1)22255874
(-1.0, -0.1, -0.1)22255926
(-1.0, -0.1, 0.0)22255977
(-1.0, -0.1, 0.0)22260028
(-1.0, -0.1, 0.0)22260079
(-1.0, -0.1, 0.0)22260130
(-1.0, -0.1, 0.0)22260182
(-1.0, -0.1, 0.0)22260233
(-1.0, -0.1, 0.0)22260285
(-1.0, -0.1, 0.0)22260336
(-1.0, -0.1, 0.0)22260386
(-1.0, -0.1, 0.0)22260436
(-1.0, -0.1, 0.0)22260488
(-1.0, -0.1, 0.0)22260540
(-1.0, -0.1, 0.0)22260590
(-1.0, -0.1, 0.0)22260643
(-1.0, -0.1, 0.0)22260695
(-1.0, -0.1, 0.0)22260746
(-1.0, -0.1, 0.0)22260796
(-1.0, -0.1, 0.0)22260847
(-1.0, -0.1, 0.0)22260898
(-1.0, -0.1, 0.0)22260950
(-1.0, -0.1, 0.0)22261002
(-1.0, -0.1, 0.0)22261052
(-1.0, -0.1, 0.0)22261104
(-1.0, -0.1, 0.0)22261155
(-1.0, -0.1, 0.0)22261207
(-1.0, -0.1, 0.0)22261258
(-1.0, -0.1, 0.0)22261311
(-1.0, -0.1, 0.0)22261363
(-1.0, -0.1, 0.0)22261414
(-1.0, -0.1, 0.0)22261465
(-1.0, -0.1, 0.0)22261517
(-1.0, -0.1, 0.0)22261567
(-1.0, -0.1, 0.0)22261619
(-1.0, -0.1, 0.0)22261669
(-1.0, -0.1, 0.0)22261721
(-1.0, -0.1, 0.0)22261773
(-1.0, -0.1, 0.0)22261824
(-1.0, -0.1, 0.0)22261876
(-1.0, -0.1, 0.0)22261926
(-1.0, -0.1, 0.0)22261978
(-1.0, -0.1, 0.0)22262029
(-1.0, -0.1, 0.0)22262080
(-1.0, -0.1, 0.0)22262132
(-1.0, -0.1, 0.0)22262182
(-1.0, -0.1, 0.0)22262235
(-1.0, -0.1, 0.0)22262287
(-1.0, -0.1, 0.0)22262338
(-1.0, -0.1, 0.0)22262390
(-1.0, -0.1, 0.0)22262441
(-1.0, -0.1, 0.0)22262491
(-1.0, -0.1, 0.0)22262543
(-1.0, -0.1, 0.0)22262595
(-1.0, -0.1, 0.0)22262647
(-1.0, -0.1, 0.0)22262699
(-1.0, -0.1, 0.0)22262750
(-1.0, -0.1, 0.0)22262800
(-1.0, -0.1, 0.0)22262852
(-1.0, -0.1, 0.0)22262904
(-1.0, -0.1, 0.0)22262954
(-1.0, -0.1, 0.0)22263005
(-1.0, -0.1, 0.0)22263057
(-1.0, -0.1, 0.0)22263108
(-1.0, -0.1, 0.0)22263159
(-1.0, -0.1, 0.0)22263210
(-1.0, -0.1, 0.0)22263261
(-1.0, -0.1, 0.0)22263311
(-1.0, -0.1, 0.0)22263363
(-1.0, -0.1, 0.0)22263415
(-1.0, -0.1, 0.0)22263466
(-1.0, -0.1, 0.0)22263517
(-1.0, -0.1, 0.0)22263568
(-1.0, -0.1, 0.0)22263620
(-1.0, -0.1, 0.0)22263671
(-1.0, -0.1, 0.0)22263721
(-1.0, -0.1, 0.0)22263772
(-1.0, -0.1, 0.0)22263824
(-1.0, -0.1, 0.0)22263877
(-1.0, -0.1, 0.0)22263927
(-1.0, -0.1, 0.0)22263979
(-1.0, -0.1, 0.0)22264030
(-1.0, -0.1, 0.0)22264085
(-1.0, -0.1, 0.0)22264136
(-1.0, -0.1, 0.0)22264189
(-1.0, -0.1, 0.0)22264240
(-1.0, -0.1, 0.0)22264292
(-1.0, -0.1, 0.0)22264343
(-1.0, -0.1, 0.0)22264393
(-1.0, -0.1, 0.0)22264445
(-1.0, -0.1, 0.0)22264496
(-1.0, -0.1, 0.0)22264546
(-1.0, -0.1, 0.0)22264597
(-1.0, -0.1, 0.0)22264649
(-1.0, -0.1, 0.0)22264701
(-1.0, -0.1, 0.0)22264752
(-1.0, -0.1, 0.0)22264804
(-1.0, -0.1, 0.0)22264855
(-1.0, -0.1, 0.0)22264907
(-1.0, -0.1, 0.0)22264958
(-1.0, -0.1, 0.0)22265010
(-1.0, -0.1, 0.0)22265061
(-1.0, -0.1, 0.0)22265112
(-1.0, -0.1, 0.0)22265164
(-0.9, -0.2, 0.4)22265216
(-0.9, 0.1, 0.3)22265269
(-0.9, 0.1, 0.3)22265320
(-0.9, 0.1, 0.3)22265373
(-0.9, 0.1, 0.3)22265424
(-0.9, 0.1, 0.3)22265474
(-0.9, 0.1, 0.3)22265525
(-0.9, 0.1, 0.3)22265577
(-0.9, 0.1, 0.3)22265629
(-0.9, 0.1, 0.3)22265679
(-0.9, 0.1, 0.3)22265732
(-0.9, 0.1, 0.3)22265783
(-0.9, 0.1, 0.3)22265835
(-0.9, 0.1, 0.3)22265887
(-0.9, 0.1, 0.3)22265939
(-0.9, 0.1, 0.3)22265990
(-0.9, 0.1, 0.3)22270041
(-0.9, 0.1, 0.3)22270092
(-0.9, 0.1, 0.3)22270144
(-0.9, 0.1, 0.3)22270198
(-0.9, 0.1, 0.3)22270250
(-0.9, 0.1, 0.3)22270300
(-0.9, 0.1, 0.3)22270351
(-0.9, 0.1, 0.3)22270402
(-0.9, 0.1, 0.3)22270453
(-0.9, 0.1, 0.3)22270504
(-0.9, 0.1, 0.3)22270556
(-0.9, 0.1, 0.3)22270607
(-0.9, 0.1, 0.3)22270657
(-0.9, 0.1, 0.3)22270709
(-0.9, 0.1, 0.3)22270762
(-0.9, 0.1, 0.3)22270812
(-0.9, 0.1, 0.3)22270865
(-0.9, 0.1, 0.3)22270915
(-0.9, 0.1, 0.3)22270967
(-0.9, 0.1, 0.3)22271020
(-0.9, 0.1, 0.3)22271072
(-0.9, 0.1, 0.3)22271122
(-0.9, 0.1, 0.3)22271173
(-0.9, 0.1, 0.3)22271223
(-0.9, 0.1, 0.3)22271274
(-0.9, 0.1, 0.3)22271325
(-0.9, 0.1, 0.3)22271376
(-0.9, 0.1, 0.3)22271427
(-0.9, 0.1, 0.3)22271478
(-0.9, 0.1, 0.3)22271529
(-0.9, 0.1, 0.3)22271582
(-0.9, 0.1, 0.3)22271634
(-0.9, 0.1, 0.3)22271684
(-0.9, 0.1, 0.3)22271734
(-0.9, 0.1, 0.3)22271785
(-0.9, 0.1, 0.3)22271835
(-0.9, 0.1, 0.3)22271887
(-0.9, 0.1, 0.3)22271940
(-0.9, 0.1, 0.3)22271990
(-0.9, 0.1, 0.3)22272043
(-0.9, 0.1, 0.3)22272093
(-0.9, 0.1, 0.3)22272144
(-0.9, 0.1, 0.3)22272196
(-0.9, 0.1, 0.3)22272248
(-0.9, 0.1, 0.3)22272298
(-0.9, 0.1, 0.3)22272350
(-0.9, 0.1, 0.3)22272401
(-0.9, 0.1, 0.3)22272453
(-0.9, 0.1, 0.3)22272504
(-0.9, 0.1, 0.3)22272555
(-0.9, 0.1, 0.3)22272607
(-0.9, 0.1, 0.3)22272657
(-0.9, 0.1, 0.3)22272707
(-0.9, 0.1, 0.3)22272758
(-0.9, 0.1, 0.3)22272808
(-0.9, 0.1, 0.3)22272860
(-0.9, 0.1, 0.3)22272910
(-0.9, 0.1, 0.3)22272962
(-0.9, 0.1, 0.3)22273013
(-0.9, 0.1, 0.3)22273065
(-0.9, 0.1, 0.3)22273117
(-0.9, 0.1, 0.3)22273168
(-0.9, 0.1, 0.3)22273220
(-0.9, 0.1, 0.3)22273271
(-0.9, 0.1, 0.3)22273322
(-0.9, 0.1, 0.3)22273372
(-0.9, 0.1, 0.3)22273423
(-0.9, 0.1, 0.3)22273473
(-0.9, 0.1, 0.3)22273524
(-0.9, 0.1, 0.3)22273576
(-0.9, 0.1, 0.3)22273626
(-0.9, 0.2, 0.3)22273676
(-0.9, 0.2, 0.3)22273726
(-0.9, 0.2, 0.3)22273778
(-0.9, 0.2, 0.3)22273830
(-0.9, 0.2, 0.3)22273880
(-0.9, 0.2, 0.3)22273931
(-0.9, 0.2, 0.3)22273984
(-0.9, 0.2, 0.3)22274034
(-0.9, 0.2, 0.3)22274086
(-1.0, 0.2, 0.3)22274138
(-1.0, 0.2, 0.3)22274189
(-1.0, 0.2, 0.3)22274242
(-1.0, 0.2, 0.3)22274293
(-1.0, 0.2, 0.3)22274344
(-1.0, 0.2, 0.3)22274395
(-1.0, 0.2, 0.3)22274446
(-1.0, 0.2, 0.3)22274497
(-1.0, 0.2, 0.3)22274548
(-1.0, 0.2, 0.3)22274600
(-1.0, 0.2, 0.3)22274651
(-1.0, 0.2, 0.3)22274701
(-1.0, 0.2, 0.3)22274752
(-1.0, 0.2, 0.3)22274803
(-1.0, 0.2, 0.3)22274855
(-1.0, 0.2, 0.3)22274909
(-1.0, 0.2, 0.3)22274960
(-1.0, 0.2, 0.3)22275011
(-1.0, 0.2, 0.3)22275063
(-1.0, 0.2, 0.3)22275114
(-1.0, 0.2, 0.3)22275164
(-1.0, 0.2, 0.3)22275216
(-1.0, 0.2, 0.3)22275266
(-1.0, 0.2, 0.3)22275317
(-1.0, 0.2, 0.3)22275369
(-1.0, 0.2, 0.3)22275420
(-1.0, 0.2, 0.3)22275470
(-1.0, 0.2, 0.3)22275522
(-1.0, 0.2, 0.3)22275573
(-1.0, 0.2, 0.3)22275624
(-1.0, 0.2, 0.3)22275676
(-1.0, 0.2, 0.3)22275728
(-1.0, 0.2, 0.3)22275780
(-1.0, 0.2, 0.3)22275831
(-1.0, 0.2, 0.3)22275884
(-1.0, 0.2, 0.3)22275934
(-1.0, 0.2, 0.3)22275984
(-1.0, 0.2, 0.3)22280036
(-1.0, 0.2, 0.3)22280087
(-1.0, 0.2, 0.3)22280140
(-1.0, 0.2, 0.3)22280191
(-1.0, 0.2, 0.3)22280243
(-1.0, 0.2, 0.3)22280294
(-1.0, 0.2, 0.3)22280345
(-1.0, 0.2, 0.3)22280396
(-1.0, 0.2, 0.3)22280446
(-1.0, 0.2, 0.3)22280499
(-1.0, 0.2, 0.3)22280551
(-1.0, 0.2, 0.3)22280602
(-1.0, 0.2, 0.3)22280653
(-1.0, 0.2, 0.3)22280704
(-1.0, 0.2, 0.3)22280756
(-1.0, 0.2, 0.3)22280807
(-1.0, 0.2, 0.3)22280858
(-1.0, 0.2, 0.3)22280909
(-1.0, 0.2, 0.3)22280960
(-1.0, 0.2, 0.3)22281010
(-1.0, 0.2, 0.3)22281061
(-1.0, 0.2, 0.3)22281112
(-1.0, 0.2, 0.3)22281163
(-1.0, 0.2, 0.3)22281214
(-1.0, 0.2, 0.3)22281266
(-1.0, 0.2, 0.3)22281317
(-1.0, 0.2, 0.3)22281367
(-1.0, 0.2, 0.3)22281419
(-1.0, 0.2, 0.3)22281470
(-1.0, 0.2, 0.3)22281521
(-1.0, 0.2, 0.3)22281572
(-1.0, 0.2, 0.3)22281625
(-1.0, 0.2, 0.3)22281677
(-1.0, 0.2, 0.3)22281727
(-0.5, 0.2, 0.8)22281779
(-0.5, 0.0, 0.9)22281829
(-0.5, 0.0, 0.9)22281882
(-0.5, 0.0, 0.9)22281933
(-0.5, 0.0, 0.9)22281985
(-0.1, -0.5, 0.8)22282036
(-0.1, -0.4, 0.9)22282087
(-0.6, -0.5, 0.6)22282137
(-0.6, -0.5, 0.6)22282191
(-0.6, -0.5, 0.6)22282242
(-0.6, -0.5, 0.6)22282293
(-0.6, -0.5, 0.6)22282345
(-0.6, -0.5, 0.6)22282396
(-0.6, -0.6, 0.5)22282447
(-0.5, -0.5, 0.7)22282500
(-0.5, -0.5, 0.7)22282551
(-0.5, -0.5, 0.7)22282601
(-0.5, -0.5, 0.7)22282651
(-0.5, -0.5, 0.7)22282703
(-0.5, -0.5, 0.7)22282754
(-0.5, -0.5, 0.7)22282806
(-0.5, -0.5, 0.7)22282858
(-0.5, -0.5, 0.7)22282910
(-0.5, -0.5, 0.7)22282961
(-0.5, -0.5, 0.7)22283012
(-0.5, -0.5, 0.7)22283063
(-0.5, -0.5, 0.7)22283113
(-0.5, -0.5, 0.7)22283167
(-0.5, -0.5, 0.7)22283219
(-0.5, -0.5, 0.7)22283269
(-0.5, -0.5, 0.7)22283319
(-0.5, -0.5, 0.7)22283371
(-0.5, 