(-0.9, 0.2, -0.4)22290241
(-0.9, 0.2, -0.4)22290292
(-0.9, 0.2, -0.4)22290342
(-0.9, 0.2, -0.4)22290392
(-0.9, 0.2, -0.4)22290444
(-0.9, 0.2, -0.4)22290496
(-0.9, 0.2, -0.4)22290548
(-0.9, 0.2, -0.4)22290599
(-0.9, 0.2, -0.4)22290649
(-0.9, 0.2, -0.4)22290700
(-0.9, 0.2, -0.4)22290751
(-0.9, 0.2, -0.4)22290801
(-0.9, 0.2, -0.4)22290853
(-0.9, 0.2, -0.4)22290903
(-0.9, 0.2, -0.4)22290955
(-0.9, 0.2, -0.4)22291006
(-0.9, 0.2, -0.4)22291058
(-0.9, 0.2, -0.4)22291109
(-0.9, 0.2, -0.4)22291161
(-0.9, 0.2, -0.4)22291212
(-0.9, 0.2, -0.4)22291264
(-0.9, 0.2, -0.4)22291316
(-0.9, 0.2, -0.4)22291368
(-0.9, 0.2, -0.4)22291419
(-0.9, 0.2, -0.4)22291470
(-0.9, 0.2, -0.4)22291520
(-0.9, 0.2, -0.4)22291572
(-0.9, 0.2, -0.4)22291623
(-0.9, 0.2, -0.4)22291675
(-0.9, 0.2, -0.4)22291726
(-0.9, 0.2, -0.4)22291777
(-0.9, 0.2, -0.4)22291829
(-0.9, 0.2, -0.4)22291879
(-0.9, 0.2, -0.4)22291930
(-0.9, 0.2, -0.4)22291982
(-0.9, 0.2, -0.4)22292032
(-0.9, 0.2, -0.4)22292083
(-0.9, 0.2, -0.4)22292135
(-0.9, 0.2, -0.4)22292186
(-0.9, 0.2, -0.4)22292237
(-0.9, 0.2, -0.4)22292289
(-0.9, 0.2, -0.4)22292339
(-0.9, 0.2, -0.4)22292390
(-0.9, 0.2, -0.4)22292440
(-0.9, 0.2, -0.4)22292492
(-0.9, 0.2, -0.4)22292544
(-0.9, 0.2, -0.4)22292595
(-0.9, 0.2, -0.4)22292647
(-0.9, 0.2, -0.4)22292699
(-0.9, 0.2, -0.4)22292750
(-0.9, 0.2, -0.4)22292800
(-0.9, 0.2, -0.4)22292851
(-0.9, 0.2, -0.4)22292902
(-0.9, 0.2, -0.4)22292953
(-0.9, 0.2, -0.4)22293005
(-0.9, 0.2, -0.4)22293055
(-0.9, 0.2, -0.4)22293107
(-0.9, 0.2, -0.4)22293158
(-0.9, 0.2, -0.4)22293210
(-0.9, 0.2, -0.4)22293263
(-0.9, 0.2, -0.4)22293315
(-0.9, 0.2, -0.4)22293366
(-0.9, 0.2, -0.4)22293418
(-0.9, 0.2, -0.4)22293470
(-0.9, 0.2, -0.4)22293521
(-0.9, 0.2, -0.4)22293574
(-0.9, 0.2, -0.4)22293624
(-0.9, 0.2, -0.4)22293676
(-0.9, 0.2, -0.4)22293728
(-0.9, 0.2, -0.4)22293780
(-0.9, 0.2, -0.4)22293830
(-0.9, 0.2, -0.4)22293880
(-0.9, 0.2, -0.4)22293933
(-0.9, 0.2, -0.4)22293983
(-0.9, 0.2, -0.4)22294033
(-0.9, 0.2, -0.4)22294085
(-0.9, 0.2, -0.4)22294135
(-0.9, 0.2, -0.4)22294185
(-0.9, 0.2, -0.4)22294236
(-0.9, 0.2, -0.4)22294288
(-0.9, 0.2, -0.4)22294339
(-0.9, 0.2, -0.4)22294391
(-0.9, 0.2, -0.4)22294442
(-0.9, 0.2, -0.4)22294494
(-0.9, 0.2, -0.4)22294545
(-0.9, 0.2, -0.4)22294595
(-0.9, 0.2, -0.4)22294646
(-0.9, 0.2, -0.4)22294697
(-0.9, 0.2, -0.4)22294748
(-0.9, 0.2, -0.4)22294798
(-0.9, 0.2, -0.4)22294848
(-0.9, 0.2, -0.4)22294899
(-0.9, 0.2, -0.4)22294949
(-0.9, 0.2, -0.4)22295001
(-0.9, 0.2, -0.4)22295052
(-0.9, 0.2, -0.4)22295104
(-0.9, 0.2, -0.4)22295154
(-0.9, 0.2, -0.4)22295206
(-0.9, 0.2, -0.4)22295259
(-0.9, 0.2, -0.4)22295311
(-0.9, 0.2, -0.4)22295361
(-0.9, 0.2, -0.4)22295413
(-0.9, 0.2, -0.4)22295465
(-0.9, 0.2, -0.4)22295516
(-0.9, 0.2, -0.4)22295568
(-0.9, 0.2, -0.4)22295620
(-0.9, 0.2, -0.4)22295672
(-0.9, 0.2, -0.4)22295724
(-0.9, 0.2, -0.4)22295775
(-0.9, 0.2, -0.4)22295827
(-0.9, 0.2, -0.4)22295877
(-0.9, 0.2, -0.4)22295928
(-0.9, 0.2, -0.4)22295979
(-0.9, 0.2, -0.4)22300032
(-0.9, 0.2, -0.4)22300082
(-0.9, 0.2, -0.4)22300134
(-0.9, 0.2, -0.4)22300187
(-0.9, 0.2, -0.4)22300239
(-0.9, 0.2, -0.4)22300290
(-0.9, 0.2, -0.4)22300341
(-0.9, 0.2, -0.4)22300392
(-0.9, 0.2, -0.4)22300445
(-0.9, 0.2, -0.4)22300496
(-0.9, 0.2, -0.4)22300547
(-0.9, 0.2, -0.4)22300598
(-0.9, 0.2, -0.4)22300648
(-0.9, 0.2, -0.4)22300699
(-0.9, 0.2, -0.4)22300751
(-0.9, 0.2, -0.4)22300802
(-0.9, 0.2, -0.4)22300854
(-0.9, 0.2, -0.4)22300906
(-0.9, 0.2, -0.4)22300958
(-0.9, 0.2, -0.4)22301010
(-0.9, 0.2, -0.4)22301062
(-0.9, 0.2, -0.4)22301113
(-0.9, 0.2, -0.4)22301165
(-0.9, 0.2, -0.4)22301217
(-0.9, 0.2, -0.4)22301268
(-0.9, 0.2, -0.4)22301320
(-0.9, 0.2, -0.4)22301371
(-0.9, 0.2, -0.4)22301423
(-0.9, 0.2, -0.4)22301473
(-0.9, 0.2, -0.4)22301524
(-0.9, 0.2, -0.4)22301575
(-0.9, 0.2, -0.4)22301626
(-0.9, 0.2, -0.4)22301677
(-0.9, 0.2, -0.4)22301729
(-0.9, 0.2, -0.4)22301780
(-0.9, 0.2, -0.4)22301831
(-0.9, 0.2, -0.4)22301882
(-0.9, 0.2, -0.4)22301934
(-0.9, 0.2, -0.4)22301984
(-0.9, 0.2, -0.4)22302036
(-0.9, 0.2, -0.4)22302087
(-0.9, 0.2, -0.4)22302137
(-0.9, 0.2, -0.4)22302188
(-0.9, 0.2, -0.4)22302241
(-0.9, 0.2, -0.4)22302292
(-0.9, 0.2, -0.4)22302344
(-0.9, 0.2, -0.4)22302395
(-0.9, 0.2, -0.4)22302446
(-0.9, 0.2, -0.4)22302497
(-0.9, 0.2, -0.4)22302548
(-0.9, 0.2, -0.4)22302598
(-0.9, 0.2, -0.4)22302651
(-0.9, 0.2, -0.4)22302704
(-0.9, 0.2, -0.4)22302755
(-0.9, 0.2, -0.4)22302806
(-0.9, 0.2, -0.4)22302859
(-0.9, 0.2, -0.4)22302910
(-0.9, 0.2, -0.4)22302962
(-0.9, 0.2, -0.4)22303014
(-0.9, 0.2, -0.4)22303064
(-0.9, 0.2, -0.4)22303116
(-0.9, 0.2, -0.4)22303167
(-0.9, 0.2, -0.4)22303220
(-0.9, 0.2, -0.4)22303272
(-0.9, 0.2, -0.4)22303324
(-0.9, 0.2, -0.4)22303374
(-0.9, 0.2, -0.4)22303424
(-0.9, 0.2, -0.4)22303475
(-0.9, 0.2, -0.4)22303527
(-0.9, 0.2, -0.4)22303578
(-0.9, 0.2, -0.4)22303630
(-0.9, 0.2, -0.4)22303681
(-0.9, 0.2, -0.4)22303734
(-0.9, 0.2, -0.4)22303784
(-0.9, 0.2, -0.4)22303835
(-0.9, 0.2, -0.4)22303888
(-0.9, 0.2, -0.4)