(-0.8, -0.7, 0.1)22330016
(-0.8, -0.7, 0.1)22330068
(-0.8, -0.7, 0.1)22330120
(-0.8, -0.7, 0.1)22330173
(-0.8, -0.7, 0.1)22330224
(-0.8, -0.7, 0.1)22330277
(-0.8, -0.7, 0.1)22330329
(-0.8, -0.7, 0.1)22330379
(-0.8, -0.7, 0.1)22330432
(-0.8, -0.7, 0.1)22330484
(-0.8, -0.7, 0.1)22330534
(-0.8, -0.7, 0.1)22330586
(-0.8, -0.7, 0.1)22330639
(-0.8, -0.7, 0.1)22330691
(-0.8, -0.7, 0.1)22330742
(-0.8, -0.7, 0.1)22330792
(-0.8, -0.7, 0.1)22330843
(-0.8, -0.7, 0.1)22330893
(-0.8, -0.7, 0.1)22330944
(-0.8, -0.7, 0.1)22330994
(-0.8, -0.7, 0.1)22331046
(-0.8, -0.7, 0.1)22331097
(-0.8, -0.7, 0.1)22331148
(-0.8, -0.7, 0.1)22331200
(-0.8, -0.7, 0.1)22331252
(-0.8, -0.7, 0.1)22331302
(-0.8, -0.7, 0.1)22331352
(-0.8, -0.7, 0.1)22331403
(-0.8, -0.7, 0.1)22331456
(-0.8, -0.7, 0.1)22331506
(-0.8, -0.7, 0.1)22331556
(-0.8, -0.7, 0.1)22331610
(-0.8, -0.7, 0.1)22331660
(-0.8, -0.7, 0.1)22331712
(-0.8, -0.7, 0.1)22331762
(-0.8, -0.7, 0.1)22331815
(-0.8, -0.7, 0.1)22331867
(-0.8, -0.7, 0.1)22331918
(-0.8, -0.7, 0.1)22331972
(-0.8, -0.7, 0.1)22332022
(-0.8, -0.7, 0.1)22332072
(-0.8, -0.7, 0.1)22332122
(-0.8, -0.7, 0.1)22332172
(-0.8, -0.7, 0.1)22332225
(-0.8, -0.7, 0.1)22332276
(-0.8, -0.7, 0.1)22332327
(-0.8, -0.7, 0.1)22332377
(-0.8, -0.7, 0.1)22332428
(-0.8, -0.7, 0.1)22332481
(-0.8, -0.7, 0.1)22332532
(-0.8, -0.7, 0.1)22332584
(-0.8, -0.7, 0.1)22332636
(-0.8, -0.7, 0.1)22332687
(-0.8, -0.7, 0.1)22332737
(-0.8, -0.7, 0.1)22332788
(-0.8, -0.7, 0.1)22332838
(-0.8, -0.7, 0.1)22332888
(-0.8, -0.7, 0.1)22332939
(-0.8, -0.7, 0.1)22332991
(-0.8, -0.7, 0.1)22333041
(-0.8, -0.7, 0.1)22333091
(-0.8, -0.7, 0.1)22333143
(-0.8, -0.7, 0.1)22333194
(-0.8, -0.7, 0.1)22333245
(-0.8, -0.7, 0.1)22333296
(-0.8, -0.7, 0.1)22333348
(-0.8, -0.7, 0.1)22333400
(-0.8, -0.7, 0.1)22333451
(-0.8, -0.7, 0.1)22333503
(-0.8, -0.7, 0.1)22333553
(-0.8, -0.7, 0.1)22333604
(-0.7, -0.7, 0.0)22333655
(-0.3, -0.9, 0.0)22333707
(0.0, -1.0, -0.1)22333757
(-0.5, -0.9, 0.1)22333809
(-0.6, -0.6, 0.6)223338