(-0.9, 0.0, -0.4)22483515
(-0.9, 0.0, -0.4)22483565
(-0.9, 0.0, -0.4)22483618
(-0.9, 0.0, -0.4)22483670
(-0.9, 0.0, -0.4)22483721
(-0.9, 0.0, -0.4)22483771
(-0.9, 0.0, -0.4)22483824
(-0.9, 0.0, -0.4)22483876
(-0.9, 0.0, -0.4)22483927
(-0.9, 0.0, -0.4)22483979
(-0.9, 0.0, -0.4)22484029
(-0.9, 0.0, -0.4)22484081
(-0.9, 0.0, -0.4)22484132
(-0.9, 0.0, -0.4)22484184
(-0.9, 0.0, -0.4)22484235
(-0.9, 0.0, -0.4)22484285
(-0.9, 0.0, -0.4)22484336
(-0.9, 0.0, -0.4)22484387
(-0.9, 0.0, -0.4)22484437
(-0.9, 0.0, -0.4)22484487
(-0.9, 0.0, -0.4)22484539
(-0.9, 0.0, -0.4)22484590
(-0.9, 0.0, -0.4)22484641
(-0.9, 0.0, -0.4)22484692
(-0.9, 0.0, -0.4)22484745
(-0.9, 0.0, -0.4)22484797
(-0.9, 0.0, -0.4)22484850
(-0.9, 0.0, -0.4)22484900
(-0.9, 0.0, -0.4)22484952
(-0.9, 0.0, -0.4)22485004
(-0.9, 0.0, -0.4)22485056
(-0.9, 0.0, -0.4)22485107
(-0.9, 0.0, -0.4)22485159
(-0.9, 0.0, -0.4)22485210
(-0.9, 0.0, -0.4)22485263
(-0.9, 0.0, -0.4)22485313
(-0.9, 0.0, -0.4)22485365
(-0.9, 0.0, -0.4)22485417
(-0.9, 0.0, -0.4)22485468
(-0.9, 0.0, -0.4)22485521
(-0.9, 0.0, -0.4)22485573
(-0.9, 0.0, -0.4)22485626
(-0.9, 0.0, -0.4)22485676
(-0.9, 0.0, -0.4)22485726
(-0.9, 0.0, -0.4)22485778
(-0.9, 0.0, -0.4)22485830
(-0.9, 0.0, -0.4)22485882
(-0.9, 0.0, -0.4)22485932
(-0.9, 0.0, -0.4)22485984
(-0.9, 0.0, -0.4)22490037
(-0.9, 0.0, -0.4)22490089
(-0.9, 0.0, -0.4)22490142
(-0.9, 0.0, -0.4)22490194
(-0.9, 0.0, -0.4)22490245
(-0.9, 0.0, -0.4)22490297
(-0.9, 0.0, -0.4)22490350
(-0.9, 0.0, -0.4)22490401
(-0.9, 0.0, -0.4)22490453
(-0.9, 0.0, -0.4)22490504
(-0.9, 0.0, -0.4)22490556
(-0.9, 0.0, -0.4)22490608
(-0.9, 0.0, -0.4)22490659
(-0.9, 0.0, -0.4)22490710
(-0.9, 0.0, -0.4)22490761
(-0.9, 0.0, -0.4)22490814
(-0.9, 0.0, -0.4)22490866
(-0.9, 0.0, -0.4)22490916
(-0.9, 0.0, -0.4)22490969
(-0.9, 0.0, -0.4)22491020
(-0.9, 0.0, -0.4)22491071
(-0.9, 0.0, -0.4)22491121
(-0.9, 0.0, -0.4)22491173
(-0.9, 0.0, -0.4)22491225
(-0.9, 0.0, -0.4)22491278
(-0.9, 0.0, -0.4)22491330
(-0.9, 0.0, -0.4)22491382
(-0.9, 0.0, -0.4)22491434
(-0.9, 0.0, -0.4)22491485
(-0.9, 0.0, -0.4)22491537
(-0.9, 0.0, -0.4)22491588
(-0.9, 0.0, -0.4)22491640
(-0.9, 0.0, -0.4)22491690
(-0.9, 0.0, -0.4)22491740
(-0.9, 0.0, -0.4)22491792
(-0.9, 0.0, -0.4)22491844
(-0.9, 0.0, -0.4)22491895
(-0.9, 0.0, -0.4)22491946
(-0.9, 0.0, -0.4)22491996
(-0.9, 0.0, -0.4)22492047
(-0.9, 0.0, -0.4)22492098
(-0.9, 0.0, -0.4)22492150
(-0.9, 0.0, -0.4)22492200
(-0.9, 0.0, -0.4)22492252
(-0.9, 0.0, -0.4)22492302
(-0.9, 0.0, -0.4)22492354
(-0.9, 0.0, -0.4)22492404
(-0.9, 0.0, -0.4)22492454
(-0.9, 0.0, -0.4)22492507
(-0.9, 0.0, -0.4)22492557
(-0.9, 0.0, -0.4)22492609
(-0.9, 0.0, -0.4)22492661
(-0.9, 0.0, -0.4)22492712
(-0.9, 0.0, -0.4)22492762
(-0.9, 0.0, -0.4)22492813
(-0.9, 0.0, -0.4)22492864
(-0.9, 0.0, -0.4)22492917
(-0.9, 0.0, -0.4)22492969
(-0.9, 0.0, -0.4)22493019
(-0.9, 0.0, -0.4)22493071
(-0.9, 0.0, -0.4)22493123
(-0.9, 0.0, -0.4)22493174
(-0.9, 0.0, -0.4)22493227
(-0.9, 0.0, -0.4)22493279
(-0.9, 0.0, -0.4)22493331
(-0.9, 0.0, -0.4)22493383
(-0.9, 0.0, -0.4)22493434
(-0.9, 0.0, -0.4)22493486
(-0.9, 0.0, -0.4)22493536
(-0.9, 0.0, -0.4)22493588
(-0.9, 0.0, -0.4)22493638
(-0.9, 0.0, -0.4)22493690
(-0.9, 0.0, -0.4)22493740
(-0.9, 0.0, -0.4)22493791
(-0.9, 0.0, -0.4)22493841
(-0.9, 0.0, -0.4)22493894
(-0.9, 0.0, -0.4)22493946
(-0.9, 0.0, -0.4)22493998
(-0.9, 0.0, -0.4)22494048
(-0.9, 0.0, -0.4)22494100
(-0.9, 0.0, -0.4)22494151
(-0.9, 0.0, -0.4)22494202
(-0.9, 0.0, -0.4)22494255
(-0.9, 0.0, -0.4)22494307
(-0.9, 0.0, -0.4)22494358
(-0.9, 0.0, -0.4)22494410
(-0.9, 0.0, -0.4)22494461
(-0.9, 0.0, -0.4)22494513
(-0.9, 0.0, -0.4)22494565
(-0.9, 0.0, -0.4)22494616
(-0.9, 0.0, -0.4)22494668
(-0.9, 0.0, -0.4)22494719
(-0.9, 0.0, -0.4)22494770
(-0.9, 0.0, -0.4)22494822
(-0.9, 0.0, -0.4)22494874
(-0.9, 0.0, -0.4)22494924
(-0.9, 0.0, -0.4)22494975
(-0.9, 0.0, -0.4)22495026
(-0.9, 0.0, -0.4)22495077
(-0.9, 0.0, -0.4)22495129
(-0.9, 0.0, -0.4)22495180
(-0.9, 0.0, -0.4)22495234
(-0.9, 0.0, -0.4)22495285
(-0.9, 0.0, -0.4)22495337
(-0.9, 0.0, -0.4)22495388
(-0.9, 0.0, -0.4)22495440
(-0.9, 0.0, -0.4)22495491
(-0.9, 0.0, -0.4)22495543
(-0.9, 0.0, -0.4)22495594
(-0.9, 0.0, -0.4)22495645
(-0.9, 0.0, -0.4)22495697
(-0.9, 0.0, -0.4)22495749
(-0.9, 0.0, -0.4)22495801
(-0.9, 0.0, -0.4)22495854
(-0.9, 0.0, -0.4)22495906
(-0.9, 0.0, -0.4)22495957
(-0.9, 0.0, -0.4)22500009
(-0.9, 0.0, -0.4)22500062
(-0.9, 0.0, -0.4)22500112
(-0.9, 0.0, -0.4)22500163
(-0.9, 0.0, -0.4)22500213
(-0.9, 0.0, -0.4)22500266
(-0.9, 0.0, -0.4)22500317
(-0.9, 0.0, -0.4)22500370
(-0.9, 0.0, -0.4)22500424
(-0.9, 0.0, -0.4)22500475
(-0.9, 0.0, -0.4)22500526
(-0.9, 0.0, -0.4)22500577
(-0.9, 0.0, -0.4)22500630
(-0.9, 0.0, -0.4)22500681
(-0.9, 0.0, -0.4)22500732
(-0.9, 0.0, -0.4)22500782
(-0.9, 0.0, -0.4)22500834
(-0.9, 0.0, -0.4)22500885
(-0.9, 0.0, -0.4)22500937
(-0.9, 0.0, -0.4)22500989
(-0.9, 0.0, -0.4)22501040
(-0.9, 0.0, -0.4)22501092
(-0.9, 0.0, -0.4)22501142
(-0.9, 0.0, -0.4)22501193
(-0.9, 0.0, -0.4)22501243
(-0.9, 0.0, -0.4)22501294
(-0.9, 0.0, -0.4)22501346
(-0.9, 0.0, -0.4)22501396
(-0.9, 0.0, -0.4)22501448
(-0.9, 0.0, -0.4)22501502
(-0.9, 0.0, -0.4)22501552
(-0.9, 0.0, -0.4)22501604
(-0.9, 0.0, -0.4)22501654
(-0.9, 0.0, -0.4)22501706
(-0.9, 0.0, -0.4)22501756
(-0.9, 0.0, -0.4)22501808
(-0.9, 0.0, -0.4)22501859
(-0.9, 0.0, -0.4)22501909
(-0.9, 0.0, -0.4)22501962
(-0.9, 0.0, -0.4)22502013
(-0.9, 0.0, -0.4)22502063
(-0.9, 0.0, -0.4)22502114
(-0.9, 0.0, -0.4)22502164
(-0.9, 0.0, -0.4)22502214
(-0.9, 0.0, -0.4)22502264
(-0.9, 0.0, -0.4)22502315
(-0.9, 0.0, -0.4)22502367
(-0.9, 0.0, -0.4)22502417
(-0.9, 0.0, -0.4)22502469
(-0.9, 0.0, -0.4)22502521
(-0.9, 0.0, -0.4)22502572
(-0.9, 0.0, -0.4)22502624
(-0.9, 0.0, -0.4)22502674
(-0.9, 0.0, -0.4)22502726
(-0.9, 0.0, -0.4)22502776
(-0.9, 0.0, -0.4)22502828
(-0.9, 0.0, -0.4)22502880
(-0.9, 0.0, -0.4)22502930
(-0.9, 0.0, -0.4)22502983
(-0.9, 0.0, -0.4)22503035
(-0.9, 0.0, -0.4)22503086
(-0.9, 0.0, -0.4)22503138
(-0.9, 0.0, -0.4)22503189
(-0.9, 0.0, -0.4)22503240
(-0.9, 0.0, -0.4)22503292
(-0.9, 0.0, -0.4)22503342
(-0.9, 0.0, -0.4)22503394
(-0.9, 0.0, -0.4)22503444
(-0.9, 0.0, -0.4)22503496
(-0.9, 0.0, -0.4)22503548
(-0.9, 0.0, -0.4)22503600
(-0.9, 0.0, -0.4)22503650
(-0.9, 0.0, -0.4)22503701
(-0.9, 0.0, -0.4)22503752
(-0.9, 0.0, -0.4)22503805
(-0.9, 0.0, -0.4)22503855
(-0.9, 0.0, -0.4)22503907
(-0.9, 0.0, -0.4)22503959
(-0.9, 0.0, -0.4)22504010
(-0.9, 0.0, -0.4)22504062
(-0.9, 0.0, -0.4)22504114
(-0.9, 0.0, -0.4)22504165
(-0.9, 0.0, -0.4)22504217
(-0.9, 0.0, -0.4)22504267
(-0.9, 0.0, -0.4)22504318
(-0.9, 0.0, -0.4)22504370
(-0.9, 0.0, -0.4)22504421
(-0.9, 0.0, -0.4)22504471
(-0.9, 0.0, -0.4)22504523
(-0.9, 0.0, -0.4)22504573
(-0.9, 0.0, -0.4)22504624
(-0.9, 0.0, -0.4)22504674
(-0.9, 0.0, -0.4)22504724
(-0.9, 0.0, -0.4)22504776
(-0.9, 0.0, -0.4)22504826
(-0.9, 0.0, -0.4)22504879
(-0.9, 0.0, -0.4)22504929
(-0.9, 0.0, -0.4)22504980
(-0.9, 0.0, -0.4)22505032
(-0.9, 0.0, -0.4)22505083
(-0.9, 0.0, -0.4)22505133
(-0.9, 0.0, -0.4)22505184
(-0.9, 0.0, -0.4)22505235
(-0.9, 0.0, -0.4)22505286
(-0.9, 0.0, -0.4)22505337
(-0.9, 0.0, -0.4)22505389
(-0.9, 0.0, -0.4)22505440
(-0.9, 0.0, -0.4)22505491
(-0.9, 0.0, -0.4)22505542
(-0.9, 0.0, -0.4)22505592
(-0.9, 0.0, -0.4)22505643
(-0.9, 0.0, -0.4)22505694
(-0.9, 0.0, -0.4)22505747
(-0.9, 0.0, -0.4)22505799
(-0.9, 0.0, -0.4)22505849
(-0.9, 0.0, -0.4)22505901
(-0.9, 0.0, -0.4)22505952
(-0.9, 0.0, -0.4)22510003
(-0.9, 0.0, -0.4)22510056
(-0.9, 0.0, -0.4)22510108
(-0.9, 0.0, -0.4)22510159
(-0.9, 0.0, -0.4)22510212
(-0.9, 0.0, -0.4)22510262
(-0.9, 0.0, -0.4)22510313
(-0.9, 0.0, -0.4)22510365
(-0.9, 0.0, -0.4)22510416
(-0.9, 0.0, -0.4)22510468
(-0.9, 0.0, -0.4)22510520
(-0.9, 0.0, -0.4)22510573
(-0.9, 0.0, -0.4)22510624
(-0.9, 0.0, -0.4)22510674
(-0.9, 0.0, -0.4)22510727
(-0.9, 0.0, -0.4)22510778
(-0.9, 0.0, -0.4)22510831
(-0.9, 0.0, -0.4)22510884
(-0.9, 0.0, -0.4)22510935
(-0.9, 0.0, -0.4)22510985
(-0.9, 0.0, -0.4)22511036
(-0.9, 0.0, -0.4)22511087
(-0.9, 0.0, -0.4)22511140
(-0.9, 0.0, -0.4)22511191
(-0.9, 0.0, -0.4)22511243
(-0.9, 0.0, -0.4)22511294
(-0.9, 0.0, -0.4)22511346
(-0.9, 0.0, -0.4)22511397
(-0.9, 0.0, -0.4)22511448
(-0.9, 0.0, -0.4)22511500
(-0.9, 0.0, -0.4)22511551
(-0.9, 0.0, -0.4)22511602
(-0.9, 0.0, -0.4)22511653
(-0.9, 0.0, -0.4)22511706
(-0.9, 0.0, -0.4)22511757
(-0.9, 0.0, -0.4)22511808
(-0.9, 0.0, -0.4)22511858
(-0.9, 0.0, -0.4)22511909
(-0.9, 0.0, -0.4)22511960
(-0.9, 0.0, -0.4)22512010
(-0.9, 0.0, -0.4)22512061
(-0.9, 0.0, -0.4)22512112
(-0.9, 0.0, -0.4)22512165
(-0.9, 0.0, -0.4)22512215
(-0.9, 0.0, -0.4)22512268
(-0.9, 0.0, -0.4)22512318
(-0.9, 0.0, -0.4)22512369
(-0.9, 0.0, -0.4)22512419
(-0.9, 0.0, -0.4)22512470
(-0.9, 0.0, -0.4)22512523
(-0.9, 0.0, -0.4)22512575
(-0.9, 0.0, -0.4)22512625
(-0.9, 0.0, -0.4)22512676
(-0.9, 0.0, -0.4)22512728
(-0.9, 0.0, -0.4)22512779
(-0.9, 0.0, -0.4)22512830
(-0.9, 0.0, -0.4)22512880
(-0.9, 0.0, -0.4)22512933
(-0.9, 0.0, -0.4)22512983
(-0.9, 0.0, -0.4)22513035
(-0.9, 0.0, -0.4)22513086
(-0.9, 0.0, -0.4)22513137
(-0.9, 0.0, -0.4)22513189
(-0.9, 0.0, -0.4)22513241
(-0.9, 0.0, -0.4)22513291
(-0.9, -0.4, -0.3)22513342
(-0.8, -0.1, -0.6)22513393
(-0.8, -0.1, -0.6)22513444
(-0.8, -0.1, -0.6)22513495
(-0.8, -0.1, -0.6)22513546
(-0.8, -0.1, -0.6)22513596
(-0.8, -0.1, -0.6)22513648
(-0.8, -0.1, -0.6)22513700
(-0.8, -0.1, -0.6)22513751
(-0.8, -0.1, -0.6)22513801
(-0.8, -0.1, -0.6)22513852
(-0.8, -0.1, -0.6)22513903
(-0.8, -0.1, -0.6)22513954
(-0.8, -0.1, -0.6)22514006
(-0.8, -0.1, -0.6)22514057
(-0.8, -0.1, -0.6)22514108
(-0.8, -0.1, -0.6)22514159
(-0.8, -0.1, -0.6)22514210
(-0.8, -0.1, -0.6)22514260
(-0.8, -0.1, -0.6)22514311
(-0.8, -0.1, -0.6)22514363
(-0.8, -0.1, -0.6)22514413
(-0.8, -0.1, -0.6)22514463
(-0.8, -0.1, -0.6)22514514
(-0.8, -0.1, -0.6)22514565
(-0.8, -0.1, -0.6)22514617
(-0.8, -0.1, -0.6)22514669
(-0.8, -0.1, -0.6)22514720
(-0.8, -0.1, -0.6)22514770
(-0.8, -0.1, -0.6)22514823
(-0.8, -0.1, -0.6)22514875
(-0.8, -0.1, -0.6)22514925
(-0.8, -0.1, -0.6)22514976
(-0.8, -0.1, -0.6)22515027
(-0.8, -0.1, -0.6)22515079
(-0.8, -0.1, -0.6)22515132
(-0.8, -0.1, -0.6)22515183
(-0.8, -0.1, -0.6)22515235
(-0.8, -0.1, -0.6)22515286
(-0.8, -0.1, -0.6)22515336
(-0.8, -0.1, -0.6)22515388
(-0.8, -0.1, -0.6)22515439
(-0.8, -0.1, -0.6)22515492
(-0.8, -0.1, -0.6)22515544
(-0.8, -0.1, -0.6)22515596
(-0.8, -0.1, -0.6)22515647
(-0.8, -0.1, -0.6)22515698
(-0.8, -0.1, -0.6)22515749
(-0.8, -0.1, -0.6)22515800
(-0.8, -0.1, -0.6)22515853
(-0.8, -0.1, -0.6)22515904
(-0.8, -0.1, -0.6)22515955
(-0.8, -0.1, -0.6)22520006
(-0.8, -0.1, -0.6)22520058
(-0.8, -0.1, -0.6)22520110
(-0.8, -0.1, -0.6)22520160
(-0.8, -0.1, -0.6)22520211
(-0.8, -0.1, -0.6)22520263
(-0.8, -0.1, -0.6)22520313
(-0.8, -0.1, -0.6)22520364
(-0.8, -0.1, -0.6)22520415
(-0.8, -0.1, -0.6)22520467
(-0.8, -0.1, -0.6)22520517
(-0.8, -0.1, -0.6)22520570
(-0.8, -0.1, -0.6)22520620
(-0.8, -0.1, -0.6)22520670
(-0.8, -0.1, -0.6)22520721
(-0.8, -0.1, -0.6)22520772
(-0.8, -0.1, -0.6)22520822
(-0.8, -0.1, -0.6)22520874
(-0.8, -0.1, -0.6)22520924
(-0.8, -0.1, -0.6)22520975
(-0.8, -0.1, -0.6)22521027
(-0.8, -0.1, -0.6)22521078
(-0.8, -0.1, -0.6)22521129
(-0.8, -0.1, -0.6)22521183
(-0.8, -0.1, -0.6)22521233
(-0.8, -0.1, -0.6)22521284
(-0.8, -0.1, -0.6)22521336
(-0.8, -0.1, -0.6)22521387
(-0.8, -0.1, -0.6)22521437
(-0.8, -0.1, -0.6)22521488
(-0.8, -0.1, -0.6)22521540
(-0.8, -0.1, -0.6)22521593
(-0.8, -0.1, -0.6)22521643
(-0.8, -0.1, -0.6)22521695
(-0.8, -0.1, -0.6)22521746
(-0.8, -0.1, -0.6)22521797
(-0.8, -0.1, -0.6)22521847
(-0.8, -0.1, -0.6)22521898
(-0.8, -0.1, -0.6)22521950
(-0.8, -0.1, -0.6)22522003
(-0.8, -0.1, -0.6)22522055
(-0.8, -0.1, -0.6)22522106
(-0.8, -0.1, -0.6)22522156
(-0.8, -0.1, -0.6)22522208
(-0.8, -0.1, -0.6)22522259
(-0.8, -0.1, -0.6)22522312
(-0.8, -0.1, -0.6)22522362
(-0.8, -0.1, -0.6)22522415
(-0.8, -0.1, -0.6)22522465
(-0.8, -0.1, -0.6)22522517
(-0.8, -0.1, -0.6)22522569
(-0.8, -0.1, -0.6)22522620
(-0.8, -0.1, -0.6)22522672
(-0.8, -0.1, -0.6)22522723
(-0.8, -0.1, -0.6)22522775
(-0.8, -0.1, -0.6)22522827
(-0.8, -0.1, -0.6)22522878
(-0.8, -0.1, -0.6)22522929
(-0.8, -0.1, -0.6)22522981
(-0.8, -0.1, -0.6)22523031
(-0.8, -0.1, -0.6)22523082
(-0.8, -0.1, -0.6)22523132
(-0.8, -0.1, -0.6)22523183
(-0.8, -0.1, -0.6)22523234
(-0.8, -0.1, -0.6)22523286
(-0.8, -0.1, -0.6)22523337
(-0.8, -0.1, -0.6)22523388
(-0.8, -0.1, -0.6)22523439
(-0.8, -0.1, -0.6)22523489
(-0.8, -0.1, -0.6)22523541
(-0.8, -0.1, -0.6)22523591
(-0.8, -0.1, -0.6)22523642
(-0.8, -0.1, -0.6)22523693
(-0.8, -0.1, -0.6)22523745
(-0.8, -0.1, -0.6)22523795
(-0.8, -0.1, -0.6)22523847
(-0.8, -0.1, -0.6)22523899
(-0.8, -0.1, -0.6)22523950
(-0.8, -0.1, -0.6)22524002
(-0.8, -0.1, -0.6)22524052
(-0.8, -0.1, -0.6)22524104
(-0.8, -0.1, -0.6)22524155
(-0.8, -0.1, -0.6)22524208
(-0.8, -0.1, -0.6)22524258
(-0.8, -0.1, -0.6)22524309
(-0.8, -0.1, -0.6)22524361
(-0.8, -0.1, -0.6)22524412
(-0.8, -0.1, -0.6)22524464
(-0.8, -0.1, -0.6)22524516
(-0.8, -0.1, -0.6)22524568
(-0.8, -0.1, -0.6)22524619
(-0.8, -0.1, -0.6)22524671
(-0.8, -0.1, -0.6)22524722
(-0.8, -0.1, -0.6)22524773
(-0.8, -0.1, -0.6)22524826
(-0.8, -0.1, -0.6)22524876
(-0.8, -0.1, -0.6)22524927
(-0.8, -0.1, -0.6)22524978
(-0.8, -0.1, -0.6)22525031
(-0.8, -0.1, -0.6)22525083
(-0.8, -0.1, -0.6)22525134
(-0.8, -0.1, -0.6)22525185
(-0.8, -0.1, -0.6)22525235
(-0.8, -0.1, -0.6)22525287
(-0.8, -0.1, -0.6)22525338
(-0.8, -0.1, -0.6)22525390
(-0.8, -0.1, -0.6)22525442
(-0.8, -0.1, -0.6)22525493
(-0.8, -0.1, -0.6)22525545
(-0.8, -0.1, -0.6)22525597
(-0.8, -0.1, -0.6)22525648
(-0.8, -0.1, -0.6)22525699
(-0.8, -0.1, -0.6)22525750
(-0.8, -0.1, -0.6)22525803
(-0.8, -0.1, -0.6)22525855
(-0.8, -0.1, -0.6)22525906
(-0.8, -0.1, -0.6)22525959
(-0.8, -0.1, -0.6)22530009
(-0.8, -0.1, -0.6)22530060
(-0.8, -0.1, -0.6)22530110
(-0.8, -0.1, -0.6)22530162
(-0.8, -0.1, -0.6)22530214
(-0.8, -0.1, -0.6)22530266
(-0.8, -0.1, -0.6)22530317
(-0.8, -0.1, -0.6)22530369
(-0.8, -0.1, -0.6)22530419
(-0.8, -0.1, -0.6)22530471
(-0.8, -0.1, -0.6)22530523
(-0.8, -0.1, -0.6)22530576
(-0.8, -0.1, -0.6)22530628
(-0.8, -0.1, -0.6)22530679
(-0.8, -0.1, -0.6)22530731
(-0.8, -0.1, -0.6)22530783
(-0.8, -0.1, -0.6)22530834
(-0.8, -0.1, -0.6)22530885
(-0.8, -0.1, -0.6)22530936
(-0.8, -0.1, -0.6)22530986
(-0.8, -0.1, -0.6)22531037
(-0.8, -0.1, -0.6)22531087
(-0.8, -0.1, -0.6)22531138
(-0.8, -0.1, -0.6)22531190
(-0.8, -0.1, -0.6)22531241
(-0.8, -0.1, -0.6)22531292
(-0.8, -0.1, -0.6)22531344
(-0.8, -0.1, -0.6)22531396
(-0.8, -0.1, -0.6)22531447
(-0.8, -0.1, -0.6)22531498
(-0.8, -0.1, -0.6)22531551
(-0.8, -0.1, -0.6)22531603
(-0.8, -0.1, -0.6)22531653
(-0.8, -0.1, -0.6)22531704
(-0.8, -0.1, -0.6)22531754
(-0.8, -0.1, -0.6)22531806
(-0.8, -0.1, -0.6)22531857
(-0.8, -0.1, -0.6)22531910
(-0.8, -0.1, -0.6)22531962
(-0.8, -0.1, -0.6)22532013
(-0.8, -0.1, -0.6)22532063
(-0.8, -0.1, -0.6)22532114
(-0.8, -0.1, -0.6)22532166
(-0.8, -0.1, -0.6)22532217
(-0.8, -0.1, -0.6)22532269
(-0.8, -0.1, -0.6)22532321
(-0.8, -0.1, -0.6)22532372
(-0.8, -0.1, -0.6)22532424
(-0.8, -0.1, -0.6)22532474
(-0.8, -0.1, -0.6)22532524
(-0.8, -0.1, -0.6)22532576
(-0.8, -0.1, -0.6)22532627
(-0.8, -0.1, -0.6)22532679
(-0.8, -0.1, -0.6)22532731
(-0.8, -0.1, -0.6)22532781
(-0.8, -0.1, -0.6)22532832
(-0.8, -0.1, -0.6)22532882
(-0.8, -0.1, -0.6)22532932
(-0.8, -0.1, -0.6)22532983
(-0.8, -0.1, -0.6)22533036
(-0.8, -0.1, -0.6)22533088
(-0.8, -0.1, -0.6)22533138
(-0.8, -0.1, -0.6)22533190
(-0.8, -0.1, -0.6)22533241
(-0.8, -0.1, -0.6)22533294
(-0.8, -0.1, -0.6)22533345
(-0.8, -0.1, -0.6)22533395
(-0.8, -0.1, -0.6)22533446
(-0.8, -0.1, -0.6)22533498
(-0.8, -0.1, -0.6)22533550
(-0.8, -0.1, -0.6)22533601
(-0.8, -0.1, -0.6)22533653
(-0.8, -0.1, -0.6)22533704
(-0.8, -0.1, -0.6)22533755
(-0.8, -0.1, -0.6)22533805
(-0.8, -0.1, -0.6)22533858
(-0.8, -0.1, -0.6)22533909
(-0.8, -0.1, -0.6)22533961
(-0.8, -0.1, -0.6)22534012
(-0.8, -0.1, -0.6)22534063
(-0.8, -0.1, -0.6)22534113
(-0.8, -0.1, -0.6)22534163
(-0.8, -0.1, -0.6)22534216
(-0.8, -0.1, -0.6)22534267
(-0.8, -0.1, -0.6)22534320
(-0.8, -0.1, -0.6)22534371
(-0.8, -0.1, -0.6)22534423
(-0.8, -0.1, -0.6)22534474
(-0.8, -0.1, -0.6)22534525
(-0.8, -0.1, -0.6)22534576
(-0.8, -0.1, -0.6)22534628
(-0.8, -0.1, -0.6)22534679
(-0.8, -0.1, -0.6)22534731
(-0.8, -0.1, -0.6)22534783
(-0.8, -0.1, -0.6)22534835
(-0.8, -0.1, -0.6)22534885
(-0.8, -0.1, -0.6)22534938
(-0.8, -0.1, -0.6)22534990
(-0.8, -0.1, -0.6)22535040
(-0.8, -0.1, -0.6)22535091
(-0.8, -0.1, -0.6)22535141
(-0.8, -0.1, -0.6)22535192
(-0.8, -0.1, -0.6)22535243
(-0.8, -0.1, -0.6)22535295
(-0.8, -0.1, -0.6)22535347
(-0.8, -0.1, -0.6)22535398
(-0.8, -0.1, -0.6)22535450
(-0.8, -0.1, -0.6)22535500
(-0.8, -0.1, -0.6)22535551
(-0.8, -0.1, -0.6)22535602
(-0.8, -0.1, -0.6)22535654
(-0.8, -0.1, -0.6)22535705
(-0.8, -0.1, -0.6)22535756
(-0.8, -0.1, -0.6)22535809
(-0.8, -0.1, -0.6)22535860
(-0.8, -0.1, -0.6)22535910
(-0.8, -0.1, -0.6)22535962
(-0.8, -0.1, -0.6)22540012
(-0.8, -0.1, -0.6)22540065
(-0.8, -0.1, -0.6)22540117
(-0.8, -0.1, -0.6)22540167
(-0.8, -0.1, -0.6)22540219
(-0.8, -0.1, -0.6)22540271
(-0.8, -0.1, -0.6)22540322
(-0.8, -0.1, -0.6)22540373
(-0.8, -0.1, -0.6)22540423
(-0.8, -0.1, -0.6)22540473
(-0.8, -0.1, -0.6)22540523
(-0.8, -0.1, -0.6)22540575
(-0.8, -0.1, -0.6)22540625
(-0.8, -0.1, -0.6)22540676
(-0.8, -0.1, -0.6)22540727
(-0.8, -0.1, -0.6)22540777
(-0.8, -0.1, -0.6)22540829
(-0.8, -0.1, -0.6)22540880
(-0.8, -0.1, -0.6)22540931
(-0.8, -0.1, -0.6)22540983
(-0.8, -0.1, -0.6)22541035
(-0.8, -0.1, -0.6)22541085
(-0.8, -0.1, -0.6)22541136
(-0.8, -0.1, -0.6)22541187
(-0.8, -0.1, -0.6)22541238
(-0.8, -0.1, -0.6)22541288
(-0.8, -0.1, -0.6)22541341
(-0.8, -0.1, -0.6)22541392
(-0.8, -0.1, -0.6)22541442
(-0.8, -0.1, -0.6)22541494
(-0.8, -0.1, -0.6)22541545
(-0.8, -0.1, -0.6)22541597
(-0.8, -0.1, -0.6)22541649
(-0.8, -0.1, -0.6)22541699
(-0.8, -0.1, -0.6)22541749
(-0.8, -0.1, -0.6)22541800
(-0.8, -0.1, -0.6)22541851
(-0.8, -0.1, -0.6)22541902
(-0.8, -0.1, -0.6)22541955
(-0.8, -0.1, -0.6)22542007
(-0.8, -0.1, -0.6)22542059
(-0.8, -0.1, -0.6)22542111
(-0.8, -0.1, -0.6)22542163
(-0.8, -0.1, -0.6)22542214
(-0.8, -0.1, -0.6)22542265
(-0.8, -0.1, -0.6)22542316
(-0.8, -0.1, -0.6)22542368
(-0.8, -0.1, -0.6)22542420
(-0.8, -0.1, -0.6)22542471
(-0.8, -0.1, -0.6)22542522
(-0.8, -0.1, -0.6)22542575
(-0.8, -0.1, -0.6)22542626
(-0.8, -0.1, -0.6)22542678
(-0.8, -0.1, -0.6)22542729
(-0.8, -0.1, -0.6)22542780
(-0.8, -0.1, -0.6)22542832
(-0.8, -0.1, -0.6)22542883
(-0.8, -0.1, -0.6)22542935
(-0.8, -0.1, -0.6)22542987
(-0.8, -0.1, -0.6)22543037
(-0.8, -0.1, -0.6)22543088
(-0.8, -0.1, -0.6)22543139
(-0.8, -0.1, -0.6)22543191
(-0.8, -0.1, -0.6)22543244
(-0.8, -0.1, -0.6)22543294
(-0.8, -0.1, -0.6)22543345
(-0.8, -0.1, -0.6)22543395
(-0.8, -0.1, -0.6)22543447
(-0.8, -0.1, -0.6)22543499
(-0.8, -0.1, -0.6)22543549
(-0.8, -0.1, -0.6)22543602
(-0.8, -0.1, -0.6)22543652
(-0.8, -0.1, -0.6)22543703
(-0.8, -0.1, -0.6)22543753
(-0.8, -0.1, -0.6)22543804
(-0.8, -0.1, -0.6)22543855
(-0.8, -0.1, -0.6)22543906
(-0.8, -0.1, -0.6)22543957
(-0.8, -0.1, -0.6)22544009
(-0.8, -0.1, -0.6)22544060
(-0.8, -0.1, -0.6)22544113
(-0.8, -0.1, -0.6)22544164
(-0.8, -0.1, -0.6)22544215
(-0.8, -0.1, -0.6)22544266
(-0.8, -0.1, -0.6)22544318
(-0.8, -0.1, -0.6)22544369
(-0.8, -0.1, -0.6)22544421
(-0.8, -0.1, -0.6)22544473
(-0.8, -0.1, -0.6)22544524
(-0.8, -0.1, -0.6)22544576
(-0.8, -0.1, -0.6)22544629
(-0.8, -0.1, -0.6)22544682
(-0.8, -0.1, -0.6)22544734
(-0.8, -0.1, -0.6)22544785
(-0.8, -0.1, -0.6)22544837
(-0.8, -0.1, -0.6)22544889
(-0.8, -0.1, -0.6)22544940
(-0.8, -0.1, -0.6)22544992
(-0.8, -0.1, -0.6)22545042
(-0.8, -0.1, -0.6)22545092
(-0.8, -0.1, -0.6)22545145
(-0.8, -0.1, -0.6)22545197
(-0.8, -0.1, -0.6)22545249
(-0.8, -0.1, -0.6)22545301
(-0.8, -0.1, -0.6)22545353
(-0.8, -0.1, -0.6)22545403
(-0.8, -0.1, -0.6)22545453
(-0.8, -0.1, -0.6)22545504
(-0.8, -0.1, -0.6)22545554
(-0.8, -0.1, -0.6)22545605
(-0.8, -0.1, -0.6)22545657
(-0.8, -0.1, -0.6)22545708
(-0.8, -0.1, -0.6)22545761
(-0.8, -0.1, -0.6)22545811
(-0.8, -0.1, -0.6)22545861
(-0.8, -0.1, -0.6)22545914
(-0.8, -0.1, -0.6)22545966
(-0.8, -0.1, -0.6)22550016
(-0.8, -0.1, -0.6)22550068
(-0.8, -0.1, -0.6)22550119
(-0.8, -0.1, -0.6)22550170
(-0.8, -0.1, -0.6)22550221
(-0.8, -0.1, -0.6)22550273
(-0.8, -0.1, -0.6)22550324
(-0.8, -0.1, -0.6)22550377
(-0.8, -0.1, -0.6)22550428
(-0.8, -0.1, -0.6)22550482
(-0.8, -0.1, -0.6)22550533
(-0.8, -0.1, -0.6)22550585
(-0.8, -0.1, -0.6)22550638
(-0.8, -0.1, -0.6)22550688
(-0.8, -0.1, -0.6)22550740
(-0.8, -0.1, -0.6)22550792
(-0.8, -0.1, -0.6)22550845
(-0.8, -0.1, -0.6)22550897
(-0.8, -0.1, -0.6)22550949
(-0.8, -0.1, -0.6)22551001
(-0.8, -0.1, -0.6)22551052
(-0.8, -0.1, -0.6)22551103
(-0.8, -0.1, -0.6)22551155
(-0.8, -0.1, -0.6)22551206
(-0.8, -0.1, -0.6)22551259
(-0.8, -0.1, -0.6)22551311
(-0.8, -0.1, -0.6)22551362
(-0.8, -0.1, -0.6)22551413
(-0.8, -0.1, -0.6)22551466
(-0.8, -0.1, -0.6)22551516
(-0.8, -0.1, -0.6)22551566
(-0.8, -0.1, -0.6)22551619
(-0.8, -0.1, -0.6)22551671
(-0.8, -0.1, -0.6)22551721
(-0.8, -0.1, -0.6)22551772
(-0.8, -0.1, -0.6)22551824
(-0.8, -0.1, -0.6)22551876
(-0.8, -0.1, -0.6)22551928
(-0.8, -0.1, -0.6)22551980
(-0.8, -0.1, -0.6)22552032
(-0.8, -0.1, -0.6)22552084
(-0.8, -0.1, -0.6)22552135
(-0.8, -0.1, -0.6)22552185
(-0.8, -0.1, -0.6)22552236
(-0.8, -0.1, -0.6)22552287
(-0.8, -0.1, -0.6)22552338
(-0.8, -0.1, -0.6)22552390
(-0.8, -0.1, -0.6)22552440
(-0.8, -0.1, -0.6)22552491
(-0.8, -0.1, -0.6)22552544
(-0.8, -0.1, -0.6)22552594
(-0.8, -0.1, -0.6)22552646
(-0.8, -0.1, -0.6)22552697
(-0.8, -0.1, -0.6)22552748
(-0.8, -0.1, -0.6)22552801
(-0.8, -0.1, -0.6)22552851
(-0.8, -0.1, -0.6)22552902
(-0.8, -0.1, -0.6)22552953
(-0.8, -0.1, -0.6)22553005
(-0.8, -0.1, -0.6)22553056
(-0.8, -0.1, -0.6)22553106
(-0.8, -0.1, -0.6)22553156
(-0.8, -0.1, -0.6)22553208
(-0.8, -0.1, -0.6)22553260
(-0.8, -0.1, -0.6)22553310
(-0.8, -0.1, -0.6)22553363
(-0.8, -0.1, -0.6)22553415
(-0.8, -0.1, -0.6)22553466
(-0.8, -0.1, -0.6)22553517
(-0.8, -0.1, -0.6)22553567
(-0.8, -0.1, -0.6)22553620
(-0.8, -0.1, -0.6)22553672
(-0.8, -0.1, -0.6)22553723
(-0.8, -0.1, -0.6)22553775
(-0.8, -0.1, -0.6)22553827
(-0.8, -0.1, -0.6)22553879
(-0.8, -0.1, -0.6)22553930
(-0.8, -0.1, -0.6)22553982
(-0.8, -0.1, -0.6)22554032
(-0.8, -0.1, -0.6)22554083
(-0.8, -0.1, -0.6)22554134
(-0.8, -0.1, -0.6)22554187
(-0.8, -0.1, -0.6)22554239
(-0.8, -0.1, -0.6)22554290
(-0.8, -0.1, -0.6)22554341
(-0.8, -0.1, -0.6)22554393
(-0.8, -0.1, -0.6)22554445
(-0.8, -0.1, -0.6)22554497
(-0.8, -0.1, -0.6)22554549
(-0.8, -0.1, -0.6)22554601
(-0.8, -0.1, -0.6)22554651
(-0.8, -0.1, -0.6)22554702
(-0.8, -0.1, -0.6)22554752
(-0.8, -0.1, -0.6)22554803
(-0.8, -0.1, -0.6)22554854
(-0.8, -0.1, -0.6)22554906
(-0.8, -0.1, -0.6)22554958
(-0.8, -0.1, -0.6)22555009
(-0.8, -0.1, -0.6)22555061
(-0.8, -0.1, -0.6)22555115
(-0.8, -0.1, -0.6)22555167
(-0.8, -0.1, -0.6)22555219
(-0.8, -0.1, -0.6)22555271
(-0.8, -0.1, -0.6)22555323
(-0.8, -0.1, -0.6)22555375
(-0.8, -0.1, -0.6)22555427
(-0.8, -0.1, -0.6)22555478
(-0.8, -0.1, -0.6)22555532
(-0.8, -0.1, -0.6)22555582
(-0.8, -0.1, -0.6)22555633
(-0.8, -0.1, -0.6)22555684
(-0.8, -0.1, -0.6)22555736
(-0.8, -0.1, -0.6)22555786
(-0.8, -0.1, -0.6)22555838
(-0.8, -0.1, -0.6)22555888
(-0.8, -0.1, -0.6)22555940
(-0.8, -0.1, -0.6)22555990
(-0.8, -0.1, -0.6)22560042
(-0.8, -0.1, -0.6)22560094
(-0.8, -0.1, -0.6)22560145
(-0.8, -0.1, -0.6)22560196
(-0.8, -0.1, -0.6)22560247
(-0.8, -0.1, -0.6)22560300
(-0.8, -0.1, -0.6)22560352
(-0.8, -0.1, -0.6)22560404
(-0.8, -0.1, -0.6)22560457
(-0.8, -0.1, -0.6)22560509
(-0.8, -0.1, -0.6)22560561
(-0.8, -0.1, -0.6)22560612
(-0.8, -0.1, -0.6)22560664
(-0.8, -0.1, -0.6)22560716
(-0.8, -0.1, -0.6)22560766
(-0.8, -0.1, -0.6)22560818
(-0.8, -0.1, -0.6)22560868
(-0.8, -0.1, -0.6)22560920
(-0.8, -0.1, -0.6)22560970
(-0.8, -0.1, -0.6)22561020
(-0.8, -0.1, -0.6)22561072
(-0.8, -0.1, -0.6)22561124
(-0.8, -0.1, -0.6)22561175
(-0.8, -0.1, -0.6)22561227
(-0.8, -0.1, -0.6)22561278
(-0.8, -0.1, -0.6)22561330
(-0.8, -0.1, -0.6)22561381
(-0.8, -0.1, -0.6)22561432
(-0.8, -0.1, -0.6)22561483
(-0.8, -0.1, -0.6)22561535
(-0.8, -0.1, -0.6)22561587
(-0.8, -0.1, -0.6)22561637
(-0.8, -0.1, -0.6)22561690
(-0.8, -0.1, -0.6)22561742
(-0.8, -0.1, -0.6)22561794
(-0.8, -0.1, -0.6)22561845
(-0.8, -0.1, -0.6)22561897
(-0.8, -0.1, -0.6)22561950
(-0.8, -0.1, -0.6)22562000
(-0.8, -0.1, -0.6)22562051
(-0.8, -0.1, -0.6)22562104
(-0.8, -0.1, -0.6)22562156
(-0.8, -0.1, -0.6)22562208
(-0.8, -0.1, -0.6)22562259
(-0.8, -0.1, -0.6)22562310
(-0.8, -0.1, -0.6)22562361
(-0.8, -0.1, -0.6)22562413
(-0.8, -0.1, -0.6)22562466
(-0.8, -0.1, -0.6)22562519
(-0.8, -0.1, -0.6)22562569
(-0.8, -0.1, -0.6)22562620
(-0.8, -0.1, -0.6)22562672
(-0.8, -0.1, -0.6)22562724
(-0.8, -0.1, -0.6)22562775
(-0.8, -0.1, -0.6)22562825
(-0.8, -0.1, -0.6)22562876
(-0.8, -0.1, -0.6)22562927
(-0.8, -0.1, -0.6)22562978
(-0.8, -0.1, -0.6)22563029
(-0.8, -0.1, -0.6)22563081
(-0.8, -0.1, -0.6)22563132
(-0.8, -0.1, -0.6)22563182
(-0.8, -0.1, -0.6)22563235
(-0.8, -0.1, -0.6)22563286
(-0.8, -0.1, -0.6)22563338
(-0.8, -0.1, -0.6)22563388
(-0.8, -0.1, -0.6)22563440
(-0.8, -0.1, -0.6)22563492
(-0.8, -0.1, -0.6)22563545
(-0.8, -0.1, -0.6)22563596
(-0.8, -0.1, -0.6)22563648
(-0.8, -0.1, -0.6)22563699
(-0.8, -0.1, -0.6)22563750
(-0.8, -0.1, -0.6)22563801
(-0.8, -0.1, -0.6)22563853
(-0.8, -0.1, -0.6)22563905
(-0.8, -0.1, -0.6)22563958
(-0.8, -0.1, -0.6)22564008
(-0.8, -0.1, -0.6)22564059
(-0.8, -0.1, -0.6)22564111
(-0.8, -0.1, -0.6)22564162
(-0.8, -0.1, -0.6)22564212
(-0.8, -0.1, -0.6)22564265
(-0.8, -0.1, -0.6)22564316
(-0.8, -0.1, -0.6)22564366
(-0.8, -0.1, -0.6)22564416
(-0.8, -0.1, -0.6)22564467
(-0.8, -0.1, -0.6)22564519
(-0.8, -0.1, -0.6)22564572
(-0.8, -0.1, -0.6)22564624
(-0.8, -0.1, -0.6)22564675
(-0.8, -0.1, -0.6)22564728
(-0.8, -0.1, -0.6)22564778
(-0.8, -0.1, -0.6)22564828
(-0.8, -0.1, -0.6)22564880
(-0.8, -0.1, -0.6)22564931
(-0.8, -0.1, -0.6)22564982
(-0.8, -0.1, -0.6)22565033
(-0.8, -0.1, -0.6)22565085
(-0.8, -0.1, -0.6)22565136
(-0.8, -0.1, -0.6)22565187
(-0.8, -0.1, -0.6)22565238
(-0.8, -0.1, -0.6)22565289
(-0.8, -0.1, -0.6)22565340
(-0.8, -0.1, -0.6)22565390
(-0.8, -0.1, -0.6)22565440
(-0.8, -0.1, -0.6)22565491
(-0.8, -0.1, -0.6)22565542
(-0.8, -0.1, -0.6)22565592
(-0.8, -0.1, -0.6)22565644
(-0.8, -0.1, -0.6)22565695
(-0.8, -0.1, -0.6)22565748
(-0.8, -0.1, -0.6)22565798
(-0.8, -0.1, -0.6)22565850
(-0.8, -0.1, -0.6)22565901
(-0.8, -0.1, -0.6)22565952
(-0.8, -0.1, -0.6)22570002
(-0.8, -0.1, -0.6)22570054
(-0.8, -0.1, -0.6)22570104
(-0.8, -0.1, -0.6)22570157
(-0.8, -0.1, -0.6)22570208
(-0.8, -0.1, -0.6)22570261
(-0.8, -0.1, -0.6)22570312
(-0.8, -0.1, -0.6)22570363
(-0.8, -0.1, -0.6)22570414
(-0.8, -0.1, -0.6)22570466
(-0.8, -0.1, -0.6)22570519
(-0.8, -0.1, -0.6)22570570
(-0.8, -0.1, -0.6)22570622
(-0.8, -0.1, -0.6)22570672
(-0.8, -0.1, -0.6)22570724
(-0.8, -0.1, -0.6)22570774
(-0.8, -0.1, -0.6)22570825
(-0.8, -0.1, -0.6)22570875
(-0.8, -0.1, -0.6)22570927
(-0.8, -0.1, -0.6)22570977
(-0.8, -0.1, -0.6)22571030
(-0.8, -0.1, -0.6)22571082
(-0.8, -0.1, -0.6)22571132
(-0.8, -0.1, -0.6)22571184
(-0.8, -0.1, -0.6)22571235
(-0.8, -0.1, -0.6)22571288
(-0.8, -0.1, -0.6)22571338
(-0.8, -0.1, -0.6)22571390
(-0.8, -0.1, -0.6)22571442
(-0.8, -0.1, -0.6)22571494
(-0.8, -0.1, -0.6)22571545
(-0.8, -0.1, -0.6)22571596
(-0.8, -0.1, -0.6)22571649
(-0.8, -0.1, -0.6)22571699
(-0.8, -0.1, -0.6)22571751
(-0.8, -0.1, -0.6)22571803
(-0.8, -0.1, -0.6)22571854
(-0.8, -0.1, -0.6)22571904
(-0.8, -0.1, -0.6)22571955
(-0.8, -0.1, -0.6)22572007
(-0.8, -0.1, -0.6)22572061
(-0.8, -0.1, -0.6)22572113
(-0.8, -0.1, -0.6)22572164
(-0.8, -0.1, -0.6)22572214
(-0.8, -0.1, -0.6)22572265
(-0.8, -0.1, -0.6)22572316
(-0.8, -0.1, -0.6)22572366
(-0.8, -0.1, -0.6)22572417
(-0.8, -0.1, -0.6)22572468
(-0.8, -0.1, -0.6)22572520
(-0.8, -0.1, -0.6)22572571
(-0.8, -0.1, -0.6)22572622
(-0.8, -0.1, -0.6)22572672
(-0.8, -0.1, -0.6)22572725
(-0.8, -0.1, -0.6)22572775
(-0.8, -0.1, -0.6)22572827
(-0.8, -0.1, -0.6)22572880
(-0.8, -0.1, -0.6)22572932
(-0.8, -0.1, -0.6)22572982
(-0.8, -0.1, -0.6)22573034
(-0.8, -0.1, -0.6)22573086
(-0.8, -0.1, -0.6)22573138
(-0.8, -0.1, -0.6)22573191
(-0.8, -0.1, -0.6)22573243
(-0.8, -0.1, -0.6)22573294
(-0.8, -0.1, -0.6)22573345
(-0.8, -0.1, -0.6)22573397
(-0.8, -0.1, -0.6)22573447
(-0.8, -0.1, -0.6)22573499
(-0.8, -0.1, -0.6)22573550
(-0.8, -0.1, -0.6)22573601
(-0.8, -0.1, -0.6)22573653
(-0.8, -0.1, -0.6)22573706
(-0.8, -0.1, -0.6)22573756
(-0.8, -0.1, -0.6)22573808
(-0.8, -0.1, -0.6)22573860
(-0.8, -0.1, -0.6)22573910
(-0.8, -0.1, -0.6)22573960
(-0.8, -0.1, -0.6)22574012
(-0.8, -0.1, -0.6)22574063
(-0.8, -0.1, -0.6)22574114
(-0.8, -0.1, -0.6)22574166
(-0.8, -0.1, -0.6)22574217
(-0.8, -0.1, -0.6)22574268
(-0.8, -0.1, -0.6)22574320
(-0.8, -0.1, -0.6)22574370
(-0.8, -0.1, -0.6)22574421
(-0.8, -0.1, -0.6)22574472
(-0.8, -0.1, -0.6)22574523
(-0.8, -0.1, -0.6)22574575
(-0.8, -0.1, -0.6)22574626
(-0.8, -0.1, -0.6)22574676
(-0.8, -0.1, -0.6)22574726
(-0.8, -0.1, -0.6)22574778
(-0.8, -0.1, -0.6)22574829
(-0.8, -0.1, -0.6)22574881
(-0.8, -0.1, -0.6)22574932
(-0.8, -0.1, -0.6)22574982
(-0.8, -0.1, -0.6)22575033
(-0.8, -0.1, -0.6)22575085
(-0.8, -0.1, -0.6)22575135
(-0.8, -0.1, -0.6)22575186
(-0.8, -0.1, -0.6)22575238
(-0.8, -0.1, -0.6)22575292
(-0.8, -0.1, -0.6)22575344
(-0.8, -0.1, -0.6)22575395
(-0.8, -0.1, -0.6)22575447
(-0.8, -0.1, -0.6)22575498
(-0.8, -0.1, -0.6)22575548
(-0.8, -0.1, -0.6)22575598
(-0.8, -0.1, -0.6)22575650
(-0.8, -0.1, -0.6)22575702
(-0.8, -0.1, -0.6)22575754
(-0.8, -0.1, -0.6)22575806
(-0.8, -0.1, -0.6)22575856
(-0.8, -0.1, -0.6)22575908
(-0.8, -0.1, -0.6)22575958
(-0.8, -0.1, -0.6)22580008
(-0.8, -0.1, -0.6)22580060
(-0.8, -0.1, -0.6)22580111
(-0.8, -0.1, -0.6)22580161
(-0.8, -0.1, -0.6)22580212
(-0.8, -0.1, -0.6)22580263
(-0.8, -0.1, -0.6)22580314
(-0.8, -0.1, -0.6)22580367
(-0.8, -0.1, -0.6)22580417
(-0.8, -0.1, -0.6)22580467
(-0.8, -0.1, -0.6)22580518
(-0.8, -0.1, -0.6)22580568
(-0.8, -0.1, -0.6)22580619
(-0.8, -0.1, -0.6)22580671
(-0.8, -0.1, -0.6)22580721
(-0.8, -0.1, -0.6)22580771
(-0.8, -0.1, -0.6)22580824
(-0.8, -0.1, -0.6)22580874
(-0.8, -0.1, -0.6)22580926
(-0.8, -0.1, -0.6)22580979
(-0.8, -0.1, -0.6)22581031
(-0.8, -0.1, -0.6)22581082
(-0.8, -0.1, -0.6)22581133
(-0.8, -0.1, -0.6)22581184
(-0.8, -0.1, -0.6)22581235
(-0.8, -0.1, -0.6)22581285
(-0.8, -0.1, -0.6)22581338
(-0.8, -0.1, -0.6)22581390
(-0.8, -0.1, -0.6)22581440
(-0.8, -0.1, -0.6)22581490
(-0.8, -0.1, -0.6)22581543
(-0.8, -0.1, -0.6)22581595
(-0.8, -0.1, -0.6)22581646
(-0.8, -0.1, -0.6)22581697
(-0.8, -0.1, -0.6)22581749
(-0.8, -0.1, -0.6)22581800
(-0.8, -0.1, -0.6)22581850
(-0.8, -0.1, -0.6)22581901
(-0.8, -0.1, -0.6)22581953
(-0.8, -0.1, -0.6)22582005
(-0.8, -0.1, -0.6)22582057
(-0.8, -0.1, -0.6)22582107
(-0.8, -0.1, -0.6)22582157
(-0.8, -0.1, -0.6)22582209
(-0.8, -0.1, -0.6)22582262
(-0.8, -0.1, -0.6)22582312
(-0.8, -0.1, -0.6)22582365
(-0.8, -0.1, -0.6)22582415
(-0.8, -0.1, -0.6)22582467
(-0.8, -0.1, -0.6)22582519
(-0.8, -0.1, -0.6)22582570
(-0.8, -0.1, -0.6)22582622
(-0.8, -0.1, -0.6)22582674
(-0.8, -0.1, -0.6)22582725
(-0.8, -0.1, -0.6)22582775
(-0.8, -0.1, -0.6)22582826
(-0.8, -0.1, -0.6)22582878
(-0.8, -0.1, -0.6)22582929
(-0.8, -0.1, -0.6)22582980
(-0.8, -0.1, -0.6)22583030
(-0.8, -0.1, -0.6)22583080
(-0.8, -0.1, -0.6)22583130
(-0.8, -0.1, -0.6)22583183
(-0.8, -0.1, -0.6)22583236
(-0.8, -0.1, -0.6)22583288
(-0.8, -0.1, -0.6)22583340
(-0.8, -0.1, -0.6)22583392
(-0.8, -0.1, -0.6)22583443
(-0.8, -0.1, -0.6)22583495
(-0.8, -0.1, -0.6)22583547
(-0.8, -0.1, -0.6)22583599
(-0.8, -0.1, -0.6)22583651
(-0.8, -0.1, -0.6)22583702
(-0.8, -0.1, -0.6)22583753
(-0.8, -0.1, -0.6)22583805
(-0.8, -0.1, -0.6)22583857
(-0.8, -0.1, -0.6)22583910
(-0.8, -0.1, -0.6)22583963
(-0.8, -0.1, -0.6)22584014
(-0.8, -0.1, -0.6)22584066
(-0.8, -0.1, -0.6)22584118
(-0.8, -0.1, -0.6)22584170
(-0.8, -0.1, -0.6)22584223
(-0.8, -0.1, -0.6)22584274
(-0.8, -0.1, -0.6)22584324
(-0.8, -0.1, -0.6)22584375
(-0.8, -0.1, -0.6)22584426
(-0.8, -0.1, -0.6)22584478
(-0.8, -0.1, -0.6)22584531
(-0.8, -0.1, -0.6)22584582
(-0.8, -0.1, -0.6)22584635
(-0.8, -0.1, -0.6)22584685
(-0.8, -0.1, -0.6)22584737
(-0.8, -0.1, -0.6)22584789
(-0.8, -0.1, -0.6)22584839
(-0.8, -0.1, -0.6)22584890
(-0.8, -0.1, -0.6)22584941
(-0.8, -0.1, -0.6)22584993
(-0.8, -0.1, -0.6)22585043
(-0.8, -0.1, -0.6)22585093
(-0.8, -0.1, -0.6)22585146
(-0.8, -0.1, -0.6)22585198
(-0.8, -0.1, -0.6)22585250
(-0.8, -0.1, -0.6)22585301
(-0.8, -0.1, -0.6)22585354
(-0.8, -0.1, -0.6)22585404
(-0.8, -0.1, -0.6)22585456
(-0.8, -0.1, -0.6)22585508
(-0.8, -0.1, -0.6)22585559
(-0.8, -0.1, -0.6)22585610
(-0.8, -0.1, -0.6)22585662
(-0.8, -0.1, -0.6)22585713
(-0.8, -0.1, -0.6)22585764
(-0.8, -0.1, -0.6)22585815
(-0.8, -0.1, -0.6)22585866
(-0.8, -0.1, -0.6)22585917
(-0.8, -0.1, -0.6)22585968
(-0.8, -0.1, -0.6)22590019
(-0.8, -0.1, -0.6)22590069
(-0.8, -0.1, -0.6)22590121
(-0.8, -0.1, -0.6)22590171
(-0.8, -0.1, -0.6)22590222
(-0.8, -0.1, -0.6)22590273
(-0.8, -0.1, -0.6)22590324
(-0.8, -0.1, -0.6)22590375
(-0.8, -0.1, -0.6)22590427
(-0.8, -0.1, -0.6)22590479
(-0.8, -0.1, -0.6)22590530
(-0.8, -0.1, -0.6)22590581
(-0.8, -0.1, -0.6)22590634
(-0.8, -0.1, -0.6)22590684
(-0.8, -0.1, -0.6)22590735
(-0.8, -0.1, -0.6)22590789
(-0.8, -0.1, -0.6)22590840
(-0.8, -0.1, -0.6)22590890
(-0.8, -0.1, -0.6)22590941
(-0.8, -0.1, -0.6)22590993
(-0.8, -0.1, -0.6)22591044
(-0.8, -0.1, -0.6)22591094
(-0.8, -0.1, -0.6)22591145
(-0.8, -0.1, -0.6)22591198
(-0.8, -0.1, -0.6)22591248
(-0.8, -0.1, -0.6)22591302
(-0.8, -0.1, -0.6)22591353
(-0.8, -0.1, -0.6)22591405
(-0.8, -0.1, -0.6)22591455
(-0.8, -0.1, -0.6)22591507
(-0.8, -0.1, -0.6)22591558
(-0.8, -0.1, -0.6)22591608
(-0.8, -0.1, -0.6)22591661
(-0.8, -0.1, -0.6)22591713
(-0.8, -0.1, -0.6)22591765
(-0.8, -0.1, -0.6)22591816
(-0.8, -0.1, -0.6)22591869
(-0.8, -0.1, -0.6)22591921
(-0.8, -0.1, -0.6)22591